,Unnamed: 0,PGC,GWGC,HyperLEDA,2MASS,SDSS-DR12,flag,RA,dec,Luminosity Distance,Distance Error,Redshift,Absolute B Magnitude,Luminosity_Rank,B Luminosity,Sector
4625,5101,,,NGC0073,00183897-1519200,,G,4.6624050000000015,-15.322247,113.54736918,,0.024611,-21.2009,0.0030141632907631,23788113391.69398,1888.0
4703,5179,781.0,NGC0017,NGC0017,00110661-1206283,,G,2.77755,-12.10787,88.506035456,,0.0191509595755,-20.6149,0.0030684083463756485,13866281098.216942,1888.0
10039,10518,1125.0,NGC0062,NGC0062,00170541-1329138,,G,4.272583,-13.487167,96.48673639190001,,0.016546,-21.2243,0.006530063086555296,24306364145.864426,1888.0
13649,14132,483.0,NGC7828,NGC7828,00062708-1324580,,G,1.612842,-13.416131,86.65451278340002,,0.022181,-20.751,0.008848472055354294,15718098282.039206,1888.0
20800,21285,,,123,00013605-1444548,,G,0.400248,-14.748577,165.55671674200002,,0.033780000000000004,-21.1947,0.013342908912226259,23652660600.220703,1888.0
20825,21310,778.0,IC0002,IC0002,00110081-1249206,,G,2.753384,-12.822394,101.344194165,,0.025901,-19.93,0.013358075653664744,7379042301.291045,1888.0
21575,22060,293.0,PGC000293,PGC000293,00041205-1431250,,G,1.050243,-14.523624,107.130330926,,0.033503,-20.2616,0.013809216919241377,10014747408.218302,1888.0
23962,24450,,,IC0009,00194400-1407184,,G,4.933361,-14.121778,187.097078631,,0.035092,-21.5323,0.015281047939202545,32278994658.891563,1888.0
24022,24510,488.0,NGC7829,NGC7829,00062900-1325140,,G,1.62084,-13.420572,86.4866524259,,0.030861000000000006,-19.6787,0.01531905922176401,5854367753.399478,1888.0
24407,24895,424.0,PGC000424,PGC000424,00055690-1359448,,G,1.487088,-13.995805,86.9549186214,,0.035699,-19.4475,0.015543728915592728,4731512589.614813,1888.0
35103,35593,885.0,PGC000885,PGC000885,00131261-1233251,,G,3.302572,-12.556996,93.11120743059999,,0.03215,-20.009,0.02189195691253644,7935969681.957719,1888.0
39284,39777,425.0,PGC000425,PGC000425,00055614-1358459,,G,1.483933,-13.979417000000002,86.6854354834,,0.0191068595534,-19.6697,0.0242886493417509,5806039685.5033865,1888.0
39297,39790,950.0,PGC000950,PGC000950,00142518-1346265,,G,3.604917,-13.774029,101.774875702,,0.0227547713774,-19.3482,0.02429186608425073,4317973771.617758,1888.0
45584,46077,918018.0,PGC918018,PGC918018,00112435-1456025,,G,2.851489,-14.934051,177.336998192,,0.040028,-19.995,0.0260384690624011,7834296427.66212,1888.0
45640,46133,936687.0,PGC936687,PGC936687,00132386-1331591,,G,3.3494580000000003,-13.533102,125.25907863,,0.028409,-19.446,0.026055722232316725,4724980276.801953,1888.0
47630,48123,3080190.0,PGC3080190,PGC3080190,00143101-1351225,,G,3.629222,-13.856254000000002,229.14647379299998,,0.05138,-20.7086,0.026475053612917188,15116108481.778934,1888.0
78531,79024,,,646,00084150-1301244,,G,2.172957,-13.023446,149.053919489,,0.034072000000000005,-20.6597,0.03720897884965208,14450404361.503124,1888.0
78561,79054,,,871,00130193-1315261,,G,3.258073,-13.257272,190.820279297,,0.04283,-21.0801,0.037224600932217064,21283350638.592613,1888.0
78594,79087,,,1210,00184052-1349020,,G,4.668838,-13.817245000000002,201.951743583,,0.045196,-21.1902,0.037243836337489185,23554831399.643547,1888.0
78599,79092,,,1240,00191378-1423482,,G,4.807451,-14.396729,179.959826358,,0.040392,-21.2739,0.037247084561185466,25442512701.529232,1888.0
85649,86142,,,90462,00112015-1358185,,G,2.833996,-13.971832999999998,267.797397169,,0.058726,-20.603,0.040856236550308116,13715132259.364908,1888.0
115635,116128,,,903302,00131451-1602081,,G,3.3104910000000003,-16.035608,274.471610876,,0.060413,-20.7895,0.056096630510807134,16285458868.290703,1888.0
115983,116476,,,913731,00184850-1514500,,G,4.702115,-15.247232,145.62333379700002,,0.033644,-20.4992,0.05627035724182226,12464647466.317614,1888.0
116129,116622,,,918389,00185343-1454180,,G,4.722649,-14.905,224.79688723299998,,0.050579,-20.768,0.056343237363981426,15966142459.934238,1888.0
116154,116647,,,919253,00132422-1450251,,G,3.350921,-14.840323,196.145372483,,0.044049,-20.8989,0.056357119287174434,18011919611.187492,1888.0
116163,116656,,,919407,00184501-1449440,,G,4.687549,-14.828905,253.956932326,,0.055733000000000005,-20.6428,0.05636163662462094,14227218453.908375,1888.0
116196,116689,,,920374,00072905-1445179,,G,1.871081,-14.754995,233.464758049,,0.0523372761686,-19.7311,0.05637885818878365,6143841455.356766,1888.0
116294,116787,,,923465,00002885-1431383,,G,0.120217,-14.527311,270.011319121,,0.059542,-21.0929,0.056428730154812035,21535749949.40274,1888.0
116524,117017,,,930265,00105707-1400186,,G,2.737811,-14.00517,201.924222236,,0.045348,-20.6429,0.056551378409790486,14228528889.500256,1888.0
116714,117207,,,936775,00052708-1331368,,G,1.362864,-13.526896,177.35520476599999,,0.040098,-19.8762,0.05664901671138016,7022310040.58285,1888.0
116754,117247,,,938317,00055828-1324448,,G,1.492867,-13.41247,235.12785330000003,,0.052474,-20.6755,0.0566696127304589,14662229061.058128,1888.0
116785,117278,,,939737,00064696-1318284,,G,1.6957,-13.307914000000002,192.745256007,,0.0435,-20.4449,0.0566836255260609,11856595398.587341,1888.0
116869,117362,,,942365,00134974-1308045,,G,3.4572580000000004,-13.134588,158.576749882,,0.036322,-20.1862,0.056726073161569086,9342863417.905409,1888.0
116963,117456,,,946672,00133345-1251035,,G,3.389389,-12.850982,181.10344140599997,,0.040822,-20.3636,0.056772296904125975,11001198476.22655,1888.0
116988,117481,,,947729,00135307-1246455,,G,3.4711410000000003,-12.779307,193.028842268,,0.043243,-20.6731,0.05678460670396875,14629854267.321613,1888.0
117122,117615,,,952477,00111973-1227275,,G,2.832214,-12.457666,241.797874375,,0.053972000000000006,-20.0843,0.05685561444150052,8505894660.876611,1888.0
117190,117683,,,954935,00112477-1217355,,G,2.853215,-12.293217,217.068772721,,0.048778,-20.951,0.0568886607785877,18897310544.316875,1888.0
129775,130268,,,3080176,00094530-1232051,,G,2.438758,-12.534756,177.45079099999995,,0.040059,-20.8014,0.06184131728550475,16464934220.884174,1888.0
129778,130271,,,3080191,00160238-1444359,,G,4.009933,-14.743322,172.34326817,,0.038916,-20.115,0.061841930115867125,8749837752.274364,1888.0
131682,132175,,,3093787,00114078-1503415,,G,2.919954,-15.061537,218.055108829,,0.048936,-20.6328,0.06280445441156063,14096782531.100266,1888.0
131709,132202,,,3093870,00091379-1614099,,G,2.307493,-16.23609,234.835940462,,0.05293,-20.7268,0.06281643199342744,15371632749.710688,1888.0
157627,158120,,,912836,00174240-1518581,,G,4.42667,-15.316146,240.76263322900002,,0.053873,-19.8659,0.07385326184675954,6956006833.872872,1888.0
157708,158201,,,915187,00174115-1508221,,G,4.421463,-15.13948,209.27616977099999,,0.046998000000000005,-19.8066,0.07388367833893539,6586277122.149618,1888.0
157872,158365,,,921520,00165893-1440247,,G,4.2455669999999985,-14.673554,269.674223287,,0.059092,-19.6382,0.07394304438004194,5640011636.203959,1888.0
158462,158955,,,940163,00154445-1316481,,G,3.935227,-13.280028,199.700357893,,0.044705,-20.4359,0.07415358314725765,11758718672.769014,1888.0
158721,159214,,,951985,00100917-1229371,,G,2.538245,-12.49366,256.74940774099997,,0.05629600000000001,-20.6585,0.07424535202587043,14434442007.129147,1888.0
158738,159231,,,952787,00113667-1226125,,G,2.902813,-12.436819,269.234176159,,0.058966,-20.3227,0.07425197554171753,10594488648.967548,1888.0
158739,159232,,,952791,00103092-1226120,,G,2.628859,-12.436677,262.247874206,,0.057315,-20.2386,0.07425233789195461,9804828462.532429,1888.0
181648,182141,,,3080178,00103809-1230030,,G,2.658722,-12.500847,142.840209353,,0.03266,-20.0643,0.08340283369282146,8350644586.860263,1888.0
183412,183905,,,3093594,00102774-1312160,,G,2.615594,-13.204451999999998,259.18013831,,0.05674600000000001,-20.557,0.0841178638923279,13146192882.160858,1888.0
183443,183936,,,3093788,00185001-1510370,,G,4.708413,-15.176951,242.31329380900002,,0.054081,-20.6969,0.08413047419379457,14954090341.394012,1888.0
183457,183950,,,3093869,00082101-1605267,,G,2.0875630000000003,-16.090773000000002,283.668204054,,0.062766,-20.4801,0.08413605607899396,12247289957.796465,1888.0
183458,183951,,,3093871,00094298-1620021,,G,2.429123,-16.333923000000002,193.230112296,,0.043519,-19.6694,0.08413627058949133,5804435639.069286,1888.0
210017,210510,,,,00013992-1407278,,G,0.41637,-14.124412,285.676040449,,0.063291,-20.1324,0.09313867916289813,8891192231.798487,1888.0
234389,234882,,,,00123457-1232016,,G,3.144082,-12.53378,171.37545673399998,,0.038746,-20.8337,0.10147454035915723,16962114870.357437,1888.0
266592,267085,,,,00034517-1441414,,G,0.938228,-14.694852,93.3945670343,,0.020687,-19.8656,0.11188054384260401,6954085083.667654,1888.0
267816,268309,266.0,PGC000266,PGC000266,,,G,0.93795,-14.69449,85.5370984261,,0.0188550694275,-19.5208,0.1120917318552665,5061975047.310329,1888.0
267846,268340,1303.0,PGC001303,PGC001303,,,G,5.09865,-14.0346,48.820870513,,0.0110203855102,-16.803,0.11209582924880672,414190372.6221012,1888.0
274061,274793,903944.0,PGC903944,PGC903944,,,G,2.1894,-15.98115,46.5243510831,,0.0102931551466,-14.9484,0.1125825600470566,75051607.73215447,1888.0
274073,274805,910010.0,PGC910010,PGC910010,,,G,2.13525,-15.52815,48.4808498721,,0.0108070254035,-14.8779,0.112582974406613,70333138.90180907,1888.0
274081,274813,912058.0,PGC912058,PGC912058,,,G,2.5098,-15.37464,47.9752541793,,0.0106890053445,-15.5451,0.11258344249291727,130028933.35917056,1888.0
274117,274849,930209.0,PGC930209,PGC930209,,,G,1.67415,-14.00855,85.7843942871,,0.0188897194449,-18.627,0.11258512779793084,2222286254.3282037,1888.0
281277,282186,3306389.0,PGC3306389,PGC3306389,,,G,1.4751,-15.0604,102.56092042,,0.0229049214525,-15.8649,0.11275444624834992,174566136.41626427,1888.0
302610,306088,,,398,,,G,1.4109,-13.60194,157.52273747,,0.035985617992800006,-19.6167,0.11531122112182855,5529425359.6165495,1888.0
308014,313065,,,143331,,,G,3.14415,-12.53384,210.29693549799998,,0.0472552736276,-20.0242,0.11632945392167825,8047852350.054112,1888.0
318594,323745,,,905083,,,G,1.6764,-15.89386,220.291599878,,0.0494033647017,-18.585,0.1176805994228104,2137962089.5022407,1888.0
318600,323751,,,905715,,,G,1.8384,-15.844920000000002,200.763952813,,0.045197902599,-17.7834,0.11768112448246484,1021786122.5746217,1888.0
318622,323773,,,908010,,,G,1.89105,-15.67145,200.768538035,,0.045197902599,-17.9235,0.11768468611720488,1162518840.3280015,1888.0
318624,323775,,,908265,,,G,1.4388,-15.6524,143.308390049,,0.0328963064482,-17.6014,0.11768472569358462,864092031.1641772,1888.0
318662,323813,,,911858,,,G,1.2921,-15.38846,126.785584541,,0.0287427143714,-18.1553,0.11768839612869444,1439196187.924096,1888.0
318708,323859,,,917084,,,G,2.17125,-15.00025,145.231381941,,0.0333427666714,-17.0103,0.1176931607396268,501325735.9115448,1888.0
318709,323860,,,917120,,,G,1.89525,-14.9976,145.94774559799998,,0.0334927067464,-19.251,0.11769330665080015,3948207780.378835,1888.0
318713,323864,,,918103,,,G,2.025,-14.92795,144.650304089,,0.0331932465966,-17.7716,0.11769367691089813,1010741272.5073264,1888.0
318725,323876,,,921180,,,G,2.1717,-14.69721,147.290814512,,0.0337951068976,-18.0509,0.11769490507011696,1307254062.0695775,1888.0
353534,359391,,,3306421,,,G,1.52115,-14.4644,238.312763455,,0.0532734566367,-18.7157,0.12004314797266773,2411459653.103886,1888.0
353536,359393,,,3306435,,,G,1.54515,-14.4958,186.471642677,,0.0420854910427,-17.4231,0.1200433171617731,733229618.8609049,1888.0
353540,359397,,,3306498,,,G,1.66035,-15.9105,216.07812778599998,,0.0485329142665,-18.3731,0.1200434276636307,1758895346.9236565,1888.0
353542,359399,,,3306511,,,G,1.6905,-15.0328,143.438953196,,0.0328963064482,-16.2433,0.12004349266849552,247354604.98027343,1888.0
353544,359401,,,3306554,,,G,1.7679,-15.3937,144.569232209,,0.0331932465966,-16.6904,0.12004352357431625,373387693.56907856,1888.0
353546,359403,,,3306611,,,G,1.86135,-15.702,107.48622275299999,,0.0241029720515,-16.2568,0.12004354841147527,250449402.5429844,1888.0
353555,359412,,,3306728,,,G,2.10645,-15.62366,151.639527377,,0.0348736674368,-17.2141,0.12004378013292293,604839297.0744053,1888.0
353558,359415,,,3306788,,,G,2.2365,-14.77738,205.954012165,,0.0462155631078,-17.6889,0.12004384244652525,936612608.7701004,1888.0
353559,359416,,,3306789,,,G,2.2362,-14.9753,217.077989435,,0.0487492143746,-17.2331,0.12004386519375687,615516925.9646001,1888.0
353567,359424,,,3306931,,,G,2.6526,-14.7069,282.577785727,,0.0624569712285,-17.9257,0.1200441079642637,1164876811.195612,1888.0
530208,550834,,,165293,00112753-1433265,,G,2.864727,-14.557377,305.41180096700003,,0.067733,-21.1414,0.21328635244907287,22519565145.442783,1888.0
530496,551122,,,170784,00070058-1554395,,G,1.752417,-15.910988,384.844136815,,0.08434,-21.2384,0.21351683913234384,24624079237.492054,1888.0
563752,584378,,,897757,00123392-1628086,,G,3.141349,-16.469057,669.236138588,,0.141103,-22.0589,0.24072983838994455,52427602741.52307,1888.0
563779,584405,,,898536,00125993-1624291,,G,3.24971,-16.408102,369.73502561099997,,0.081209,-20.9775,0.2407580992384675,19364219639.466103,1888.0
563836,584462,,,900093,00100208-1617051,,G,2.508696,-16.284769,401.791,,0.0878367439184,-21.09,0.24081228896789614,21478304741.30537,1888.0
563839,584465,,,900174,00100187-1616431,,G,2.507829,-16.278658,589.364081471,,0.125549,-21.9329,0.2408152315897317,46683133565.69069,1888.0
563926,584552,,,902769,00080033-1604317,,G,2.001413,-16.075497,426.37233222699996,,0.092881,-21.1619,0.24090117302751146,22948801000.21805,1888.0
563936,584562,,,903234,00091580-1602289,,G,2.31587,-16.041367,804.480583,,0.166831,-21.9396,0.2409143420495018,46972102510.31723,1888.0
563973,584599,,,904215,00102366-1557411,,G,2.598602,-15.961431,552.155458454,,0.118205,-20.9673,0.2409505466138713,19183153413.773247,1888.0
564016,584642,,,905617,00105342-1551100,,G,2.722588,-15.852785999999998,751.623,,0.156862728431,-21.69,0.2409878286824924,37325015779.572136,1888.0
564082,584708,,,907647,00073496-1541589,,G,1.895672,-15.699720999999998,405.36891723800005,,0.088573,-20.3443,0.2410460296140278,10807369497.741392,1888.0
564087,584713,,,907802,00091531-1541139,,G,2.313825,-15.687201000000002,776.9362280260001,,0.16165,-21.6359,0.2410502263081841,35510762685.55213,1888.0
564093,584719,,,907940,00084266-1540384,,G,2.17778,-15.677335,594.2919999999998,,0.12651687325799998,-21.56,0.2410560331648777,33113112148.259075,1888.0
564095,584721,,,907989,00093992-1540271,,G,2.416371,-15.674202,399.79631328199997,,0.087426,-21.1702,0.2410576925770968,23124907274.782642,1888.0
564133,584759,,,908805,00104233-1536560,,G,2.676384,-15.615569,382.509328296,,0.083857,-20.7062,0.24109121445610274,15082731503.956697,1888.0
564165,584791,,,909612,00075420-1533219,,G,1.975849,-15.556105,679.204,,0.143024771512,-21.52,0.2411168274571995,31915378551.00758,1888.0
564167,584793,,,909645,00083491-1533144,,G,2.145474,-15.554003,450.817,,0.0978652989326,-21.27,0.2411194034587818,25351286304.979076,1888.0
564193,584819,,,910666,00101996-1528571,,G,2.583189,-15.482545000000002,659.0092967730001,,0.139127,-21.3435,0.2411426435769201,27126889605.169388,1888.0
564221,584847,,,911218,00054265-1526249,,G,1.427714,-15.440263,381.944,,0.08374006187000001,-20.05,0.24117391030896446,8241381150.13003,1888.0
564228,584854,,,911381,00080327-1525347,,G,2.013642,-15.426332,654.131759751,,0.138183,-21.0023,0.24118013925447496,19811620486.5449,1888.0
564234,584860,,,911625,00060021-1524231,,G,1.500897,-15.406419,365.61981781699996,,0.080354,-20.6321,0.2411849350740768,14087696928.698929,1888.0
564235,584861,,,911653,00081475-1524157,,G,2.061474,-15.404387,465.07442729,,0.100758,-20.7626,0.2411855221963414,15886930658.983528,1888.0
564249,584875,,,912004,00064315-1522464,,G,1.679825,-15.37958,490.66961235599996,,0.105925,-20.7459,0.2411954336077277,15644439207.947031,1888.0
564254,584880,,,912071,00063112-1522254,,G,1.629697,-15.373744,465.586,,0.100861580431,-20.21,0.2411989167970729,9549925860.214407,1888.0
564263,584889,,,912377,00073379-1521049,,G,1.890818,-15.351387,485.648614385,,0.104914,-20.9326,0.24120764963437805,18579755730.856213,1888.0
564292,584918,,,913047,00170444-1518038,,G,4.268512,-15.301057,318.05505146,,0.070401,-21.5335,0.2412345106191413,32314690444.798813,1888.0
564297,584923,,,913149,00034903-1517334,,G,0.954296,-15.292623,464.70411908,,0.100683,-21.1999,0.24123842152890385,23766213816.254883,1888.0
564312,584938,,,913864,00075763-1514139,,G,1.99016,-15.237212,342.048116896,,0.075438,-21.2934,0.2412525780555354,25903592535.843674,1888.0
564321,584947,,,914051,00042972-1513300,,G,1.123874,-15.225008,325.349736887,,0.071936,-20.5068,0.2412602593930911,12552204322.412128,1888.0
564325,584951,,,914310,00035696-1512263,,G,0.98736,-15.207328,348.022462066,,0.076687,-20.514,0.24126259477696266,12635720185.226526,1888.0
564347,584973,,,915038,00100648-1509041,,G,2.527005,-15.151159,418.475173801,,0.091264,-20.3333,0.24128550681993965,10698428782.416956,1888.0
564348,584974,,,915137,00111353-1508336,,G,2.80638,-15.142672,605.198424769,,0.128655,-21.1205,0.2412863231927836,22090217909.438732,1888.0
564353,584979,,,915219,00050864-1508128,,G,1.286034,-15.136895999999998,330.61499988400004,,0.073042,-19.7466,0.24129073445164964,6232180168.031331,1888.0
564364,584990,,,915711,00041038-1506070,,G,1.043283,-15.101956,476.431,,0.103054611527,-20.54,0.24129948332460066,12941958414.499916,1888.0
564369,584995,,,915827,00040741-1505350,,G,1.030913,-15.093066,328.324178964,,0.072561,-20.9945,0.24130369772925964,19669802532.183872,1888.0
564381,585007,,,916252,00071215-1503375,,G,1.800628,-15.060436,472.918282515,,0.102345,-21.5019,0.2413146391100421,31387736640.861286,1888.0
564389,585015,,,916430,00044205-1502551,,G,1.175226,-15.04865,758.578,,0.15818047909000002,-21.74,0.2413243406507409,39084089579.24009,1888.0
564392,585018,,,916535,00081032-1502298,,G,2.043029,-15.041612,658.202898899,,0.138971,-21.5148,0.24132701236813955,31762889227.153637,1888.0
564407,585033,,,917213,00110752-1459326,,G,2.781343,-14.992395000000002,651.47820359,,0.137669,-21.5025,0.24134407940090385,31405086938.76216,1888.0
564413,585039,,,917324,00111656-1459056,,G,2.819012,-14.984892000000002,674.908094244,,0.142197,-21.4472,0.24135019218965906,29845578411.686317,1888.0
564423,585049,,,917713,00100841-1457261,,G,2.535068,-14.957271,660.693,,0.139452669726,-20.81,0.2413590492684473,16595869074.375563,1888.0
564444,585070,,,918386,00085575-1454183,,G,2.232319,-14.905102,314.78563734799997,,0.069712,-20.9911,0.241378888625886,19608302580.508373,1888.0
564447,585073,,,918504,00062403-1453450,,G,1.600144,-14.895857,679.204,,0.143024771512,-21.18,0.24138218848118045,23334580622.810143,1888.0
564454,585080,,,918688,00045549-1453010,,G,1.231216,-14.883626,575.44,,0.122808271404,-21.04,0.2413864884057252,20511621788.25571,1888.0
564470,585096,,,919259,00113449-1450235,,G,2.893749,-14.839875,351.56,,0.0774255687128,-19.6,0.24140239307548916,5445026528.424242,1888.0
564507,585133,,,920693,00092419-1443529,,G,2.350822,-14.731362,551.171925857,,0.11801,-21.1104,0.2414421680184955,21885677736.070667,1888.0
564555,585181,,,921862,00210099-1438540,,G,5.254148000000002,-14.648349,364.41260233199995,,0.080103,-21.059,0.24148812443998136,20873727039.10556,1888.0
564602,585228,,,923446,00082554-1431467,,G,2.106439,-14.529657,495.099846649,,0.106816,-21.1375,0.24153624066156765,22438819237.827614,1888.0
564642,585268,,,924630,00083458-1426114,,G,2.144098,-14.436502,422.277647382,,0.092043,-20.326,0.2415720467815945,10626738654.024708,1888.0
564645,585271,,,924674,00034494-1425584,,G,0.937267,-14.432908,463.447,,0.100428350214,-20.56,0.2415736616090673,13182567385.564049,1888.0
564662,585288,,,925385,00070202-1422355,,G,1.7584529999999998,-14.376545000000002,787.046,,0.163555011778,-21.64,0.2415886556912117,35645113342.624535,1888.0
564834,585460,,,930238,00082530-1400247,,G,2.105424,-14.006881,302.456586963,,0.067108,-21.0713,0.24173637908363044,21111544158.23698,1888.0
564981,585607,,,934838,00144309-1340065,,G,3.679547,-13.668474,298.44150197,,0.066258,-21.0443,0.24186898785246175,20593018042.46046,1888.0
565240,585866,,,942061,00143608-1309115,,G,3.650373000000001,-13.153198,302.43768163,,0.067104,-20.4402,0.24210507938739054,11805380787.74414,1888.0
645446,666072,,,3080170,00045931-1502050,,G,1.247127,-15.034726999999998,325.325951362,,0.071931,-21.2086,0.3000599161185654,23957417429.275192,1888.0
645989,666615,,,3093786,00064059-1520204,,G,1.6691650000000002,-15.339025,406.26849463199994,,0.088758,-21.7841,0.30057768190325024,40704272773.44899,1888.0
660378,681004,,,3306154,00034902-1513484,,G,0.954267,-15.230123,485.289,,0.104841502421,-19.55,0.30842815212798325,5199959965.335173,1888.0
660385,681011,,,3306221,00042773-1519260,,G,1.115546,-15.323898000000002,446.684,,0.09702466851230003,-19.55,0.30843082914919834,5199959965.335173,1888.0
660394,681020,,,3306319,00051535-1443338,,G,1.313963,-14.726066,939.220610707,,0.191772,-21.5938,0.3084345642651665,34160168166.26345,1888.0
660395,681021,,,3306333,00052378-1525178,,G,1.349091,-15.421619,643.212689188,,0.13606600000000002,-20.6568,0.3084350968742265,14411858850.546326,1888.0
660403,681029,,,3306451,00061591-1525221,,G,1.5663049999999998,-15.422807999999998,748.17,,0.156207738104,-20.47,0.308439722156888,12133888504.649809,1888.0
660408,681034,,,3306469,00062552-1434270,,G,1.60636,-14.574188,1158.78,,0.231111835556,-20.85,0.3084428707316007,17218685749.86016,1888.0
660411,681037,,,3306483,00063094-1447474,,G,1.628941,-14.796522,1153.45,,0.230174395087,-20.95,0.3084447344068249,18879913490.962925,1888.0
660412,681038,,,3306484,00063113-1509504,,G,1.629736,-15.164021,658.4406679,,0.139017,-21.1286,0.30844555689289216,22255635505.852444,1888.0
660414,681040,,,3306510,00064502-1525444,,G,1.6876080000000002,-15.429025,608.376323358,,0.129277,-20.6179,0.3084464091091597,13904648030.264765,1888.0
660430,681056,,,3306620,00073257-1451179,,G,1.8857150000000005,-14.854998000000002,484.49730263199996,,0.104682,-20.7605,0.3084565899993182,15856232308.335571,1888.0
660432,681058,,,3306635,00074126-1518110,,G,1.921928,-15.303056,397.06888744400004,,0.086864,-21.1763,0.3084575641584931,23255195775.417446,1888.0
660436,681062,,,3306714,00081753-1554167,,G,2.073078,-15.904665,835.6030000000002,,0.172650326325,-20.81,0.3084593282366647,16595869074.375563,1888.0
660439,681065,,,3306769,00084545-1605084,,G,2.189385,-16.085667,824.138,,0.170510845255,-20.47,0.3084605186384182,12133888504.649809,1888.0
660441,681067,,,3306797,00090055-1559339,,G,2.252295,-15.99275,772.394989615,,0.16079300000000002,-21.0132,0.3084622568291979,20011516439.58325,1888.0
660443,681069,,,3306831,00091240-1517319,,G,2.301708,-15.292201,1430.26571137,,0.277834,-21.5971,0.30846410607885144,34264152948.59835,1888.0
660445,681071,,,3306869,00093006-1442441,,G,2.375276,-14.712255,494.311,,0.106657373329,-19.87,0.3084644560987242,6982324040.771733,1888.0
660447,681073,,,3306894,00095661-1540330,,G,2.485901,-15.675857,439.702854572,,0.095603,-20.6948,0.3084654602516793,14925194520.119581,1888.0
660451,681077,,,3306912,00101595-1532321,,G,2.566479,-15.542270000000002,804.352632663,,0.16680699999999998,-21.1062,0.3084676707191099,21801179967.301643,1888.0
660454,681080,,,3306970,00112292-1507215,,G,2.845511,-15.122663,660.693,,0.139452669726,-20.37,0.3084689579140852,11066237839.776676,1888.0
674098,694725,,,397,00053525-1335269,,G,1.396915,-13.59082,316.004789385,,0.069969,-20.9775,0.32146321372311915,19364219639.466103,1888.0
678782,699413,,,170533,00043274-1517181,,G,1.136432,-15.288382,321.213448917,,0.07106599999999999,-21.143,0.32510859356328536,22552775667.452538,1888.0
747298,767929,,,896489,00111406-1634006,,G,2.808598,-16.566837,464.37333977,,0.100616,-20.9163,0.3761981537470064,18302903923.57758,1888.0
747488,768119,,,897653,00124532-1628385,,G,3.188855,-16.477386,535.371311052,,0.114871,-21.1123,0.37634762170630415,21924010429.549797,1888.0
747505,768136,,,897780,00125770-1628011,,G,3.240427,-16.46699,734.110913937,,0.15353599999999998,-21.6168,0.3763596696162857,34891528894.634544,1888.0
747528,768159,,,897914,00124845-1627235,,G,3.201885,-16.456551,654.617209912,,0.138277,-21.4169,0.3763815698164922,29024182755.858227,1888.0
747702,768333,,,899084,00125736-1621531,,G,3.239008,-16.364767,1102.50848526,,0.221172,-21.7569,0.3765157815334861,39697211394.54936,1888.0
747739,768370,,,899338,00131723-1620451,,G,3.321804,-16.345883999999998,634.376298282,,0.134349,-21.2847,0.3765459665743455,25696856542.79765,1888.0
747816,768447,,,899775,00130896-1618421,,G,3.287358,-16.311718,570.972424502,,0.121927,-21.3221,0.3766002808738823,26597449930.073986,1888.0
747848,768479,,,900000,00094965-1617341,,G,2.456902,-16.292809,426.113231042,,0.092828,-21.4786,0.3766238687778651,30721329051.016018,1888.0
747860,768491,,,900076,00130854-1617111,,G,3.285622,-16.28644,672.729724933,,0.141777,-21.5882,0.3766337827292825,33984430769.65628,1888.0
747903,768534,,,900380,00101069-1615521,,G,2.54458,-16.264494,376.714905517,,0.08265700000000001,-20.2171,0.3766668097549609,9612580725.791988,1888.0
748077,768708,,,901645,00142750-1609515,,G,3.614585,-16.164307,320.60529799299997,,0.070938,-20.3269,0.3768023624743563,10635551135.19211,1888.0
748129,768760,,,902031,00135115-1608055,,G,3.46316,-16.134863,436.08898141099996,,0.094866,-21.2189,0.3768402876090632,24185774536.734505,1888.0
748222,768853,,,902672,00140309-1604596,,G,3.5128980000000003,-16.083225,540.172112356,,0.115826,-20.8877,0.3769085088001576,17827071239.923157,1888.0
748263,768894,,,902911,00082406-1603587,,G,2.100276,-16.066326,608.539879189,,0.12930899999999998,-21.1894,0.3769397308471869,23537481951.034027,1888.0
748286,768917,,,903077,00101812-1603141,,G,2.575504,-16.053936,468.384053676,,0.101428,-20.483,0.3769565390319689,12280046179.88788,1888.0
748322,768953,,,903253,00151218-1602229,,G,3.80075,-16.039704999999998,338.283958279,,0.07465,-20.3974,0.3769820587735538,11349062821.269577,1888.0
748365,768996,,,903472,00110377-1601176,,G,2.765747,-16.021561,398.446912489,,0.087148,-20.4759,0.37701195935019466,12200004756.60767,1888.0
748382,769013,,,903593,00145192-1600414,,G,3.716334,-16.01152,839.964066933,,0.173463,-21.4723,0.3770265015531993,30543584277.77108,1888.0
748567,769198,,,904759,00113931-1555085,,G,2.91381,-15.919039,287.553272283,,0.063948,-19.9966,0.3771554196464892,7845849984.414311,1888.0
748632,769263,,,905107,00131707-1553311,,G,3.3211660000000003,-15.891995,500.112715836,,0.107823,-20.8903,0.3772031866757253,17869812678.141525,1888.0
748667,769298,,,905291,00131749-1552461,,G,3.322897,-15.879496,575.626334186,,0.122845,-21.6767,0.3772308518418709,36870582596.53765,1888.0
748749,769380,,,905829,00145467-1550134,,G,3.727823,-15.837072,625.608771015,,0.132642,-21.3585,0.3772910529818953,27504262230.303238,1888.0
748805,769436,,,906284,00122797-1548185,,G,3.116561,-15.805165,677.580611279,,0.14271199999999998,-21.3518,0.3773309353417263,27335058017.4905,1888.0
748897,769528,,,906786,00121347-1545570,,G,3.056144,-15.765837,387.402988335,,0.084869,-20.5958,0.3774059293207103,13624482016.445284,1888.0
749021,769652,,,907593,00081372-1542147,,G,2.057176,-15.70411,654.2711922,,0.13821,-21.6878,0.377496398690971,37249461610.24243,1888.0
749058,769689,,,907830,00143949-1541065,,G,3.664576,-15.685143,542.491549759,,0.116287,-21.003,0.37752462548212506,19824397628.72649,1888.0
749218,769849,,,908839,00162050-1536469,,G,4.085456,-15.613035,794.829648803,,0.165019,-21.6484,0.3776413557462576,35921957937.80351,1888.0
749239,769870,,,908946,00062124-1536140,,G,1.58854,-15.603915,748.097595853,,0.156194,-21.2928,0.3776569150937837,25889281636.20886,1888.0
749507,770138,,,910818,00123179-1528196,,G,3.132472,-15.472112,396.215153529,,0.086688,-20.8167,0.3778578676840892,16698597627.60848,1888.0
749661,770292,,,911963,00112059-1522555,,G,2.835798,-15.38211,729.489331268,,0.152656,-21.3851,0.3779716405904937,28186425258.80008,1888.0
749842,770473,,,913265,00171639-1517037,,G,4.31833,-15.284387,684.874409612,,0.14411600000000002,-21.4291,0.3781139159861646,29352155531.635094,1888.0
749871,770502,,,913423,00171239-1516157,,G,4.301627,-15.271055,399.50503477300003,,0.087366,-21.1786,0.3781327021880216,23304511293.19329,1888.0
749873,770504,,,913433,00050788-1516128,,G,1.282844,-15.270228,596.162798342,,0.126884,-21.1148,0.3781340957043282,21974550493.21224,1888.0
749947,770578,,,913881,00160279-1514119,,G,4.011637,-15.236656,315.686915416,,0.06990199999999999,-20.6083,0.3781845482631373,13782246082.769548,1888.0
749961,770592,,,913954,00114929-1513564,,G,2.955406,-15.23236,556.288810179,,0.119024,-21.1925,0.3781939999097834,23604782331.805733,1888.0
749973,770604,,,914012,00161474-1513399,,G,4.061442,-15.227763,315.78180017299997,,0.069922,-20.8789,0.3782044114277574,17683165028.124672,1888.0
750056,770687,,,914508,00134349-1511335,,G,3.431242,-15.192647,328.362267915,,0.07256900000000001,-20.5658,0.3782674479810708,13253177056.896324,1888.0
750086,770717,,,914719,00143112-1510385,,G,3.629705,-15.177364,472.59176364900003,,0.102279,-20.8904,0.3782912490686693,17871458624.51057,1888.0
750184,770815,,,915412,00153146-1507251,,G,3.881108,-15.123641,332.506867542,,0.073439,-20.633000000000006,0.3783616550026281,14099379493.587303,1888.0
750238,770869,,,915671,00143479-1506175,,G,3.644959,-15.104865,393.09291724699995,,0.08604400000000001,-20.3935,0.3784009670305207,11308369745.174791,1888.0
750303,770934,,,916076,00144963-1504324,,G,3.70681,-15.07569,360.94707352800003,,0.07938200000000001,-20.5602,0.3784489559359384,13184995927.886162,1888.0
750413,771044,,,916892,00052577-1500458,,G,1.357379,-15.01273,344.40988769,,0.075932,-20.8244,0.3785292586435189,16817444379.082487,1888.0
750485,771116,,,917365,00181677-1458568,,G,4.569897,-14.982456,756.615969868,,0.157809,-21.6864,0.3785842178855616,37201461333.001114,1888.0
750549,771180,,,917765,00154872-1457130,,G,3.953004,-14.953637,420.007423351,,0.091578,-20.7263,0.3786317605682365,15364555480.95218,1888.0
750591,771222,,,918044,00194547-1455573,,G,4.93946,-14.932610999999998,287.675633591,,0.063974,-20.1205,0.3786657462205168,8794274148.836872,1888.0
750615,771246,,,918191,00022831-1455181,,G,0.617997,-14.921717999999998,823.715926418,,0.170432,-21.9369,0.3786847865862728,46855437786.81549,1888.0
750689,771320,,,918774,00071890-1452415,,G,1.828789,-14.878211,524.783970827,,0.112761,-21.1909,0.3787437162013576,23570022657.22186,1888.0
750710,771341,,,918866,00161500-1452109,,G,4.062522,-14.869708,653.207483579,,0.138004,-21.2033,0.37875662533935217,23840754740.702988,1888.0
750903,771534,,,920095,00120190-1446379,,G,3.007921,-14.777219,877.856340489,,0.180494,-21.4541,0.37890884065334796,30035855063.85695,1888.0
751250,771881,,,922176,00040661-1437310,,G,1.027554,-14.625288,333.703501703,,0.07368999999999999,-20.7828,0.3791767119520057,16185271914.536846,1888.0
751270,771901,,,922326,00084526-1436543,,G,2.188584,-14.615111,363.85962832,,0.079988,-20.7517,0.37919105810809,15728235381.965437,1888.0
751283,771914,,,922418,00084891-1436303,,G,2.203797,-14.608442000000002,449.15304729,,0.097527,-20.815,0.37920115850726205,16672472125.510675,1888.0
751378,772009,,,923088,00112618-1433195,,G,2.85911,-14.555435999999998,482.478343661,,0.104275,-20.9264,0.37927214488610617,18473960044.7,1888.0
751416,772047,,,923292,00091592-1432289,,G,2.316343,-14.541367,292.771587743,,0.06505599999999999,-20.3836,0.3793009626730562,11205726026.158459,1888.0
751573,772204,,,924337,00215534-1427388,,G,5.480586,-14.460785,462.81361980300005,,0.1003,-20.965,0.3794242629397358,19142559250.210857,1888.0
751685,772316,,,924940,00014481-1424368,,G,0.436716,-14.410245000000002,698.7249736639999,,0.146776,-21.2295,0.3795092683269241,24423055703.973324,1888.0
751734,772365,,,925220,00091578-1423209,,G,2.31576,-14.389145,753.375620242,,0.157195,-21.5461,0.3795462659661677,32691887820.210487,1888.0
751783,772414,,,925469,00045156-1422080,,G,1.214851,-14.368912,959.463937245,,0.195464,-21.1221,0.3795838121479466,22122795255.55272,1888.0
751836,772467,,,925823,00165052-1420281,,G,4.210507,-14.341160999999998,483.549703696,,0.104491,-21.0222,0.3796218116864499,20178087454.86767,1888.0
752046,772677,,,927046,00164803-1415021,,G,4.200166,-14.250607,483.420728509,,0.104465,-20.6906,0.3797713094923846,14867570276.054344,1888.0
752130,772761,,,927602,00104906-1412290,,G,2.704455,-14.208068,335.34415980200004,,0.074034,-20.0005,0.3798317218061437,7874083211.452147,1888.0
752343,772974,,,928908,00033453-1406265,,G,0.8938959999999999,-14.107364000000002,332.454434555,,0.073428,-21.0227,0.3799948510801181,20187381947.515232,1888.0
752413,773044,,,929399,00105126-1404130,,G,2.713601,-14.070289,388.9614098,,0.085191,-20.6825,0.38004717342072464,14757065332.758959,1888.0
752529,773160,,,930157,00054398-1400419,,G,1.43327,-14.011651,346.83541719,,0.076439,-20.6966,0.3801345423614063,14949958944.33394,1888.0
752971,773602,,,932809,00140495-1349056,,G,3.520665,-13.818226,293.789792599,,0.065272,-20.2532,0.3804669012724599,9937565404.474249,1888.0
752999,773630,,,932995,00044785-1348201,,G,1.1994,-13.805585999999998,516.233608223,,0.111053,-21.1872,0.38048748556157597,23489836829.93269,1888.0
753001,773632,,,933008,00091961-1348159,,G,2.331742,-13.804421,891.6575169260001,,0.183042,-21.615,0.3804895234184555,34833731503.601166,1888.0
753321,773952,,,934937,00151255-1339409,,G,3.802315,-13.661371,286.97917325599997,,0.063826,-20.3833,0.3807335241843284,11202630197.35821,1888.0
753346,773977,,,935140,00144741-1338414,,G,3.697552,-13.644859,324.165410955,,0.071687,-20.7108,0.38075474843818413,15146768925.459734,1888.0
753440,774071,,,935633,00143506-1336355,,G,3.6461,-13.609865,323.49494342400004,,0.071546,-19.8623,0.3808242535167765,6932980840.266387,1888.0
753708,774339,,,937212,00144274-1329455,,G,3.678093,-13.495974,353.057361415,,0.077738,-20.3592,0.381011070958673,10956705787.25228,1888.0
753956,774587,,,938748,00151351-1322469,,G,3.806294,-13.379704,318.23545546599996,,0.070439,-19.9847,0.3811983497467876,7760326612.534533,1888.0
753993,774624,,,938955,00100815-1321561,,G,2.53396,-13.365604,375.639106031,,0.08243400000000001,-20.6019,0.381226238207742,13701243981.92073,1888.0
754057,774688,,,939385,00070069-1319585,,G,1.752898,-13.332933,356.251501862,,0.078404,-20.0838,0.3812730050001908,8501978453.436141,1888.0
754336,774967,,,941194,00134782-1312365,,G,3.449285,-13.210145,493.846357231,,0.106564,-20.821,0.3814799924857569,16764862660.739012,1888.0
754447,775078,,,941813,00082538-1310047,,G,2.105759,-13.167992000000002,304.759075073,,0.067595,-20.9128,0.38156178147538944,18243997329.574776,1888.0
754779,775410,,,944206,00095754-1301131,,G,2.489775,-13.020322,496.080028201,,0.107013,-21.0768,0.3818131162514548,21218759968.95504,1888.0
754827,775458,,,944482,00142208-1300086,,G,3.592017,-13.002389,831.937967723,,0.171967,-21.9345,0.381847865536151,46751979088.450966,1888.0
755215,775846,,,947361,00124845-1248135,,G,3.2019040000000003,-12.803775,1017.72151878,,0.206013,-21.9871,0.3821486644870761,49072705231.840515,1888.0
755313,775944,,,948220,00084355-1244364,,G,2.181479,-12.743445,393.21891993199995,,0.08607000000000001,-20.1312,0.38222352920516206,8881370751.536789,1888.0
755424,776055,,,949206,00081981-1240567,,G,2.082564,-12.682441,346.208546562,,0.076308,-20.7157,0.3823087892413292,15215281790.435585,1888.0
755428,776059,,,949234,00113805-1240485,,G,2.908551,-12.680151,658.259755563,,0.138982,-21.366,0.38231236951219305,27694912668.096886,1888.0
755509,776140,,,949900,00113408-1238115,,G,2.892031,-12.636542,323.352307073,,0.071516,-20.3574,0.3823771370303916,10938556138.07136,1888.0
818566,839201,,,3306456,00061867-1525341,,G,1.577832,-15.42614,878.164677999,,0.180551,-21.6529,0.4304281514989623,36071150957.638695,1888.0
823612,844256,,,,00153424-1345531,,G,3.892682,-13.764753,394.37737380699997,,0.086309,-20.6026,0.43418469169414586,13710080348.564102,1888.0
823615,844259,,,,00162152-1329429,,G,4.089683999999999,-13.495257,928.881703714,,0.189881,-21.4018,0.4341876801244216,28623319612.742023,1888.0
823616,844260,,,,00162254-1322529,,G,4.093933,-13.381368,777.3921760019998,,0.161736,-21.0542,0.4341884481373836,20781648743.649857,1888.0
823620,844264,,,,00172279-1453017,,G,4.344983999999998,-14.883824,683.517631904,,0.14385499999999998,-21.1227,0.4341911130530641,22135024142.664864,1888.0
911940,932763,,,,00015728-1441198,,G,0.488702,-14.688848000000002,448.110633417,,0.097315,-21.2629,0.4978078052174689,25186046450.982597,1888.0
911942,932765,,,,00021493-1446042,,G,0.5622199999999999,-14.767838,637.513601571,,0.134959,-21.5624,0.4978101670106292,33186389035.10877,1888.0
911943,932766,,,,00022473-1456021,,G,0.603051,-14.933944,893.9522356189999,,0.183465,-21.2846,0.4978111165840498,25694489883.83549,1888.0
922778,943633,,,,00203812-1439539,,G,5.158867,-14.66499,289.916552549,,0.06445,-19.9944,0.505758737677129,7829968231.496645,1888.0
922783,943638,,,,00211587-1433250,,G,5.31615,-14.556959,852.027150489,,0.175707,-21.5823,0.5057620322356221,33800256809.707687,1888.0
980562,1001555,,,,00034702-1515024,,G,0.945927,-15.250681,444.100921458,,0.096499,-20.8634,0.5473713000055935,17432513090.52346,1888.0
980563,1001556,,,,00033879-1515264,,G,0.911666,-15.257359,512.514660082,,0.110309,-20.7975,0.5473719063069639,16405897731.995457,1888.0
1000768,1021801,,,,00055509-1433129,,G,1.479553,-14.553585,813.4026002310001,,0.168503,-20.6735,0.5620673555260883,14635245097.78406,1888.0
1000769,1021802,,,,00060623-1522451,,G,1.525966,-15.379199,439.119110895,,0.095484,-20.7819,0.5620679531783258,16171861005.960085,1888.0
1000774,1021807,,,,00064697-1333164,,G,1.69573,-13.55458,1150.01074477,,0.229569,-21.5515,0.5620716263738782,32854888677.097282,1888.0
1000776,1021809,,,,00073502-1549409,,G,1.895945,-15.828054000000002,391.92517090300004,,0.08580299999999999,-20.796,0.5620731244210646,16383247796.28644,1888.0
1000777,1021810,,,,00075670-1443429,,G,1.986261,-14.728602,548.0967219959999,,0.1174,-21.3343,0.5620741184717974,26898000665.8356,1888.0
1000778,1021811,,,,00082455-1405397,,G,2.1022990000000004,-14.094381,698.7719070969998,,0.146785,-21.6937,0.5620755025752431,37452429915.75944,1888.0
1000779,1021812,,,,00080071-1532287,,G,2.002959,-15.541329,532.930309134,,0.114385,-20.9154,0.5620761784224912,18287738372.2971,1888.0
1000780,1021813,,,,00090583-1314109,,G,2.2743130000000003,-13.236365,291.536943943,,0.064794,-20.0135,0.5620764729246955,7968929780.742505,1888.0
1000784,1021817,,,,00094319-1617231,,G,2.429987,-16.289757,383.074768584,,0.08397400000000001,-21.2604,0.5620794776756993,25128120151.58316,1888.0
1000785,1021818,,,,00095829-1301211,,G,2.492911,-13.022545,440.590902049,,0.095784,-20.9202,0.5620801565174579,18368766773.74081,1888.0
1000786,1021819,,,,00100550-1541351,,G,2.52293,-15.693104,810.7862316410001,,0.16801300000000002,-21.5415,0.562081359580955,32553673247.1637,1888.0
1000787,1021820,,,,00103022-1638350,,G,2.625946,-16.643064000000006,895.053842152,,0.183668,-21.1712,0.5620822149795839,23146215912.973885,1888.0
1000788,1021821,,,,00111516-1611286,,G,2.813172,-16.19128,381.25310214900003,,0.083597,-20.4301,0.5620826472231621,11696071108.550371,1888.0
1000791,1021824,,,,00114748-1551575,,G,2.947874,-15.865973,734.4314410589999,,0.153597,-21.1258,0.5620843369593153,22198314496.16553,1888.0
1000792,1021825,,,,00112705-1433145,,G,2.862719,-14.554043,391.59090392,,0.085734,-21.3332,0.562085330003448,26870763094.306736,1888.0
1000794,1021827,,,,00124713-1630335,,G,3.196393,-16.509331,650.8279601219999,,0.137543,-21.3153,0.5620871263469382,26431389827.233814,1888.0
1000795,1021828,,,,00122947-1619456,,G,3.122833,-16.329334,637.240928358,,0.134906,-20.8385,0.5620877559814864,17037269765.13274,1888.0
1000796,1021829,,,,00130601-1447331,,G,3.275062,-14.792552,587.278235395,,0.125139,-21.1232,0.5620885743870061,22145220045.50292,1888.0
1000797,1021830,,,,00130251-1607341,,G,3.2604740000000003,-16.126162,557.031123654,,0.119171,-20.7514,0.5620891554838944,15723890110.27497,1888.0
1000798,1021831,,,,00132111-1608011,,G,3.337969,-16.133658999999998,989.462940848,,0.20091,-21.256,0.5620900803706275,25026493257.310932,1888.0
1000799,1021832,,,,00144738-1534124,,G,3.697439,-15.570137,549.261001086,,0.117631,-20.8399,0.5620907108175799,17059252602.442308,1888.0
1101673,1123015,,,,00035559-1515123,,G,0.98163,-15.253443,804.5978737180002,,0.166853,-21.4269,0.6347478951130009,29292740212.36702,1888.0
1101674,1123016,,,,00034709-1352484,,G,0.946215,-13.880126,453.6110265,,0.098433,-20.2904,0.6347482751698381,10283951031.01195,1888.0
1101676,1123018,,,,00041935-1401210,,G,1.080639,-14.022514,793.0793815119998,,0.16469,-21.3046,0.6347506358380341,26172186116.11851,1888.0
1101989,1123331,,,,00045443-1513000,,G,1.226812,-15.216682999999998,444.007607222,,0.09648,-21.422,0.6349713368447225,29160837985.212337,1888.0
1101990,1123332,,,,00055623-1324178,,G,1.484297,-13.404972,316.517243452,,0.070077,-20.425,0.6349717670626955,11641260294.10493,1888.0
1101992,1123334,,,,00062349-1409320,,G,1.597916,-14.158913,838.262282506,,0.173146,-21.6259,0.6349744360154886,35185198056.351166,1888.0
1101993,1123335,,,,00060961-1410481,,G,1.540048,-14.180032999999998,1170.77699803,,0.233219,-21.3404,0.6349754356668225,27049547227.09013,1888.0
1101994,1123336,,,,00061718-1423131,,G,1.571599,-14.386974,512.144949547,,0.110235,-20.813,0.6349760506858465,16641788566.165966,1888.0
1101995,1123337,,,,00133157-1359555,,G,3.381582,-13.998758,642.7954357269999,,0.135985,-21.1074,0.6349768572678909,21825288842.465256,1888.0
1104750,1126140,,,919439,00100683-1449321,,G,2.528462,-14.825604,351.56,,0.0774255687128,-19.42,0.6371458780668878,4613175745.603809,1888.0
1104751,1126141,,,920847,00101103-1443111,,G,2.545987,-14.719771,1037.53,,0.209574644787,-20.99,0.6371466019835118,19588446735.05989,1888.0
1114492,1135882,,,3306397,00055864-1503331,,G,1.494336,-15.059196,907.821,,0.186017673009,-21.02,0.6455296260243722,20137242498.62389,1888.0
1114495,1135885,,,3306790,00085688-1511563,,G,2.237029,-15.198989,835.6030000000002,,0.172650326325,-20.55,0.6455307982709024,13061708881.318405,1888.0
1114496,1135886,,,3306792,00085757-1422153,,G,2.239876,-14.370933,1191.24,,0.236803468402,-20.95,0.6455314960027552,18879913490.962925,1888.0
1114497,1135887,,,3306909,00101097-1530061,,G,2.545719,-15.501716,831.7639999999999,,0.171934645967,-21.16,0.645532342622806,22908676527.6777,1888.0
1162429,1323111,,,900535,,,G,2.0391,-16.252589999999998,557.186,,0.119201729601,-20.46,0.6780634895690977,12022644346.17418,1888.0
1162435,1323117,,,900967,,,G,1.9857,-16.21882,480.839,,0.103944381972,-20.18,0.6780650829387707,9289663867.7994,1888.0
1162436,1323118,,,901597,,,G,2.15505,-16.1685,405.509,,0.0886017743009,-19.69,0.6780653015580961,5915616341.754743,1888.0
1162439,1323121,,,902322,,,G,2.5515,-16.11255,552.077,,0.118189529095,-20.21,0.6780662974704521,9549925860.214407,1888.0
1162440,1323122,,,902650,,,G,2.03565,-16.08419,544.503,,0.116686558343,-20.64,0.6780668219016864,14190575216.890957,1888.0
1162446,1323128,,,903175,,,G,1.92105,-16.04541,580.764,,0.123857221929,-20.34,0.6780693781659453,10764652136.29835,1888.0
1162447,1323129,,,903260,,,G,2.66625,-16.038870000000006,304.789,,0.0676013438007,-19.47,0.6780695566866324,4830588020.397738,1888.0
1162449,1323131,,,903597,,,G,1.84935,-16.0107,381.944,,0.08374006187000001,-19.46,0.6780702580018665,4786300923.226399,1888.0
1162463,1323145,,,906009,,,G,2.33325,-15.82458,787.046,,0.163555011778,-20.7,0.678074079033805,14996848355.02374,1888.0
1162470,1323152,,,906826,,,G,2.35305,-15.76278,663.743,,0.140042140021,-20.94,0.6781022219251515,18706821403.658016,1888.0
1162473,1323155,,,906946,,,G,2.38065,-15.75318,1023.29,,0.207015583508,-20.95,0.6781035721683482,18879913490.962925,1888.0
1162475,1323157,,,907067,,,G,2.8944,-15.744270000000002,532.1080000000002,,0.114221157111,-20.05,0.6781039077626885,8241381150.13003,1888.0
1162492,1323174,,,908320,,,G,1.83855,-15.64791,376.704,,0.08265478132739999,-20.59,0.6781121305778615,13551894123.510351,1888.0
1162498,1323180,,,908624,,,G,1.8591,-15.62879,380.189,,0.0833767616884,-19.66,0.6781166014339223,5754399373.371567,1888.0
1162527,1323209,,,910676,,,G,2.9334,-15.48197,559.758,,0.119710769855,-20.43,0.6781262425236879,11694993910.198748,1888.0
1162530,1323212,,,911192,,,G,2.5065,-15.4422,820.352,,0.16980335490200002,-21.3,0.6781285328839823,26061535499.988976,1888.0
1162537,1323219,,,911993,,,G,2.8251,-15.38033,866.962,,0.17847782923900002,-20.69,0.6781339951769827,14859356422.87009,1888.0
1162538,1323220,,,912174,,,G,2.1039,-15.36635,331.131,,0.0731503865752,-19.85,0.6781342485081066,6854882264.526649,1888.0
1162540,1323222,,,912197,,,G,2.81475,-15.36485,389.045,,0.08520817260410002,-19.11,0.6781346034729989,3467368504.525324,1888.0
1162541,1323223,,,912367,,,G,1.1025,-15.3521,376.704,,0.08265478132739999,-19.56,0.6781347974224479,5248074602.497712,1888.0
1162544,1323226,,,912601,,,G,1.6545,-15.333379999999998,424.62,,0.0925224762612,-20.43,0.6781358267240853,11694993910.198748,1888.0
1162546,1323228,,,912910,,,G,2.196,-15.31045,363.078,,0.0798254499127,-19.17,0.6781363787164119,3664375746.478348,1888.0
1162549,1323231,,,913143,,,G,1.78935,-15.29291,383.707,,0.0841048320524,-19.65,0.6781374101743278,5701642722.807478,1888.0
1162552,1323234,,,913787,,,G,0.98145,-15.242070000000002,472.0630000000001,,0.102172191086,-19.47,0.6781392082694238,4830588020.397738,1888.0
1162554,1323236,,,914148,,,G,1.0155,-15.21689,483.059,,0.104392102196,-20.04,0.6781397076033385,8165823713.585939,1888.0
1162557,1323239,,,914160,,,G,1.99425,-15.21604,381.944,,0.08374006187000001,-19.25,0.6781401949010717,3944573020.752801,1888.0
1162559,1323241,,,914505,,,G,1.57965,-15.19251,676.0830000000002,,0.14242354121200002,-21.02,0.6781412194414065,20137242498.62389,1888.0
1162561,1323243,,,914782,,,G,1.99785,-15.17312,691.831,,0.145453002727,-20.77,0.678142284480969,15995580286.146713,1888.0
1162563,1323245,,,914934,,,G,0.9849,-15.16029,476.431,,0.103054611527,-20.69,0.6781429728436933,14859356422.87009,1888.0
1162565,1323247,,,915547,,,G,2.4795,-15.11321,385.478,,0.08447107223549999,-20.15,0.6781434337654795,9036494737.223042,1888.0
1162568,1323250,,,915865,,,G,1.7175,-15.09084,594.2919999999998,,0.12651687325799998,-21.69,0.6781453602541575,37325015779.572136,1888.0
1162569,1323251,,,915937,,,G,1.2612,-15.0855,452.898,,0.0982882391441,-19.87,0.6781456182950586,6982324040.771733,1888.0
1162572,1323254,,,916294,,,G,2.09535,-15.0575,381.944,,0.08374006187000001,-19.41,0.6781465162106186,4570881896.148752,1888.0
1162575,1323257,,,916415,,,G,1.47255,-15.04947,459.198,,0.0995669297835,-20.2,0.6781478044506126,9462371613.657913,1888.0
1162579,1323261,,,916800,,,G,1.3503,-15.01994,575.44,,0.122808271404,-20.78,0.6781495743718887,16143585568.264938,1888.0
1162582,1323264,,,917227,,,G,1.33245,-14.99096,289.7340000000001,,0.06441123220560001,-19.18,0.6781506251447048,3698281797.8026743,1888.0
1162590,1323272,,,918024,,,G,1.7328,-14.93343,461.318,,0.0999967999984,-19.99,0.6781560833907513,7798301105.232576,1888.0
1162592,1323274,,,918527,,,G,2.5179,-14.89467,349.945,,0.0770885185443,-19.31,0.6781564884588449,4168693834.7033467,1888.0
1162593,1323275,,,918664,,,G,1.70685,-14.88521,463.447,,0.100428350214,-19.61,0.6781566915488497,5495408738.576271,1888.0
1162598,1323280,,,919045,,,G,2.07495,-14.856229999999998,285.759,,0.0635666117833,-19.22,0.6781582447987885,3837072454.9228,1888.0
1162599,1323281,,,919084,,,G,1.60605,-14.85319,672.977,,0.141824620912,-20.58,0.6781587410351111,13427649611.378641,1888.0
1162606,1323288,,,920237,,,G,1.863,-14.76582,463.447,,0.100428350214,-19.86,0.6781613584420024,6918309709.18939,1888.0
1162621,1323303,,,922449,,,G,1.7361,-14.60622,487.528,,0.105292582646,-20.06,0.6781679774795598,8317637711.02671,1888.0
1162624,1323306,,,923114,,,G,1.4796,-14.553579999999998,883.08,,0.18145920073,-22.09,0.6781706415195845,53951062251.51268,1888.0
1162639,1323321,,,925212,,,G,1.66185,-14.3894,977.237,,0.198694119347,-21.92,0.6781785178822809,46131757456.038086,1888.0
1363801,1527399,,,3306153,,,G,0.95355,-15.2621,409.261,,0.08937310468660001,-18.8,0.766255803106471,2606153549.9988976,1888.0
1363819,1527417,,,3306181,,,G,1.02765,-14.9938,459.198,,0.0995669297835,-18.97,0.7662623457641179,3047894989.6279826,1888.0
1363821,1527419,,,3306185,,,G,1.03515,-15.2319,695.0239999999999,,0.146065993033,-20.19,0.7662639736636994,9375620069.258831,1888.0
1363825,1527423,,,3306189,,,G,1.0455,-15.0139,457.088,,0.0991389495695,-19.44,0.7662647933138294,4698941086.05216,1888.0
1363829,1527427,,,3306194,,,G,1.05135,-15.38081,376.704,,0.08265478132739999,-19.14,0.7662653843088241,3564511334.262453,1888.0
1363852,1527450,,,3306224,,,G,1.11735,-15.0532,1513.56,,0.291794515897,-21.51,0.7662738040937501,31622776601.683792,1888.0
1363873,1527471,,,3306253,,,G,1.1868,-15.1383,1185.77,,0.235846497923,-21.38,0.7662831375129333,28054336379.51716,1888.0
1363883,1527481,,,3306264,,,G,1.20705,-15.3084,903.649,,0.185250332625,-20.69,0.7662865045758038,14859356422.87009,1888.0
1363893,1527491,,,3306278,,,G,1.2339,-15.2271,981.748,,0.199512279756,-20.43,0.7662903795813233,11694993910.198748,1888.0
1363894,1527492,,,3306279,,,G,1.2351,-14.68516,385.478,,0.08447107223549999,-19.15,0.766290512531387,3597493351.557431,1888.0
1363896,1527494,,,3306281,,,G,1.2399,-15.0411,381.944,,0.08374006187000001,-18.48,0.7662907260633809,1940885877.5927796,1888.0
1363910,1527508,,,3306301,,,G,1.2729,-14.9575,794.328,,0.164924632462,-20.35,0.7662966806274295,10864256236.170687,1888.0
1363911,1527509,,,3306302,,,G,1.27425,-14.8085,903.649,,0.185250332625,-20.78,0.7662972772347113,16143585568.264938,1888.0
1363912,1527510,,,3306304,,,G,1.2765,-15.37666,1185.77,,0.235846497923,-20.88,0.7662979314015875,17701089583.174183,1888.0
1363924,1527522,,,3306322,,,G,1.3254,-15.295,450.817,,0.0978652989326,-19.65,0.7663018434042314,5701642722.807478,1888.0
1363930,1527528,,,3306336,,,G,1.3563,-14.8349,480.839,,0.103944381972,-18.91,0.7663031051469879,2884031503.1266,1888.0
1363935,1527533,,,3306343,,,G,1.3755,-15.2529,575.44,,0.122808271404,-19.64,0.7663038368728929,5649369748.123057,1888.0
1363940,1527538,,,3306352,,,G,1.3944,-15.60987,398.107,,0.08707801353900001,-18.45,0.7663049873996965,1887991349.0962925,1888.0
1363944,1527542,,,3306356,,,G,1.40235,-15.5151,580.764,,0.123857221929,-19.56,0.7663064843071428,5248074602.497712,1888.0
1363947,1527545,,,3306360,,,G,1.41975,-15.2053,580.764,,0.123857221929,-20.37,0.7663071369387991,11066237839.776676,1888.0
1363954,1527552,,,3306369,,,G,1.4364,-14.61334,707.946,,0.148542524271,-19.81,0.7663101182181261,6606934480.075964,1888.0
1363955,1527553,,,3306370,,,G,1.4382,-15.2916,748.17,,0.156207738104,-20.51,0.7663105834704486,12589254117.941713,1888.0
1363957,1527555,,,3306373,,,G,1.43985,-15.152,578.096,,0.123331801666,-19.27,0.7663112374195331,4017908108.4893923,1888.0
1363967,1527565,,,3306384,,,G,1.4604,-15.098,899.498,,0.184486562243,-20.26,0.7663145741608596,10000000000.0,1888.0
1363968,1527566,,,3306385,,,G,1.4607,-15.4057,288.403,,0.0641285720643,-18.5,0.7663146472223538,1976969640.111866,1888.0
1363969,1527567,,,3306386,,,G,1.4625,-15.2389,450.817,,0.0978652989326,-19.37,0.7663148100351554,4405548635.065536,1888.0
1363975,1527573,,,3306394,,,G,1.48395,-15.7553,1106.62,,0.221901440951,-20.75,0.7663171949243374,15703628043.33558,1888.0
1363978,1527576,,,3306398,,,G,1.4958,-15.33438,1218.99,,0.241645650823,-21.11,0.7663185968009529,21877616239.49561,1888.0
1363982,1527580,,,3306402,,,G,1.4997,-15.47578,879.023,,0.180709710355,-20.23,0.7663197569044992,9727472237.76964,1888.0
1363986,1527584,,,3306408,,,G,1.5048,-14.6623,887.1560000000002,,0.182211631106,-20.27,0.7663207095206589,10092528860.766834,1888.0
1363990,1527588,,,3306413,,,G,1.5087,-15.45418,748.17,,0.156207738104,-20.23,0.7663225988309623,9727472237.76964,1888.0
1363992,1527590,,,3306417,,,G,1.5135,-15.4169,758.578,,0.15818047909000002,-20.1,0.7663230790760768,8629785477.669737,1888.0
1364010,1527608,,,3306443,,,G,1.55235,-15.805,724.436,,0.151692735846,-20.13,0.7663303664298902,8871560120.37962,1888.0
1364012,1527610,,,3306446,,,G,1.55565,-14.5251,287.078,,0.0638469619235,-17.86,0.7663305624366921,1096478196.1431873,1888.0
1364020,1527618,,,3306461,,,G,1.58535,-15.3523,432.514,,0.0941363270682,-18.93,0.7663346010814771,2937649651.9615426,1888.0
1364027,1527625,,,3306473,,,G,1.6113,-15.8235,717.794,,0.150425175213,-19.92,0.7663373705992894,7311390834.834217,1888.0
1364032,1527630,,,3306479,,,G,1.6272,-14.389,619.441,,0.13143906572,-19.48,0.7663384933179822,4875284901.033871,1888.0
1364035,1527633,,,3306485,,,G,1.63005,-15.2131,544.503,,0.116686558343,-19.15,0.7663389447400345,3597493351.557431,1888.0
1364036,1527634,,,3306486,,,G,1.6302,-15.64,704.693,,0.14791966396,-20.24,0.7663393075578047,9817479430.199823,1888.0
1364037,1527635,,,3306487,,,G,1.63155,-14.9635,461.318,,0.0999967999984,-18.96,0.7663394191640633,3019951720.4020314,1888.0
1364038,1527636,,,3306488,,,G,1.63785,-15.6203,672.977,,0.141824620912,-19.67,0.7663396337931364,5807644175.2131605,1888.0
1364039,1527637,,,3306489,,,G,1.6398,-14.62253,724.436,,0.151692735846,-19.77,0.7663398691292351,6367955209.079162,1888.0
1364040,1527638,,,3306490,,,G,1.64025,-14.4445,403.645,,0.0882183141092,-18.68,0.7663399553652245,2333458062.281005,1888.0
1364052,1527650,,,3306506,,,G,1.6791,-15.2192,744.732,,0.155555057778,-20.54,0.7663454389259483,12941958414.499916,1888.0
1364053,1527651,,,3306507,,,G,1.68075,-14.6247,727.78,,0.152330296165,-20.11,0.7663457608019143,8709635899.560833,1888.0
1364057,1527655,,,3306516,,,G,1.6998,-15.3996,440.555,,0.0957766378883,-19.16,0.7663470033839855,3630780547.7010174,1888.0
1364059,1527657,,,3306519,,,G,1.70385,-14.417,986.279,,0.200333380167,-20.51,0.7663478852068446,12589254117.941713,1888.0
1364061,1527659,,,3306523,,,G,1.7133,-15.7352,1185.77,,0.235846497923,-20.96,0.7663491915223519,19054607179.632526,1888.0
1364066,1527664,,,3306528,,,G,1.72125,-14.8742,465.586,,0.100861580431,-19.13,0.7663509189841569,3531831697.9195704,1888.0
1364072,1527670,,,3306537,,,G,1.7376,-15.12071,1174.9,,0.233942216971,-20.82,0.7663531783346491,16749428760.26445,1888.0
1364079,1527677,,,3306546,,,G,1.755,-15.34949,981.748,,0.199512279756,-20.48,0.766355611470687,12246161992.650517,1888.0
1364080,1527678,,,3306547,,,G,1.75605,-15.1757,691.831,,0.145453002727,-19.97,0.7663558944069088,7655966069.112569,1888.0
1364083,1527681,,,3306551,,,G,1.76145,-15.6224,701.455,,0.14729932365,-19.87,0.7663563823750575,6982324040.771733,1888.0
1364084,1527682,,,3306552,,,G,1.76565,-15.93371,907.821,,0.186017673009,-20.58,0.7663568786113802,13427649611.378641,1888.0
1364088,1527686,,,3306558,,,G,1.7757,-14.9518,605.341,,0.128682814341,-19.91,0.7663576621720749,7244359600.74989,1888.0
1364090,1527688,,,3306560,,,G,1.7784,-14.7638,779.83,,0.162195681098,-20.39,0.7663581690427779,11271974561.75514,1888.0
1364092,1527690,,,3306564,,,G,1.7802,-15.085,870.9639999999998,,0.17921891960900002,-20.47,0.7663592961831923,12133888504.649809,1888.0
1364096,1527694,,,3306568,,,G,1.7916,-15.5831,1721.87,,0.326023903012,-21.88,0.76636213058055,44463126746.910835,1888.0
1364097,1527695,,,3306569,,,G,1.7922,-14.70644,721.107,,0.151057695529,-20.1,0.7663624495055393,8629785477.669737,1888.0
1364109,1527707,,,3306586,,,G,1.81665,-14.8611,676.0830000000002,,0.14242354121200002,-19.73,0.766366739643035,6137620051.647945,1888.0
1364110,1527708,,,3306587,,,G,1.81695,-15.6893,1224.62,,0.242625301313,-21.19,0.7663676099822456,23550492838.96009,1888.0
1364116,1527714,,,3306598,,,G,1.8318,-15.68832,711.2139999999998,,0.149167694584,-19.95,0.7663701254334299,7516228940.182045,1888.0
1364118,1527716,,,3306601,,,G,1.84515,-15.7498,679.204,,0.143024771512,-20.04,0.7663706478542915,8165823713.585939,1888.0
1364119,1527717,,,3306603,,,G,1.84605,-15.3873,444.631,,0.0966069783035,-19.44,0.7663708215097944,4698941086.05216,1888.0
1364121,1527719,,,3306606,,,G,1.85085,-15.2058,695.0239999999999,,0.146065993033,-20.04,0.7663716525722079,8165823713.585939,1888.0
1364122,1527720,,,3306607,,,G,1.85085,-15.4465,454.98800000000006,,0.09871264935630003,-19.31,0.7663718066317313,4168693834.7033467,1888.0
1364125,1527723,,,3306610,,,G,1.8573,-16.0227,672.977,,0.141824620912,-19.93,0.7663728121775478,7379042301.291045,1888.0
1364129,1527727,,,3306616,,,G,1.8717,-15.2368,1056.82,,0.213031246516,-20.97,0.7663741382257757,19230917289.101616,1888.0
1364130,1527728,,,3306618,,,G,1.88265,-15.90232,364.754,,0.080174050087,-18.49,0.7663742106174379,1958844673.5059886,1888.0
1364133,1527731,,,3306622,,,G,1.89165,-16.0229,672.977,,0.141824620912,-20.41,0.766375476618668,11481536214.968842,1888.0
1364135,1527733,,,3306625,,,G,1.8984,-16.0516,835.6030000000002,,0.172650326325,-20.2,0.7663762665520021,9462371613.657913,1888.0
1364138,1527736,,,3306628,,,G,1.9041,-15.1132,714.4960000000002,,0.149795174898,-19.76,0.7663769512726795,6309573444.801943,1888.0
1364139,1527737,,,3306629,,,G,1.91055,-16.1339,679.204,,0.143024771512,-19.81,0.7663771954405693,6606934480.075964,1888.0
1364142,1527740,,,3306633,,,G,1.9164,-15.50983,444.631,,0.0966069783035,-18.8,0.7663776022985691,2606153549.9988976,1888.0
1364144,1527742,,,3306636,,,G,1.9227,-15.53823,701.455,,0.14729932365,-20.37,0.7663780766825241,11066237839.776676,1888.0
1364145,1527743,,,3306637,,,G,1.9236,-15.37893,368.129,,0.08087545043769999,-20.39,0.7663784932530607,11271974561.75514,1888.0
1364146,1527744,,,3306638,,,G,1.9251,-14.3783,332.66,,0.0734710567355,-18.26,0.7663785518248579,1584893192.4611173,1888.0
1364149,1527747,,,3306644,,,G,1.9311,-16.1057,669.885,,0.141228220614,-20.12,0.7663800069405153,8790225168.308859,1888.0
1364151,1527749,,,3306647,,,G,1.93335,-16.0657,839.46,,0.173369156685,-20.37,0.7663806116518239,11066237839.776676,1888.0
1364154,1527752,,,3306651,,,G,1.9485,-15.62729,682.3389999999998,,0.143628101814,-20.48,0.7663817383578432,12246161992.650517,1888.0
1364156,1527754,,,3306653,,,G,1.9503,-14.534,866.962,,0.17847782923900002,-20.13,0.7663822619619712,8871560120.37962,1888.0
1364166,1527764,,,3306666,,,G,1.97175,-15.11104,805.378,,0.1669992235,-20.31,0.7663867987800246,10471285480.508986,1888.0
1364167,1527765,,,3306667,,,G,1.9749,-14.82414,1148.15,,0.229241364621,-20.88,0.7663874529469008,17701089583.174183,1888.0
1364168,1527766,,,3306670,,,G,1.97805,-16.15064,669.885,,0.141228220614,-19.65,0.7663876636585517,5701642722.807478,1888.0
1364171,1527769,,,3306675,,,G,1.9818,-15.90774,972.747,,0.19787910894,-20.68,0.7663894410779823,14723125024.327225,1888.0
1364174,1527772,,,3306679,,,G,1.9875,-16.11091,669.885,,0.141228220614,-19.67,0.7663900923171479,5807644175.2131605,1888.0
1364176,1527774,,,3306681,,,G,1.99995,-15.87854,704.693,,0.14791966396,-20.45,0.7663906112043418,11912420080.273762,1888.0
1364180,1527778,,,3306686,,,G,2.01285,-15.2525,669.885,,0.141228220614,-19.81,0.766391861054126,6606934480.075964,1888.0
1364182,1527780,,,3306688,,,G,2.0157,-14.5892,463.447,,0.100428350214,-18.97,0.7663924262659698,3047894989.6279826,1888.0
1364186,1527784,,,3306693,,,G,2.0178,-15.405,398.107,,0.08707801353900001,-18.63,0.7663947126002775,2228435149.2702985,1888.0
1364189,1527787,,,3306697,,,G,2.0235,-15.1222,903.649,,0.185250332625,-20.27,0.7663954723916663,10092528860.766834,1888.0
1364192,1527790,,,3306702,,,G,2.0322,-15.14286,381.944,,0.08374006187000001,-19.46,0.7663964568555485,4786300923.226399,1888.0
1364194,1527792,,,3306704,,,G,2.0358,-15.3236,758.578,,0.15818047909000002,-20.07,0.7663969012691819,8394599865.193998,1888.0
1364196,1527794,,,3306706,,,G,2.05155,-15.6239,602.56,,0.128138284069,-20.96,0.766398106285009,19054607179.632526,1888.0
1364202,1527800,,,3306713,,,G,2.06745,-14.8798,542.001,,0.116189488095,-19.22,0.7664005006985364,3837072454.9228,1888.0
1364209,1527807,,,3306727,,,G,2.10135,-14.7187,851.138,,0.175541817771,-20.2,0.7664023225680799,9462371613.657913,1888.0
1364212,1527810,,,3306732,,,G,2.11695,-15.6631,539.511,,0.115694517847,-19.52,0.7664033664833856,5058246620.031148,1888.0
1364219,1527817,,,3306741,,,G,2.12985,-14.73066,847.227,,0.17481479740699998,-20.27,0.7664058204712949,10092528860.766834,1888.0
1364221,1527819,,,3306743,,,G,2.1411,-15.573,547.016,,0.117185518593,-19.48,0.7664062113554645,4875284901.033871,1888.0
1364226,1527824,,,3306749,,,G,2.15655,-15.4752,474.242,,0.102612561306,-19.02,0.7664077131094778,3191537855.1007576,1888.0
1364228,1527826,,,3306751,,,G,2.1576,-15.3626,707.946,,0.148542524271,-19.79,0.7664085019677185,6486344335.482401,1888.0
1364230,1527828,,,3306753,,,G,2.1615,-15.3479,711.2139999999998,,0.149167694584,-20.71,0.7664092759531119,15135612484.362131,1888.0
1364237,1527835,,,3306760,,,G,2.178,-15.116970000000002,734.5139999999999,,0.153612766806,-20.94,0.7664119158616423,18706821403.658016,1888.0
1364239,1527837,,,3306763,,,G,2.184,-16.18517,403.645,,0.0882183141092,-18.78,0.7664125348487587,2558585886.905653,1888.0
1364246,1527844,,,3306774,,,G,2.19795,-14.6185,334.195,,0.0737929868965,-18.2,0.7664158409572899,1499684835.502374,1888.0
1364248,1527846,,,3306777,,,G,2.2098,-15.5679,446.684,,0.09702466851230003,-18.74,0.7664164966249741,2466039337.234336,1888.0
1364249,1527847,,,3306778,,,G,2.21595,-15.8162,396.278,,0.0867008533504,-18.84,0.7664165965532858,2703958364.108846,1888.0
1364252,1527850,,,3306781,,,G,2.22345,-15.588,779.83,,0.162195681098,-20.35,0.7664173438735224,10864256236.170687,1888.0
1364256,1527854,,,3306786,,,G,2.2302,-14.8541,816.582,,0.169098174549,-20.65,0.7664191598649228,14321878992.735456,1888.0
1364257,1527855,,,3306791,,,G,2.23875,-14.5976,337.287,,0.07444125722060001,-18.13,0.7664192118272448,1406047524.1299126,1888.0
1364261,1527859,,,3306796,,,G,2.25105,-15.17,385.478,,0.08447107223549999,-19.3,0.7664206167106709,4130475019.9016094,1888.0
1364262,1527860,,,3306798,,,G,2.2542,-15.2694,903.649,,0.185250332625,-20.61,0.7664211268496983,13803842646.028866,1888.0
1364265,1527863,,,3306802,,,G,2.26035,-16.1518,403.645,,0.0882183141092,-19.3,0.7664219329718334,4130475019.9016094,1888.0
1364266,1527864,,,3306803,,,G,2.2644,-15.6881,933.254,,0.190681145341,-20.4,0.7664223533968498,11376272858.234331,1888.0
1364276,1527874,,,3306815,,,G,2.2767,-15.9707,707.946,,0.148542524271,-19.74,0.7664268702062531,6194410750.767812,1888.0
1364280,1527878,,,3306820,,,G,2.2842,-14.7336,1191.24,,0.236803468402,-20.84,0.7664289967309688,17060823890.03121,1888.0
1364281,1527879,,,3306821,,,G,2.2854,-15.32369,487.528,,0.105292582646,-19.28,0.7664291465919424,4055085354.48386,1888.0
1364283,1527881,,,3306824,,,G,2.29065,-15.8683,783.43,,0.162873981437,-20.15,0.7664296991667288,9036494737.223042,1888.0
1364285,1527883,,,3306827,,,G,2.29515,-15.28749,714.4960000000002,,0.149795174898,-20.48,0.766430576054795,12246161992.650517,1888.0
1364286,1527884,,,3306828,,,G,2.29725,-15.7169,794.328,,0.164924632462,-20.52,0.7664310456120443,12705741052.085394,1888.0
1364287,1527885,,,3306830,,,G,2.3004,-14.6496,816.582,,0.169098174549,-20.09,0.7664313616131119,8550667128.846841,1888.0
1364288,1527886,,,3306832,,,G,2.3055,-15.5794,483.059,,0.104392102196,-19.52,0.7664315485472197,5058246620.031148,1888.0
1364291,1527889,,,3306836,,,G,2.31,-16.09151,790.679,,0.164238562119,-20.15,0.7664326218929215,9036494737.223042,1888.0
1364293,1527891,,,3306839,,,G,2.31075,-15.7564,790.679,,0.164238562119,-20.56,0.7664332186411252,13182567385.564049,1888.0
1364296,1527894,,,3306843,,,G,2.32035,-15.9811,396.278,,0.0867008533504,-19.07,0.7664340261711078,3341950400.261149,1888.0
1364297,1527895,,,3306844,,,G,2.32065,-16.2082,741.31,,0.154905107453,-20.65,0.7664345554548446,14321878992.735456,1888.0
1364300,1527898,,,3306849,,,G,2.3289,-14.8231,657.658,,0.138865509433,-19.6,0.7664350805249581,5445026528.424242,1888.0
1364301,1527899,,,3306850,,,G,2.32995,-14.419,1042.32,,0.210434175217,-20.6,0.7664355859870028,13677288255.958578,1888.0
1364302,1527900,,,3306851,,,G,2.3331,-15.70349,378.443,,0.0830151415076,-18.89,0.7664356906247907,2831391995.799391,1888.0
1364309,1527907,,,3306860,,,G,2.3526,-15.6075,1106.62,,0.221901440951,-20.77,0.7664381594439589,15995580286.146713,1888.0
1364311,1527909,,,3306863,,,G,2.36145,-15.4328,783.43,,0.162873981437,-20.48,0.7664388923591109,12246161992.650517,1888.0
1364315,1527913,,,3306867,,,G,2.3703,-15.6158,450.817,,0.0978652989326,-18.79,0.7664405163035302,2582260190.634601,1888.0
1364316,1527914,,,3306868,,,G,2.3715,-15.1198,383.707,,0.0841048320524,-18.77,0.7664406099925187,2535128630.497907,1888.0
1364317,1527915,,,3306870,,,G,2.37555,-16.2328,831.7639999999999,,0.171934645967,-20.22,0.7664409661881182,9638290236.239744,1888.0
1364318,1527916,,,3306871,,,G,2.38005,-15.9511,741.31,,0.154905107453,-20.38,0.7664413789395131,11168632477.805613,1888.0
1364319,1527917,,,3306873,,,G,2.3838,-15.24236,827.942,,0.17122127561099998,-20.99,0.7664421028561371,19588446735.05989,1888.0
1364325,1527923,,,3306884,,,G,2.42445,-14.6242,1037.53,,0.209574644787,-20.64,0.7664445458301478,14190575216.890957,1888.0
1364328,1527926,,,3306887,,,G,2.43705,-15.932,642.688,,0.135964147982,-19.8,0.7664452817747113,6546361740.672761,1888.0
1364335,1527933,,,3306896,,,G,2.4903,-15.9036,572.7959999999998,,0.122286841143,-19.32,0.7664469339110925,4207266283.8444633,1888.0
1364337,1527935,,,3306898,,,G,2.50155,-15.1633,636.7959999999998,,0.13481943741,-19.99,0.7664476916647406,7798301105.232576,1888.0
1364338,1527936,,,3306899,,,G,2.5017,-15.5293,537.0319999999998,,0.115201437601,-19.41,0.7664478605876488,4570881896.148752,1888.0
1364341,1527939,,,3306903,,,G,2.523,-15.7304,440.555,,0.0957766378883,-19.44,0.7664488556910737,4698941086.05216,1888.0
1364342,1527940,,,3306904,,,G,2.5296,-15.9946,1207.81,,0.23969747984900006,-20.92,0.7664495344077964,18365383433.483585,1888.0
1364343,1527941,,,3306905,,,G,2.53815,-14.6874,1218.99,,0.241645650823,-21.33,0.7664505245294302,26791683248.19037,1888.0
1364348,1527946,,,3306915,,,G,2.5815,-15.0141,385.478,,0.08447107223549999,-18.4,0.7664520083089351,1803017740.8595695,1888.0
1364351,1527949,,,3306918,,,G,2.5992,-15.8395,608.135,,0.129229864615,-19.57,0.7664525893692437,5296634438.916602,1888.0
1364352,1527950,,,3306919,,,G,2.60295,-16.01454,554.626,,0.118694579347,-19.81,0.7664528335371333,6606934480.075964,1888.0
1364354,1527952,,,3306921,,,G,2.6052,-16.0035,552.077,,0.118189529095,-19.74,0.7664534639624438,6194410750.767812,1888.0
1364355,1527953,,,3306922,,,G,2.60715,-15.4488,651.628,,0.137698118849,-19.83,0.7664537126697536,6729766562.843196,1888.0
1364356,1527954,,,3306924,,,G,2.61855,-15.4978,1116.86,,0.223716051858,-20.86,0.7664543548967387,17378008287.49384,1888.0
1364359,1527957,,,3306928,,,G,2.6466,-15.6559,737.904,,0.154257677129,-19.83,0.7664555056809442,6729766562.843196,1888.0
1364361,1527959,,,3306930,,,G,2.64915,-15.2531,1096.48,,0.220101530051,-20.7,0.7664562434312312,14996848355.02374,1888.0
1364363,1527961,,,3306935,,,G,2.6646,-15.0421,657.658,,0.138865509433,-19.86,0.7664569818189041,6918309709.18939,1888.0
1364367,1527965,,,3306941,,,G,2.70315,-15.43196,1122.02,,0.224629132315,-20.74,0.7664583924798275,15559656316.05075,1888.0
1364368,1527966,,,3306942,,,G,2.70345,-15.2034,559.758,,0.119710769855,-19.63,0.7664585993455574,5597576014.951093,1888.0
1364369,1527967,,,3306945,,,G,2.71065,-15.20946,657.658,,0.138865509433,-20.23,0.7664589588369941,9727472237.76964,1888.0
1364370,1527968,,,3306946,,,G,2.71155,-14.9612,1713.96,,0.324741012371,-21.95,0.7664607114601679,47424198526.02448,1888.0
1364371,1527969,,,3306947,,,G,2.72625,-15.7152,679.204,,0.143024771512,-19.77,0.7664609467962668,6367955209.079162,1888.0
1364373,1527971,,,3306949,,,G,2.736,-14.913,1091.44,,0.219205669603,-21.18,0.7664620768809268,23334580622.810143,1888.0
1364374,1527972,,,3306950,,,G,2.7381,-15.0094,648.634,,0.137117678559,-19.6,0.7664622781089911,5445026528.424242,1888.0
1364376,1527974,,,3306953,,,G,2.75205,-15.838970000000002,717.794,,0.150425175213,-19.99,0.7664630859286099,7798301105.232576,1888.0
1364377,1527975,,,3306954,,,G,2.775,-15.3685,1111.73,,0.222807381404,-20.84,0.7664637164336315,17060823890.03121,1888.0
1364379,1527977,,,3306957,,,G,2.781,-15.7441,314.775,,0.06970974485489999,-18.69,0.7664643376486917,2355049283.896009,1888.0
1364382,1527980,,,3306960,,,G,2.799,-15.0068,657.658,,0.138865509433,-19.83,0.7664652387272184,6729766562.843196,1888.0
1364383,1527981,,,3306961,,,G,2.80035,-15.68298,537.0319999999998,,0.115201437601,-20.09,0.7664655547282859,8550667128.846841,1888.0
1364384,1527982,,,3306962,,,G,2.8116,-15.64248,547.016,,0.117185518593,-19.87,0.7664658127691869,6982324040.771733,1888.0
1364387,1527985,,,3306966,,,G,2.82195,-15.8173,467.735,,0.101296700648,-20.03,0.7664666237824735,8090958991.783845,1888.0
1364388,1527986,,,3306967,,,G,2.8407,-15.6735,765.597,,0.15950851975400002,-19.94,0.7664668990078978,7447319739.059889,1888.0
1364389,1527987,,,3306968,,,G,2.8413,-15.0322,527.23,,0.113248856624,-19.51,0.7664670842281835,5011872336.272736,1888.0
1364407,1528005,,,3306989,,,G,2.9871,-15.3864,651.628,,0.137698118849,-20.43,0.7664747933672498,11694993910.198748,1888.0
1573226,2481780,,,6dFJ0019014-142918,,,G,4.7559,-14.48843,594.2919999999998,,0.12651687325799998,-19.74,0.9803061499029792,6194410750.767812,1888.0
1573744,2482300,,,6dFJ0009185-142027,,,G,2.32695,-14.34092,920.45,,0.188336074168,-20.63,0.9805585619884856,14060475241.29913,1888.0
