,Unnamed: 0,PGC,GWGC,HyperLEDA,2MASS,SDSS-DR12,flag,RA,dec,Luminosity Distance,Distance Error,Redshift,Absolute B Magnitude,Luminosity_Rank,B Luminosity
9030,9509,,,ESO012-021,00404625-7914244,,G,10.192734,-79.240112,129.321020107,,0.031632,-20.4863,0.005867723230644072,12317427082.782341
12027,12508,,,ESO029-007,00435972-7635270,,G,10.998866,-76.590843,150.425420411,,0.025554,-21.6926,0.007807261679993908,37414504671.74471
14006,14490,,,ESO013-007,00595997-7957252,,G,14.999884,-79.957001,108.50519904299999,,0.028587,-20.0863,0.00906273572667015,8521577537.90451
15729,16213,,,,01090399-7430559,,G,17.266636,-74.51553299999998,151.300973667,,0.029406,-18.1902,0.010174388698857898,1486209386.959773
18548,19033,2541.0,ESO012-023,ESO012-023,00425124-7958572,,G,10.713517,-79.982567,106.503175495,,0.028437,-20.2058,0.01194037730671076,9513054832.648766
25793,26281,,,232029,00483424-7842564,,G,12.142702,-78.71566800000002,140.85573839100002,,0.027589,-21.0989,0.016372421846324658,21655090347.718624
27088,27576,,,ESO012-024,00430579-7740197,,G,10.774164,-77.672165,165.239312254,,0.039768,-19.1186,0.017183404123574296,3494942218.519595
28161,28649,2945.0,PGC002945,PGC002945,00503951-7952028,,G,12.664662,-79.867455,77.1767754951,,0.027554,-19.3304,0.017852573795093356,4247760283.9486265
33541,34031,,,273558,,,G,13.1433,-70.47142,280.651598016,,0.0613658106829,-19.8908,0.02099821440430712,7117377482.47806
37051,37542,,,138343,01193066-7523224,,G,19.877777,-75.389565,117.187301457,,0.037646,-19.5634,0.023014441141356624,5264534789.8657255
38660,39151,,,238824,00584379-7647478,,G,14.682483,-76.796638,166.146267808,,0.040622000000000005,-20.0995,0.02393507446827753,8625812229.5348
43673,44166,143920.0,PGC143920,PGC143920,01033946-7424438,,G,15.91445,-74.412193,128.46070468,,0.029745,-19.7689,0.025493576036741333,6361506862.317085
48419,48912,2821.0,ESO013-002,ESO013-002,00480400-7835493,,G,12.016688,-78.597031,112.22364145200001,,0.026144,-20.6254,0.02668197557676083,14001030445.911451
48426,48919,3003.0,ESO013-005,ESO013-005,00512101-7850551,,G,12.837581,-78.848663,142.399104575,,0.03323,-21.0215,0.026683994456451487,20165082353.92133
78913,79406,,,3740,01024889-7956040,,G,15.703741,-79.934448,221.95266521099998,,0.050099,-20.6213,0.03742291394668958,13948258902.670164
93436,93929,,,143696,00424579-7705487,,G,10.690815,-77.096878,282.864457078,,0.06323200000000001,-20.3709,0.04491334790604925,11075414786.320013
93451,93944,,,143752,00475068-7715306,,G,11.961181,-77.258507,213.51306636799998,,0.04829,-20.7231,0.044919408917505184,15319338057.136719
93461,93954,,,143803,00555881-7542086,,G,13.995054,-75.70240799999998,195.650918587,,0.044044,-20.5664,0.04492453426254348,13260503057.260885
93483,93976,,,143935,01054287-7453325,,G,16.428632999999998,-74.892372,190.90712972900002,,0.043154000000000005,-20.8441,0.044936909269114006,17125371444.814009
93499,93992,,,144031,01140718-7859479,,G,18.52993,-78.996643,276.92444031900004,,0.061973,-21.2138,0.044946917833741835,24072433741.517967
101448,101941,,,231756,00453447-7849411,,G,11.393637,-78.828102,275.695460883,,0.061711,-20.6951,0.049235274094545166,14929319073.57081
101450,101943,,,231819,00412471-7847530,,G,10.352997,-78.79808,163.738879474,,0.038682,-21.0218,0.049236710225992256,20170654941.930656
101468,101961,,,232445,00454783-7833039,,G,11.449314,-78.551109,206.909414873,,0.046778,-21.0909,0.04924737003128727,21496116147.250763
101501,101994,,,233141,00402317-7817255,,G,10.09655,-78.290428,227.523373065,,0.051317,-20.7901,0.04926913994161782,16294461032.608969
101597,102090,,,236670,00563641-7719284,,G,14.151741,-77.324577,202.401292189,,0.045616,-20.6751,0.04932118191274134,14656828291.16725
101603,102096,,,236801,00451990-7717195,,G,11.332929,-77.28877299999998,278.604445913,,0.062324,-21.2079,0.049324646255360205,23941976489.553814
101859,102352,,,249989,01085656-7427448,,G,17.235708,-74.462463,203.13997249099998,,0.045994,-20.916,0.04946436323603838,18297847342.95412
129385,129878,,,2816248,00423030-7428496,,G,10.62625,-74.480461,206.353593376,,0.046739,-21.0251,0.06164610214830212,20232055142.113518
134937,135430,,,ESO029-010,00452490-7623036,,G,11.353762,-76.384338,160.67679358700002,,0.037711,-20.2368,0.06403962759902031,9788586884.05716
138384,138877,,,4120,01092408-7854154,,G,17.350344,-78.904289,233.186884939,,0.052551,-21.1495,0.06590632090143851,22688197811.445118
142793,143286,,,143747,00464546-7713227,,G,11.689423,-77.222984,246.532511932,,0.055436,-20.8764,0.06806717543904697,17642494877.144676
142798,143291,,,143762,00493126-7010352,,G,12.380259,-70.17645300000001,209.055505922,,0.047195,-20.2683,0.0680687803463354,10076738769.299023
142801,143294,,,143796,00550677-7525409,,G,13.778242,-75.428055,122.494535058,,0.028325,-20.8716,0.06807094573155746,17564670210.144382
142807,143300,,,143871,01011861-7744433,,G,15.327578,-77.745369,75.06846465689999,,0.017544999999999998,-18.9453,0.06807352154454804,2979339537.644107
142808,143301,,,143874,01012617-7435483,,G,15.359076000000002,-74.59676400000002,189.22539448400002,,0.042829,-20.4559,0.06807396418240015,11977329574.633678
142815,143308,,,143978,01092574-7137353,,G,17.357275,-71.626488,191.574585595,,0.04367,-20.6437,0.06807725508437082,14239016720.41065
142820,143313,,,143990,01112091-7721238,,G,17.837149,-77.356613,233.460126639,,0.052609,-21.0921,0.06808007807811628,21519887667.0251
142824,143317,,,144032,01151950-7409491,,G,18.831278,-74.163651,233.534229975,,0.052622,-20.9498,0.06808240842857925,18876436002.67234
146528,147021,,,229322,01025137-7947310,,G,15.714052,-79.791954,229.012341135,,0.051641999999999987,-20.0383,0.06968526064060826,8153048015.331681
146529,147022,,,229333,00585992-7947150,,G,14.749670000000002,-79.787521,239.950449792,,0.054021000000000007,-19.9526,0.0696855390786366,7534249535.408196
146551,147044,,,229783,00420928-7937103,,G,10.53867,-79.619545,207.626152148,,0.04693,-20.4814,0.06969674889812214,12261962962.551338
146591,147084,,,230715,01013259-7915556,,G,15.385793,-79.265457,277.313865502,,0.062059,-20.9709,0.0697140349389708,19246864994.41001
146592,147085,,,230736,00420838-7915353,,G,10.534947,-79.259819,207.21263049799998,,0.046832,-20.1281,0.06971436222581598,8856048779.70274
146594,147087,,,230780,00430625-7914320,,G,10.776074,-79.242249,248.42080425,,0.055852,-20.9479,0.06971590608766788,18843431793.0824
146603,147096,,,231058,01015529-7907295,,G,15.480378,-79.124863,236.907687997,,0.053358,-20.5979,0.06972007070106788,13650859602.129223
146616,147109,,,231410,01061170-7858294,,G,16.54879,-78.974846,200.443003506,,0.045032,-19.623,0.06972542833333754,5561603195.975932
146617,147110,,,231415,00502415-7858204,,G,12.600657,-78.97234300000002,249.51892212599998,,0.056087,-21.1105,0.06972623722163028,21887693574.31415
146618,147111,,,231429,01104486-7858029,,G,17.686927999999995,-78.967476,247.23468333900001,,0.055593,-19.4775,0.06972641697976371,4864072056.914629
146623,147116,,,231519,01100350-7855558,,G,17.514584,-78.932175,198.29346908099998,,0.044474,-20.7935,0.06973015586727525,16345567371.97571
146625,147118,,,231547,00574086-7855096,,G,14.420279999999998,-78.91933399999998,253.39312422,,0.056922,-20.936,0.06973115880383883,18638029723.462086
146627,147120,,,231581,01072083-7854139,,G,16.836821,-78.90387,252.55923440400002,,0.056742,-19.9748,0.06973175228558269,7689887742.720203
146629,147122,,,231611,01051238-7853413,,G,16.301603,-78.894806,262.00496872599996,,0.058775,-20.9915,0.06973277825990089,19615527877.010826
146641,147134,,,231924,01050604-7845122,,G,16.275181,-78.753403,237.204420045,,0.053422,-20.4666,0.069739551039806,12095950474.745806
146675,147168,,,232730,00454230-7826390,,G,11.426287,-78.444183,165.515905786,,0.038995,-19.5432,0.06975460759955998,5167494225.61657
146738,147231,,,234403,00563349-7753402,,G,14.139549,-77.894501,232.728445366,,0.05245,-21.0572,0.06978732315088734,20839149965.46561
146801,147294,,,237571,00573591-7706410,,G,14.399656,-77.111412,193.833998393,,0.043423,-19.7631,0.06981458223223014,6327614316.643155
146837,147330,,,239073,01051199-7643544,,G,16.299967000000002,-76.731804,234.970309841,,0.052934,-20.7581,0.06983153679296937,15821221107.222637
146875,147368,,,241345,00483788-7608413,,G,12.157874,-76.144821,188.47621122200002,,0.04244,-20.5143,0.06984859979632782,12639212046.135277
147016,147509,,,247759,01000733-7453030,,G,15.030578,-74.884186,240.62802912,,0.054155,-20.1577,0.06991387260304338,9100809002.898542
147026,147519,,,248592,01150897-7444091,,G,18.787407,-74.735863,204.994300545,,0.04645,-20.6667,0.06991810605589333,14543870536.974016
147038,147531,,,249240,01075692-7436490,,G,16.987188,-74.613632,154.57069674,,0.036063,-20.3546,0.0699240915716533,10910383090.297176
147186,147679,,,258547,01192743-7301304,,G,19.864321,-73.025124,251.627758763,,0.056514,-21.2538,0.06999054559743173,24975834044.721107
184300,184793,,,ESO013-004,00502190-7918364,,G,12.59129,-79.31012700000002,181.98307594599999,,0.041073,-21.1342,0.08447764135498376,22370721954.413143
184315,184808,,,ESO013-014,01155613-7902505,,G,18.9839,-79.047379,104.075867355,,0.024285,-19.9958,0.08448651148961744,7840071077.794492
184317,184810,,,ESO029-041,01183962-7600056,,G,19.665121,-76.001579,206.45464472400002,,0.046778,-20.7651,0.08448784897694914,15923553816.479548
190508,191001,,,,00453280-7307086,,G,11.386693,-73.119064,206.67513135599998,,0.046815,-20.0034,0.08655813949748567,7895142990.336275
190509,191002,,,,00485252-7239063,,G,12.218861,-72.651772,255.58831445299998,,0.057372,-19.9067,0.08655840640976242,7222374432.829069
190510,191003,,,,00481483-7351432,,G,12.061813,-73.862,57.369719379799996,,0.012795,-18.7254,0.08655849632815814,2433100231.225017
190511,191004,,,,00485309-7427153,,G,12.22121,-74.454269,219.124744509,,0.049518,-20.8485,0.08655913178864301,17194913681.32731
190512,191005,,,,00510725-7339218,,G,12.780241,-73.656059,256.30637312700003,,0.057528,-20.3128,0.08655951976793824,10498324680.109762
190513,191006,,,,00511677-7340016,,G,12.819884,-73.66713,259.52552805700003,,0.058219000000000014,-20.3549,0.08655992308681572,10913398157.080393
190514,191007,,,,00500009-7217230,,G,12.500397,-72.289749,137.991553354,,0.031954,-19.2653,0.08656007093246533,4000552738.4811907
190515,191008,,,,00525126-7332033,,G,13.213622,-73.53427099999998,260.692646512,,0.058469000000000014,-20.1426,0.08656040261954133,8975114545.538988
190516,191009,,,,00514568-7404297,,G,12.940363,-74.074936,278.94711794200003,,0.062378,-19.5856,0.08656060119636047,5373286531.253618
190517,191010,,,,00554918-7430587,,G,13.954923999999998,-74.516327,217.71861488099998,,0.04922,-20.2575,0.08656096990944509,9977000638.225586
190518,191011,,,,00545427-7513549,,G,13.726125,-75.231934,265.304365585,,0.059464,-20.7407,0.08656154530771243,15569691231.72969
190519,191012,,,,00564242-7345214,,G,14.176754999999998,-73.755966,248.341716442,,0.055815,-20.4422,0.08656198239537674,11827147144.199705
190520,191013,,,,00584187-7203428,,G,14.67446,-72.061913,234.41433402299998,,0.052813,-20.4199,0.08656241059723711,11586706337.312996
190521,191014,,,,00582743-7239519,,G,14.614317000000002,-72.664436,216.792283395,,0.049014,-19.3632,0.08656257239352369,4378042770.355599
190522,191015,,,,00584791-7317028,,G,14.699645,-73.284126,260.678638702,,0.058463,-19.7195,0.08656279703427855,6078550092.3652115
190523,191016,,,,00582540-7312539,,G,14.605854999999998,-73.214989,206.05964377400002,,0.046696,-19.033,0.08656291640245238,3229981240.595638
190524,191017,,,,00582082-7329339,,G,14.586757999999998,-73.492767,229.84960324099998,,0.051828,-21.0872,0.08656370811686273,21422985803.600315
190525,191018,,,,00574562-7427118,,G,14.440112,-74.453278,267.42777044,,0.059916,-20.535,0.08656418420630403,12882495516.931322
190526,191019,,,,00573985-7428297,,G,14.416054999999998,-74.47493,103.804808115,,0.024031,-19.0791,0.08656430875195006,3370078367.238649
190527,191020,,,,00585085-7436238,,G,14.711897,-74.60662099999998,268.822268688,,0.060215,-20.6783,0.08656485201297644,14700090213.72293
190528,191021,,,,00594163-7310391,,G,14.923473,-73.17752800000002,224.436605844,,0.050661000000000005,-20.1085,0.08656517344456141,8697611401.030085
190529,191022,,,,01013829-7229153,,G,15.409543,-72.487587,265.093968256,,0.059406,-20.881,0.08656582821422512,17717400399.43131
190530,191023,,,,01033257-7426159,,G,15.885739,-74.437775,283.409668475,,0.063331,-20.1941,0.08656617601340197,9411091588.919506
190531,191024,,,,01033409-7427009,,G,15.892071,-74.450272,264.930334908,,0.05938,-19.8317,0.08656642511043218,6740312001.403939
190532,191025,,,,01023031-7312130,,G,15.626309,-73.203621,244.67781514700002,,0.055025,-20.275,0.08656679981462248,10139113857.3668
190533,191026,,,,01024916-7153181,,G,15.704872,-71.888367,68.6913195991,,0.015835,-21.3405,0.08656779955803183,27052038697.193626
190534,191027,,,,01050319-7406585,,G,16.263327,-74.11625699999998,254.19925907099997,,0.057075,-21.0729,0.08656858091330921,21142678214.21883
190535,191028,,,,01071612-7206109,,G,16.817179,-72.10305,64.8481541467,,0.014805,-17.8905,0.0865686225895511,1127716669.3314695
190536,191029,,,,01081584-7232319,,G,17.066031,-72.542213,197.43222567700002,,0.044764,-20.0821,0.08656893629968622,8488676830.0978155
190537,191030,,,,01075164-7436531,,G,16.965204,-74.614754,213.05276663200002,,0.048238,-19.9474,0.0865692134073582,7498251447.039386
190538,191031,,,,01123206-7656313,,G,18.133606,-76.94203900000002,262.803819637,,0.058935,-21.2232,0.08657011077116616,24281750928.687
190539,191032,,,,01124993-7307112,,G,18.208065,-73.119804,105.711636741,,0.024348,-18.3726,0.08657017574351236,1758085532.163517
190540,191033,,,,01115828-7216182,,G,17.992849,-72.27172900000002,38.4600614044,,0.008526,-17.924,0.08657021872570338,1163054323.3284714
190541,191034,,,,01180721-7433564,,G,19.530054,-74.565689,158.789405219,,0.037022,-19.3961,0.08657038549978192,4512736752.718133
201340,201833,,,,00414573-7137328,,G,10.440571,-71.625801,242.28543126,,0.054512,-20.4656,0.0902899073196447,12084814821.591228
201345,201838,,,,00523437-7028172,,G,13.143229000000002,-70.471458,260.753347696,,0.058472,-21.5971,0.0902925193318444,34264152948.59835
201346,201839,,,,00535901-7156455,,G,13.495882,-71.945999,185.289585257,,0.042342000000000005,-18.9673,0.09029263169102147,3040324925.542634
202780,203273,,,,00570225-7036511,,G,14.259379999999998,-70.61421999999997,271.926843655,,0.060861,-20.9013,0.09079709051766742,18051778667.303547
202785,203278,,,,01031046-7145597,,G,15.793585,-71.766609,262.01898203,,0.05874500000000001,-20.4707,0.09079968122602802,12141714034.052813
202786,203279,,,,01041376-7157495,,G,16.057341,-71.963768,90.3720032384,,0.02077,-18.5592,0.09079975838182287,2087757247.588968
202787,203280,,,,01031110-7121468,,G,15.796252,-71.363007,163.48056961700001,,0.037953,-18.5273,0.09079983330368276,2027309240.9607208
202790,203283,,,,01051301-7155545,,G,16.304243,-71.931831,97.8832663698,,0.022658,-18.6175,0.0908015582143272,2202926463.053465
202793,203286,,,,01134065-7132193,,G,18.419386,-71.53870400000002,268.44317064,,0.060116,-21.1583,0.09080405182794964,22872835154.046886
202794,203287,,,,01145353-7133103,,G,18.723072,-71.552864,184.26305833700002,,0.042156,-18.7072,0.0908041402516224,2392654550.1765904
211295,211788,,,,00421519-7259534,,G,10.563322,-72.998192,215.64510316599998,,0.048763,-21.2237,0.09359239070342566,24292935663.413685
212075,212568,,,,01112063-7314237,,G,17.835987,-73.239944,283.541284163,,0.063351,-19.7761,0.09387281443673168,6403833032.34749
212076,212569,,,,01111248-7611498,,G,17.802013,-76.197182,177.06391219900001,,0.040398,-19.7657,0.0938730488426377,6342785139.306293
214501,214994,,,,01173417-7342390,,G,19.392414,-73.710861,283.527182241,,0.063349,-20.584,0.0946894940485799,13477210138.513502
219061,219554,,,,00581767-7908160,,G,14.573637,-79.13777900000002,133.267262168,,0.03087,-20.2516,0.09626614721064183,9922931652.094671
219065,219558,,,,01024711-7959380,,G,15.696293,-79.993889,198.737924385,,0.044536,-21.2324,0.09626795644678532,24488376851.7168
219066,219559,,,,01053216-7852054,,G,16.384005,-78.868172,276.727398659,,0.061929999999999985,-19.7033,0.09626817776061317,5988526835.011958
231628,232121,,,,00403069-7202535,,G,10.12789,-72.04821,283.414368949,,0.063322,-20.9591,0.1005628976616534,19038818776.68189
231629,232122,,,,00404307-7352167,,G,10.179497,-73.871307,231.131349845,,0.052105,-21.3263,0.1005638844148678,26700537248.164467
240100,240593,,,,00592974-7440200,,G,14.873931,-74.672241,208.20976703099998,,0.047221,-20.1605,0.10342568705341933,9124309325.911983
240101,240594,,,,00593458-7436430,,G,14.894101,-74.61196899999999,250.84086330099998,,0.056354,-18.805,0.1034257838117907,2618183008.218992
240102,240595,,,,00590980-7402369,,G,14.790863,-74.043587,183.446636222,,0.041728,-20.4725,0.10342623326920583,12161860006.463705
240103,240596,,,,01000073-7309170,,G,15.003064000000002,-73.154747,277.905125678,,0.06215,-20.0895,0.103426549124783,8546730307.669828
262135,262628,,,,01135323-7315570,,G,18.471823,-73.265846,191.19512439,,0.043405,-21.6194,0.11047008472558036,34975183360.72848
262136,262629,,,,01154519-7314031,,G,18.938332,-73.234222,232.21451297299998,,0.052336,-20.5404,0.11047056318879056,12946727286.587757
364626,380742,,,ESO029-018,,,G,12.294,-75.34443,61.0977227921,,0.0137268668634,-18.2001,0.120713461670866,1499822967.9413679
364639,380756,,,ESO029-026,,,G,14.8941,-74.61199,140.810753975,,0.0327488863744,-19.3232,0.12072271122000244,4219684688.7358203
364645,380762,,,ESO029-034,,,G,17.2667,-74.51553,147.60187726,,0.034407257203599995,-21.0655,0.1207254073693635,20999067037.62437
513969,534595,,,87803,00550932-7913582,,G,13.788849,-79.23284100000002,322.743789636,,0.071388,-20.2713,0.1991501773663613,10104620329.530376
514367,534993,,,89511,00535615-7038045,,G,13.483967000000002,-70.63460500000002,400.888808306,,0.08765099999999999,-21.1721,0.19945988060810368,23165410474.77432
528336,548962,,,143867,01011555-7740093,,G,15.314796,-77.669258,361.99455748400004,,0.0796,-20.6115,0.2114492488660404,13822926539.061405
528340,548966,,,143896,01022026-7439059,,G,15.584431,-74.651649,399.961381103,,0.08746,-21.1331,0.21145282448907451,22348068815.729973
530614,551240,,,173188,00573242-7423420,,G,14.385102,-74.39502,313.486304631,,0.069438,-20.6721,0.21363274470556706,14616385876.957281
533559,554185,,,232231,00492335-7837447,,G,12.347316,-78.62908900000002,330.800806532,,0.073081,-21.5418,0.2163937484493842,32562669402.300087
533613,554239,,,234831,00431717-7745487,,G,10.821555,-77.763535,305.019204874,,0.06765,-20.9476,0.21644388734898207,18838225879.721443
533776,554402,,,240327,00544443-7623188,,G,13.685162,-76.38858,320.42477326200003,,0.0709,-21.0986,0.2165781080819305,21649107651.709995
533784,554410,,,240623,00425978-7618478,,G,10.74909,-76.313278,383.036103262,,0.083966,-20.5362,0.21658399581918794,12896741648.410572
533818,554444,,,241889,01162643-7601045,,G,19.110146,-76.017937,527.4107145080001,,0.113285,-21.9657,0.21662308908998384,48114945699.0612
533830,554456,,,242367,01110216-7554288,,G,17.759041,-75.908012,489.094598329,,0.105608,-21.396,0.216634666746138,28470821597.99297
533851,554477,,,243031,01020400-7545171,,G,15.51668,-75.754768,403.78423658800006,,0.088247,-21.0137,0.21665270640029247,20020734205.77791
533862,554488,,,243358,00491008-7541123,,G,12.292023,-75.68675999999998,399.89826608199996,,0.087447,-20.1397,0.21666433189074885,8951174012.983702
533902,554528,,,245074,01093146-7520539,,G,17.381110999999994,-75.34831199999998,363.34519696,,0.079881,-21.1796,0.21670113890644213,23325985429.00157
533923,554549,,,245802,00572674-7512371,,G,14.361458,-75.21032,324.327102899,,0.07172100000000001,-20.8669,0.216719175835294,17488799547.516487
533985,554611,,,248011,01044044-7450296,,G,16.168541,-74.84156800000002,576.767773618,,0.12307,-21.744,0.21678904932387824,39228346253.952255
534000,554626,,,248598,01181843-7444065,,G,19.576801,-74.735161,359.82304370599996,,0.079148,-21.5024,0.2168020938027249,31402194556.562267
534040,554666,,,250743,01074118-7419061,,G,16.921585,-74.31836700000002,323.994215735,,0.07165099999999999,-20.5927,0.21684234650790654,13585636802.17318
534045,554671,,,250858,01130641-7417561,,G,18.276714,-74.298927,289.7340000000001,,0.06441123220560001,-20.671,0.21684628122690927,14601584968.117884
677407,698037,,,143912,01031457-7817311,,G,15.810739000000002,-78.291985,384.40413336800003,,0.084249,-21.2289,0.3239945311324625,24409562753.199257
677418,698048,,,144037,01160156-7410374,,G,19.006502,-74.17707800000002,291.169463158,,0.064716,-19.9787,0.3240019362292161,7717559740.906181
677419,698049,,,144038,01160850-7615025,,G,19.035454,-76.250702,286.838015982,,0.063796,-20.9802,0.32400265364107245,19412434349.151333
678907,699538,,,173506,01073446-7051561,,G,16.893593,-70.865608,691.919457725,,0.14547000000000002,-22.3253,0.3252075662470232,67006973094.871574
682680,703311,,,228858,01010379-7958376,,G,15.265831,-79.977135,533.38223816,,0.114475,-21.8712,0.328109940805263,44104205191.66767
682693,703324,,,229031,01022924-7954178,,G,15.621851,-79.904953,517.674108293,,0.111341,-20.9543,0.3281192242879113,18954834638.28801
682697,703328,,,229110,00404367-7952194,,G,10.181978,-79.87207,505.640529533,,0.108932,-21.0092,0.3281229291320125,19937926928.599937
682700,703331,,,229134,00583574-7951430,,G,14.648929999999998,-79.861961,303.808583219,,0.06739400000000001,-20.685,0.32812515245158,14791083881.682072
682705,703336,,,229230,01145057-7949150,,G,18.710712,-79.820854,477.962940268,,0.103364,-21.033,0.3281280504528026,20379803862.87067
682721,703352,,,229481,01125202-7943554,,G,18.216784,-79.732079,475.249218827,,0.102816,-21.2316,0.3281401060839588,24470339794.75336
682728,703359,,,229643,00581223-7940159,,G,14.55097,-79.671097,409.129111856,,0.08934600000000001,-21.2953,0.3281454370551196,25948962594.04608
682752,703383,,,229955,00545071-7933118,,G,13.711301,-79.553291,518.3545203819999,,0.111477,-22.0431,0.3281633414863788,51670183037.270134
682761,703392,,,230073,00515401-7930112,,G,12.975073,-79.503136,423.215423012,,0.092235,-21.3498,0.32816988740409925,27284751328.202892
682791,703422,,,230515,01123263-7920074,,G,18.135998,-79.335396,348.32407174599996,,0.07675,-21.5499,0.3281939512681949,32806507581.145958
682798,703429,,,230607,00480504-7918063,,G,12.021039,-79.30175,421.79907955699997,,0.091945,-20.8355,0.3282012602567025,16990259026.713724
682799,703430,,,230612,00540414-7918020,,G,13.517288,-79.30056,488.24524122300005,,0.105437,-21.1472,0.32820209695435365,22640186496.880497
682803,703434,,,230682,01091849-7916333,,G,17.327053,-79.27594,356.318676027,,0.078418,-20.5542,0.3282044050497594,13112333905.213423
682808,703439,,,230730,01011469-7915426,,G,15.311221,-79.26185600000002,389.038863853,,0.085207,-21.336,0.32820949138813243,26940149410.63672
682811,703442,,,230762,01113349-7914508,,G,17.889554999999994,-79.247452,326.68673882400003,,0.07221699999999999,-21.3337,0.3282121090245014,26883140387.77288
682816,703447,,,230813,01133598-7913412,,G,18.399933,-79.228134,408.267780484,,0.08916900000000001,-20.7727,0.32821577935513546,16035407466.074615
682825,703456,,,230939,01110708-7910188,,G,17.779510000000005,-79.171898,399.60212510599996,,0.087386,-20.8071,0.3282213886814813,16551600676.257431
682833,703464,,,231044,01131050-7907484,,G,18.293783,-79.130127,550.818919068,,0.11794,-21.362,0.3282279127905257,27593068558.17506
682849,703480,,,231266,00493575-7902237,,G,12.398959,-79.039925,346.189407183,,0.076304,-20.6366,0.3282415318297308,14146206714.021784
682881,703512,,,231691,00454630-7851140,,G,11.442924,-78.853897,295.312943238,,0.065595,-20.7244,0.3282636625605641,15337691563.988312
682883,703514,,,231717,01073248-7850410,,G,16.885336,-78.844734,393.03476359,,0.08603200000000001,-20.8352,0.32826514096885745,16985565093.17519
682885,703516,,,231736,01005770-7850156,,G,15.240438,-78.837692,337.520142889,,0.07449,-20.2625,0.3282661567535121,10023052380.778984
682919,703550,,,232141,00423008-7839583,,G,10.625359,-78.666206,538.512570149,,0.115496,-21.204,0.3282955767938663,23856130399.30918
682945,703576,,,232488,00411109-7832069,,G,10.296219,-78.535263,286.311079813,,0.063684,-20.8802,0.3283146354620997,17704350544.71096
682982,703613,,,232975,01050758-7821322,,G,16.28162,-78.358963,473.98707732300005,,0.102561,-21.1588,0.32834219396543857,22883370909.660183
682986,703617,,,233035,01064969-7820114,,G,16.707066,-78.336525,649.171813191,,0.137222,-21.5268,0.3283454444697804,32115892828.8798
683027,703658,,,233568,01003840-7808185,,G,15.16004,-78.138489,402.856097392,,0.088056,-20.7037,0.3283764059055756,15048042184.11605
683060,703691,,,234079,01153965-7759017,,G,18.915224,-77.983818,384.71841624,,0.084314,-20.6377,0.3283991971222203,14160546028.312181
683066,703697,,,234197,00524209-7757005,,G,13.175405,-77.950165,291.06111088,,0.064693,-20.6689,0.3284028247791568,14573370293.74252
683069,703700,,,234242,01145829-7756210,,G,18.742897,-77.93918599999998,290.721943047,,0.064621,-21.6104,0.3284052117225584,34686461656.2961
683070,703701,,,234274,00562713-7755428,,G,14.113054,-77.928574,312.760973057,,0.069285,-20.3581,0.3284056162318947,10945610759.733006
683081,703712,,,234368,00541495-7754100,,G,13.562328,-77.90277900000002,383.582288189,,0.084079,-20.7013,0.3284140129698843,15014815499.427084
683086,703717,,,234413,01045492-7753205,,G,16.228865,-77.889053,530.305074506,,0.113862,-21.1386,0.32841762648004524,22461564365.752285
683103,703734,,,234690,00473478-7748267,,G,11.894952,-77.807426,285.901818833,,0.063597,-20.9291,0.3284320240351471,18519958109.010048
683112,703743,,,234811,01143338-7746189,,G,18.639124,-77.771935,310.642722161,,0.068838,-21.0493,0.3284380195275332,20688071094.94353
683142,703773,,,235214,01063764-7739185,,G,16.65686,-77.65514399999998,973.2586703510001,,0.197972,-21.3561,0.32845909094525866,27443531708.84752
683150,703781,,,235427,00421204-7736055,,G,10.550186,-77.60154,373.52701134800003,,0.081996,-20.9466,0.3284642685657369,18820883220.301487
683166,703797,,,235616,00544855-7733159,,G,13.702304000000002,-77.55442,387.504604691,,0.08489,-20.1484,0.32847655153912625,9023187873.72262
683167,703798,,,235620,01090426-7733129,,G,17.267763000000002,-77.553589,401.529886125,,0.087783,-20.9936,0.3284772778600405,19653504386.260075
683183,703814,,,235813,01080255-7730340,,G,17.010635,-77.509468,349.664863014,,0.07703,-20.9843,0.3284892803461656,19485878936.45231
683185,703816,,,235818,01121535-7730313,,G,18.063963,-77.508713,381.19513273300004,,0.083585,-20.6427,0.32849040406577795,14225908139.006453
683207,703838,,,236108,01065554-7726343,,G,16.731436,-77.442871,485.807441959,,0.104946,-21.2363,0.3285067052583394,24576498075.65271
683216,703847,,,236169,01064384-7725354,,G,16.68269,-77.426514,314.871011721,,0.06973,-21.3937,0.3285136722720137,28410573464.447067
683241,703872,,,236533,00552117-7721089,,G,13.838209,-77.35249300000002,337.935447371,,0.074577,-20.8732,0.3285327787825721,17590573546.325127
683257,703888,,,236784,00475201-7717436,,G,11.966713,-77.295448,327.905227342,,0.072473,-20.0917,0.328544278978991,8564065890.010189
683261,703892,,,236833,00473228-7716537,,G,11.884516,-77.281601,292.540647658,,0.06500700000000001,-20.9089,0.3285482728433022,18178581851.372192
683262,703893,,,236857,00495674-7716251,,G,12.486456,-77.273643,340.074786606,,0.075025,-20.3969,0.32854869206963083,11343837587.94198
683270,703901,,,236937,01115985-7715262,,G,17.999395,-77.257301,593.762927926,,0.126413,-21.2621,0.3285553178740549,25167495521.40197
683272,703903,,,236955,01115261-7715102,,G,17.969220999999994,-77.25284599999998,643.439361732,,0.13610999999999998,-20.9745,0.3285566305042423,19310788175.580917
683300,703931,,,237294,00472429-7710197,,G,11.851222,-77.172157,371.536575839,,0.081583,-20.768,0.3285773050145975,15966142459.934238
683323,703954,,,237512,00560442-7707253,,G,14.018456,-77.123703,374.32734355400004,,0.082162,-20.8273,0.3285948289794998,16862423794.527891
683330,703961,,,237623,00553946-7705478,,G,13.914454,-77.096634,301.072041915,,0.066815,-20.1154,0.3285982666836074,8753061905.504812
683339,703970,,,237773,00491069-7703393,,G,12.294582,-77.060928,292.851713406,,0.065073,-20.5312,0.32860389890808195,12837486503.010874
683347,703978,,,237917,01084161-7701377,,G,17.173388,-77.02716099999998,432.40013552,,0.094113,-20.9424,0.3286095528846125,18748218226.438545
683377,704008,,,238231,01024897-7656521,,G,15.704073,-76.947815,402.093347515,,0.087899,-20.5826,0.3286320560568761,13459843180.8416
683390,704021,,,238391,00445265-7654067,,G,11.219387,-76.901871,516.3086217719999,,0.111068,-20.9175,0.3286402503631641,18323144223.712112
683410,704041,,,238644,00445914-7650226,,G,11.246447,-76.83962199999998,409.776455694,,0.089479,-20.9337,0.3286556500396847,18598589115.822983
683416,704047,,,238684,01002368-7649499,,G,15.098668,-76.83054399999997,870.866890718,,0.179201,-21.4648,0.328659565006803,30333323722.55177
683422,704053,,,238736,00455159-7648546,,G,11.464992,-76.81517,377.414584174,,0.082802,-21.2241,0.32866487993221183,24301887160.48297
683424,704055,,,238751,00593015-7648460,,G,14.875645,-76.812798,601.6043710519999,,0.127951,-21.1636,0.3286665838965102,22984761411.1374
683438,704069,,,238935,01093064-7646069,,G,17.377686999999998,-76.768585,336.770806848,,0.07433300000000001,-20.8737,0.3286763377131192,17598676170.365036
683463,704094,,,239161,01070993-7642349,,G,16.791399,-76.709709,487.838010864,,0.105355,-20.9184,0.3286947356338912,18338339136.15493
683495,704126,,,239557,00583451-7635549,,G,14.643819,-76.59859499999997,305.823364578,,0.06782,-20.7274,0.3287171663343325,15380129775.491234
683501,704132,,,239602,00460318-7635145,,G,11.51329,-76.58738699999998,1173.54170658,,0.233704,-21.7105,0.3287220742210376,38036452032.85553
683513,704144,,,239712,01044401-7633356,,G,16.183413,-76.559898,739.3261123389999,,0.154528,-21.8432,0.32873058552894124,42981344842.50097
683563,704194,,,240365,01013308-7622403,,G,15.387859,-76.377876,369.860238583,,0.081235,-20.5152,0.3287646093144589,12649693419.749022
683570,704201,,,240452,00595672-7621291,,G,14.986356,-76.358086,507.611225822,,0.109327,-21.1457,0.3287699788687979,22608929519.848736
683594,704225,,,240731,01064088-7617124,,G,16.67034,-76.28679699999998,524.0173172880001,,0.112608,-21.2737,0.3287889973946618,25437826449.124264
683601,704232,,,240787,00585522-7616278,,G,14.730104999999998,-76.27439100000002,539.402605995,,0.115673,-21.0516,0.3287948588156674,20731942707.450577
683634,704265,,,241067,00403104-7612276,,G,10.129364,-76.207672,334.480812947,,0.073853,-21.0629,0.32881762175416196,20948840975.23641
683649,704280,,,241274,01135408-7609310,,G,18.475361,-76.15862299999998,451.93745871699997,,0.098093,-21.0634,0.32882942486355365,20958490494.73893
683652,704283,,,241288,01114440-7609191,,G,17.935022,-76.15531899999998,381.654082047,,0.08367999999999999,-21.3073,0.32883260456386304,26237351889.844933
683684,704315,,,241639,00582119-7604339,,G,14.588307999999998,-76.076103,441.55277379300003,,0.09598,-20.5549,0.3288555953377598,13120790465.07692
683712,704343,,,241838,01163195-7601475,,G,19.133163,-76.029877,407.143964392,,0.088938,-20.1997,0.3288753487395449,9459757424.939484
683713,704344,,,241849,01064220-7601374,,G,16.675859,-76.027069,736.449683705,,0.153981,-21.3707,0.3288763766814001,27815059929.76806
683724,704355,,,242007,00454377-7559336,,G,11.432384,-75.992676,343.051919649,,0.075648,-21.2638,0.32888485849909715,25206932591.807068
683737,704368,,,242126,00514638-7557427,,G,12.943281,-75.961884,471.844828999,,0.102128,-20.461,0.32889404234749464,12033722711.826872
683763,704394,,,242371,00473128-7554277,,G,11.880344,-75.90770699999999,449.777645493,,0.097654,-20.901,0.3289120695915413,18046791465.567192
683831,704462,,,243130,01070312-7544128,,G,16.763041,-75.73691600000002,440.09043041,,0.095682,-21.0797,0.3289660174083602,21275511006.649303
683838,704469,,,243261,01042498-7542296,,G,16.104095,-75.708229,381.97296442,,0.083746,-20.3862,0.3289700118183345,11232592404.835714
683843,704474,,,243339,01113941-7541236,,G,17.914209,-75.689911,441.444796726,,0.095958,-21.2404,0.3289739592431105,24669480270.775936
683894,704525,,,243982,00511611-7533427,,G,12.817137,-75.561874,499.31083683699995,,0.107662,-21.4709,0.3290124754578096,30504225305.858604
683980,704611,,,244948,00562392-7522274,,G,14.099673999999998,-75.37429,379.427500161,,0.083219,-20.3116,0.3290773968957065,10486727912.664083
684074,704705,,,246306,01010821-7507162,,G,15.284245,-75.121193,518.4495869369999,,0.111496,-21.4245,0.3291431937384028,29228060659.319283
684077,704708,,,246336,01181928-7506566,,G,19.580343,-75.115723,330.07192815,,0.07292799999999999,-21.116,0.3291456245286913,21998851090.492558
684104,704735,,,246620,01080942-7504190,,G,17.039272,-75.07195300000002,367.169098065,,0.080676,-21.3673,0.3291671390252521,27728092872.588253
684117,704748,,,246732,01115960-7503142,,G,17.998373,-75.053963,398.786644106,,0.08721799999999999,-20.8987,0.32917976449543496,18008601998.55283
684130,704761,,,246861,01191027-7501456,,G,19.792824,-75.02934300000003,757.677211273,,0.15800999999999998,-22.1564,0.32919154398445666,57353509787.47341
684200,704831,,,247636,01122214-7454043,,G,18.092266,-74.901207,332.993100916,,0.073541,-20.1412,0.3292378554640988,8963549063.305546
684261,704892,,,248597,01164048-7444065,,G,19.168688,-74.735146,413.716437074,,0.090288,-20.8115,0.3292805860356747,16618812960.242628
684266,704897,,,248677,01094783-7443118,,G,17.449326,-74.719948,368.126899177,,0.080875,-21.524,0.3292846467794707,32033176008.528214
684268,704899,,,248686,01131228-7443080,,G,18.301172,-74.71891,323.894355662,,0.07163,-20.746,0.3292859705636149,15645880180.405529
684282,704913,,,248776,01135123-7442110,,G,18.463465,-74.703064,285.680744015,,0.06355,-20.8944,0.3292985288820261,17937420943.734932
684312,704943,,,249108,01131256-7438300,,G,18.302338,-74.641685,478.81507334300005,,0.103536,-21.3108,0.3293240781430077,26322067591.539227
684324,704955,,,249283,01090693-7436149,,G,17.278885,-74.604141,420.388141108,,0.091656,-20.9633,0.3293327683675859,19112610090.2274
684380,705011,,,250006,01052266-7427313,,G,16.344454000000002,-74.45871,416.933785068,,0.090948,-20.9193,0.3293802218290464,18353546649.34801
684388,705019,,,250120,01074263-7426101,,G,16.927657999999994,-74.436142,583.566914211,,0.124409,-21.2565,0.3293872415347293,25038021037.5374
684398,705029,,,250259,01050541-7424375,,G,16.272560000000002,-74.410423,716.3164613060001,,0.150143,-21.3855,0.3293965022433015,28196811434.70709
684413,705044,,,250393,01052147-7423113,,G,16.339468,-74.38649000000002,294.091540291,,0.065336,-20.6994,0.3294069371549673,14988563079.869328
684448,705079,,,250961,01180139-7416300,,G,19.505814,-74.275002,577.939968832,,0.123301,-21.3244,0.32943511825424243,26653853111.0012
684481,705112,,,251443,01141806-7411160,,G,18.575272,-74.18779,312.907923607,,0.069316,-20.7421,0.32945876783303857,15589780482.767376
684496,705127,,,251641,01141364-7409140,,G,18.556839,-74.1539,288.311040814,,0.064109,-20.9253,0.3294706230794357,18455252862.17033
684534,705165,,,252320,01193065-7401524,,G,19.877718,-74.031227,626.578661483,,0.132831,-20.9579,0.329500340747778,19017787920.75755
684540,705171,,,252468,01183614-7400266,,G,19.650602,-74.007416,442.53452116,,0.09618,-21.0157,0.3295048830720102,20057647749.276268
685009,705640,,,258472,01192518-7302164,,G,19.854923,-73.03791,436.079179015,,0.094864,-21.2878,0.3298465537934152,25770331192.021664
686055,706686,,,271412,01160042-7054114,,G,19.00178,-70.903175,647.536903819,,0.136905,-21.5003,0.3306191288725533,31341516027.757107
686125,706756,,,272189,01133768-7044194,,G,18.407001,-70.738724,629.191753808,,0.13334,-21.1099,0.33067165808053645,21875601329.36604
686126,706757,,,272194,01133525-7044144,,G,18.396889,-70.73734300000002,814.502954234,,0.168709,-21.9725,0.3306734474027347,48417236758.40999
686146,706777,,,272468,01145945-7040543,,G,18.747749,-70.68177,329.39082331,,0.072785,-20.5406,0.3306879257927986,12949112381.556593
686174,706805,,,272688,00553602-7038280,,G,13.900085999999998,-70.641121,305.520600441,,0.067756,-21.2722,0.3307090177518895,25402707058.337982
686225,706856,,,273025,01112562-7034161,,G,17.85677,-70.57114399999998,334.900535729,,0.07394099999999999,-20.0606,0.3307447641171406,8322235477.784194
686302,706933,,,273850,00413914-7024518,,G,10.413109,-70.41439100000002,380.243597486,,0.083388,-20.2553,0.3308034640123706,9956804960.34359
686330,706961,,,274107,00560071-7021585,,G,14.002982,-70.36625699999999,301.166532662,,0.066835,-20.944000000000006,0.3308217635572825,18775866989.19358
686343,706974,,,274256,00505293-7020100,,G,12.720542,-70.336113,800.206702765,,0.166029,-21.474,0.33083031427513965,30591445594.864086
686360,706991,,,274442,01194524-7017554,,G,19.938515,-70.29872900000001,716.876590867,,0.15025,-21.0602,0.3308427094618088,20896810288.734245
686375,707006,,,274659,00513509-7015112,,G,12.89623,-70.253128,342.698166802,,0.075574,-20.1246,0.33085306403347386,8827546216.824636
686376,707007,,,274662,01191304-7015073,,G,19.804356,-70.252045,750.3799826630002,,0.156627,-21.1494,0.3308539024282233,22686108247.431957
686409,707040,,,275092,00412519-7010284,,G,10.354982,-70.174583,457.995221398,,0.099323,-20.9753,0.3308748782479506,19325022133.47661
686470,707101,,,275695,01172709-7002474,,G,19.362911,-70.046501,853.862776264,,0.176048,-22.1399,0.33091920277584885,56488494459.015274
686483,707114,,,275844,01074342-7001072,,G,16.930941,-70.018684,292.30501036,,0.064957,-20.3282,0.33092874695400043,10648293177.955458
819484,840120,,,ESO029-020,00515633-7701497,,G,12.984735,-77.030495,342.765090356,,0.075588,-21.071,0.4311434594759185,21105711628.843502
819486,840122,,,ESO013-013,01073546-7727481,,G,16.897768,-77.463364,306.178199586,,0.06789500000000001,-20.8349,0.4311453481814736,16980872456.439184
822523,843167,,,,00472556-7904215,,G,11.856501,-79.072662,347.634715093,,0.076606,-20.1596,0.4334223003872885,9116749040.311466
822524,843168,,,,00455880-7856401,,G,11.495029,-78.944473,525.99687743,,0.113003,-20.9129,0.4334229746801311,18245677741.211002
822525,843169,,,,00460109-7959411,,G,11.504545,-79.99477399999998,868.452788472,,0.178754,-21.2057,0.43342385769608416,23893512581.153744
822529,843173,,,,00493778-7856437,,G,12.407433,-78.94548,349.67444187800004,,0.077032,-20.2923,0.4334256737980493,10301963337.844759
822530,843174,,,,00482565-7927343,,G,12.10691,-79.459541,503.46638824,,0.108496,-20.9649,0.43342638117116455,19140796236.5391
822531,843175,,,,00490577-7936346,,G,12.274071,-79.609634,613.592680771,,0.130297,-21.1634,0.4334272304465748,22980527851.55529
822532,843176,,,,00501715-7932115,,G,12.571486,-79.53653,552.3622817959999,,0.118246,-20.8991,0.4334278962232099,18015237835.0052
822538,843182,,,,00513780-7856472,,G,12.90753,-78.946465,356.390649721,,0.078433,-20.4816,0.4334324477101796,12264221907.651772
822539,843183,,,,00521630-7929212,,G,13.067936,-79.489227,383.181100292,,0.083996,-19.88,0.43343270813870377,7046930689.671453
822540,843184,,,,00524552-7958230,,G,13.189697,-79.973061,460.115182079,,0.099753,-20.4503,0.4334331484994001,11915712058.36422
840339,861029,,,,00434759-7732150,,G,10.948297,-77.53750600000002,542.682797386,,0.116325,-20.1197,0.4462100087082976,8787796674.860706
840340,861030,,,,00441453-7443170,,G,11.060561,-74.72139,926.429769999,,0.189432,-21.4131,0.4462110775873102,28922777725.75585
840341,861031,,,,00445367-7240136,,G,11.223653,-72.670448,330.75792721700003,,0.073072,-20.5156,0.446211545245506,12654354597.596905
840342,861032,,,,00445030-7239516,,G,11.209595,-72.66435200000002,491.986737735,,0.10619,-21.1838,0.4462124106288853,23416393091.61652
840343,861033,,,,00453333-7255526,,G,11.3889,-72.93129,297.521045721,,0.066063,-19.5836,0.4462126088402491,5363397682.4423895
840344,861034,,,,00451114-7334585,,G,11.296446,-73.582924,496.95094739,,0.107188,-19.9646,0.4462128903727575,7617983014.541106
840345,861035,,,,00463034-7416252,,G,11.626448,-74.273689,387.422343619,,0.084873,-20.4329,0.4462133237324853,11726272978.4008
840346,861036,,,,00465508-7708229,,G,11.729513,-77.139717,627.974856571,,0.133103,-21.0657,0.4462140999233907,21002935565.016117
840347,861037,,,,00454489-7740416,,G,11.437044,-77.67823,691.383155362,,0.145367,-21.0696,0.4462148789074126,21078514456.97141
840348,861038,,,,00481189-7547583,,G,12.049544,-75.79953,750.063651547,,0.156567,-21.4305,0.4462159650542696,29390028011.711426
840349,861039,,,,00470458-7411377,,G,11.769096,-74.193832,573.212561413,,0.122369,-21.5556,0.4462171838433367,32979191157.471905
840350,861040,,,,00484361-7234043,,G,12.181716,-72.567879,384.19623773800004,,0.08420599999999999,-20.7388,0.4462177582355579,15542468648.367569
840351,861041,,,,00492020-7332222,,G,12.334174,-73.539513,362.696251066,,0.079746,-21.0907,0.4462185525062721,21492156781.005203
840352,861042,,,,00492747-7331491,,G,12.364479,-73.530327,362.004168816,,0.07960199999999999,-20.1536,0.4462188875708745,9066506975.081232
840353,861043,,,,00493515-7356130,,G,12.396461,-73.936966,341.842610793,,0.075395,-19.9661,0.4462191694926034,7628514920.525635
840354,861044,,,,00492331-7348091,,G,12.347134,-73.802551,633.414978429,,0.13416199999999998,-20.9534,0.4462198694128392,18939128905.58459
840355,861045,,,,00495459-7736361,,G,12.477468,-77.610031,508.255027004,,0.109456,-21.4684,0.4462209941435397,30434067534.512474
840356,861046,,,,00495189-7406330,,G,12.466231,-74.109184,705.221949735,,0.148021,-21.1566,0.4462218381165334,22837049855.417274
840357,861047,,,,00504916-7352250,,G,12.704865,-73.87361899999998,557.253338151,,0.11921500000000003,-21.1223,0.4462226558439327,22126870800.39844
840358,861048,,,,00494553-7346109,,G,12.439724,-73.769722,387.90141886099997,,0.084972,-20.2796,0.4462230321390212,10182161942.36258
840359,861049,,,,00495296-7231390,,G,12.470675,-72.527519,361.091204904,,0.079412,-20.4451,0.44622347039570665,11858779665.345057
840360,861050,,,,00510379-7220548,,G,12.765804,-72.34857199999998,474.130594803,,0.10259,-20.6955,0.4462240223314881,14934820251.27052
840361,861051,,,,00522687-7342576,,G,13.11196,-73.71601899999997,464.200555624,,0.100581,-21.0095,0.4462247593672311,19943436742.57341
840362,861052,,,,00512499-7515116,,G,12.854136,-75.253235,783.811787622,,0.162946,-21.7731,0.4462262484832991,40293964548.71166
840363,861053,,,,00515106-7528207,,G,12.962767,-75.472435,946.082313238,,0.193025,-21.5086,0.4462274156383392,31582026964.550808
840364,861054,,,,00522808-7749497,,G,13.117019,-77.830475,317.13893098299997,,0.070208,-20.3822,0.4462278292269299,11191286140.78305
840365,861055,,,,00535248-7339028,,G,13.468702,-73.650787,291.93273606,,0.06487799999999999,-20.0484,0.4462281333494284,8229245146.379883
840366,861056,,,,00553936-7200498,,G,13.914037,-72.013847,288.221606067,,0.06409,-20.3636,0.4462285399130813,11001198476.22655
840367,861057,,,,00550039-7327269,,G,13.751632,-73.457497,532.920266827,,0.114383,-21.0853,0.44622933024323097,21385529118.800064
840368,861058,,,,00553012-7327069,,G,13.875504,-73.451927,781.3437464460001,,0.162481,-21.0152,0.44623007115850827,20048412987.680416
840369,861059,,,,00552107-7334309,,G,13.837797,-73.575264,889.954761905,,0.182728,-21.3718,0.4462311001423376,27843254688.57553
840370,861060,,,,00552407-7347209,,G,13.850317,-73.78915400000002,809.37183093,,0.167748,-21.2387,0.4462320104088163,24630884062.103783
840371,861061,,,,00562668-7512194,,G,14.111194,-75.20540600000002,330.381564199,,0.07299299999999999,-20.8361,0.44623263865310603,16999650785.63224
840372,861062,,,,00570244-7423533,,G,14.260176,-74.398163,399.83515211800005,,0.087434,-20.9534,0.4462333385733417,18939128905.58459
840373,861063,,,,00563715-7428084,,G,14.154818,-74.469025,337.88293495799996,,0.074566,-21.1318,0.4462341634871053,22321326497.147053
840374,861064,,,,00573158-7422040,,G,14.381622,-74.367798,527.531063431,,0.113309,-21.3752,0.44623519569826425,27930582942.04395
840375,861065,,,,00573539-7346300,,G,14.397482,-73.775002,485.102692583,,0.104804,-21.3272,0.4462361832697677,26722679317.271645
840376,861066,,,,00564108-7303054,,G,14.171186,-73.051521,524.70379123,,0.112745,-20.9086,0.44623685489739096,18173559617.46151
840377,861067,,,,00575724-7239159,,G,14.488514000000002,-72.65441899999998,421.154572539,,0.091813,-21.9312,0.4462385774343533,46610096276.50624
840378,861068,,,,00581491-7238499,,G,14.562126,-72.647217,331.853893321,,0.07330199999999999,-21.2187,0.4462394710865963,24181319762.734055
840379,861069,,,,00584802-7353388,,G,14.700117,-73.894127,480.96107463,,0.103969,-20.3265,0.4462398639924958,10631633575.03774
840380,861070,,,,00575675-7545299,,G,14.486469,-75.758308,1155.97161223,,0.230618,-21.2277,0.4462407650832837,24382599210.79369
840381,861071,,,,01003795-7244397,,G,15.158156,-72.74436999999998,564.1832066759999,,0.12058599999999997,-20.9231,0.4462414457406513,18417895307.976498
840382,861072,,,,01011538-7216373,,G,15.314122,-72.27703100000002,911.84536478,,0.186757,-21.4276,0.4462425289902824,29311632029.259724
840383,861073,,,,01005958-7309462,,G,15.248271,-73.162842,445.07348718099996,,0.096697,-20.4782,0.4462429808135061,12225876375.030174
840384,861074,,,,01004684-7317460,,G,15.195185,-73.29613499999998,412.50332535900003,,0.090039,-20.3461,0.44624338087665577,10825301477.289394
840385,861075,,,,01004586-7318590,,G,15.191114,-73.316414,310.16901496599996,,0.068738,-20.081,0.4462436942691204,8480080988.896915
840386,861076,,,,01004829-7316191,,G,15.201213,-73.271973,415.212653435,,0.090595,-21.1904,0.4462445649290348,23559170759.593037
840387,861077,,,,01010703-7328442,,G,15.279326,-73.478966,723.477547009,,0.15150999999999998,-21.1881,0.4462454337465143,23509316347.72555
840388,861078,,,,01020739-7419091,,G,15.530802,-74.319199,306.585121263,,0.067981,-20.5968,0.44624593772099935,13637036408.745459
840389,861079,,,,01014991-7431142,,G,15.457975,-74.52063000000003,301.993435746,,0.06701,-20.477,0.44624638904512537,12212371301.653091
840390,861080,,,,01021644-7422339,,G,15.568523,-74.37610600000002,345.122547035,,0.076081,-20.2809,0.4462467657910385,10194360797.056965
840391,861081,,,,01011242-7504213,,G,15.301754,-75.072586,554.087887819,,0.118588,-20.8819,0.44624742110368587,17732092984.093464
840392,861082,,,,01012628-7625063,,G,15.359538,-76.41843399999998,707.629964896,,0.148482,-21.138,0.4462482507415214,22449155075.69592
840393,861083,,,,01033398-7646519,,G,15.891588,-76.78110500000003,608.928348853,,0.129385,-20.9478,0.4462489470610089,18841696328.79888
840394,861084,,,,01023463-7438340,,G,15.644304,-74.642792,976.018504943,,0.198473,-21.9073,0.4462506320945492,45595291858.361725
840395,861085,,,,01023082-7430510,,G,15.628431,-74.514175,734.284311161,,0.153569,-21.4673,0.4462517556863201,30403249255.42634
840396,861086,,,,01023006-7431100,,G,15.625272,-74.51945500000002,460.095456251,,0.099749,-20.2512,0.4462521222661368,9919276582.30462
840397,861087,,,,01032778-7416090,,G,15.86577,-74.269173,362.124312601,,0.079627,-20.7863,0.44625272234530416,16237531253.554981
840398,861088,,,,01022646-7418570,,G,15.61028,-74.315842,613.4135849969999,,0.130262,-21.0558,0.4462534914908862,20812296289.3968
840399,861089,,,,01024015-7412050,,G,15.667307999999998,-74.20141600000002,341.54632029,,0.075333,-20.4662,0.44625393834787,12091494982.688387
840400,861090,,,,01024474-7320331,,G,15.686442,-73.342529,285.610191204,,0.06353500000000001,-20.0489,0.4462542426104543,8233035726.566322
840401,861091,,,,01031963-7320280,,G,15.831793,-73.341133,1053.64979579,,0.212464,-21.2525,0.4462551645205053,24945947269.429558
840402,861092,,,,01024618-7212401,,G,15.692447,-72.211151,461.58996752699994,,0.100052,-21.4933,0.44625631534354987,31140099793.397408
840403,861093,,,,01045455-7210185,,G,16.227297,-72.171829,452.73969755300004,,0.098256,-20.9532,0.4462570151348674,18935640510.41612
840404,861094,,,,01040158-7413174,,G,16.006603,-74.221512,311.89835470099996,,0.069103,-21.2851,0.4462579651456833,25706325358.720924
840405,861095,,,,01052367-7513373,,G,16.348639000000002,-75.22704300000002,1133.8852649,,0.226726,-21.6398,0.4462592822147499,35638547874.81547
840406,861096,,,,01054796-7518595,,G,16.449842,-75.316544,461.94024853400003,,0.100123,-20.4119,0.4462597072730977,11501646088.362093
840407,861097,,,,01055534-7438215,,G,16.480621,-74.639328,905.092944785,,0.185516,-21.2335,0.4462606131903904,24513199515.43436
840408,861098,,,,01054680-7437575,,G,16.445004,-74.63265200000002,781.333133912,,0.16247899999999998,-21.5702,0.4462618484793212,33425660669.78266
840409,861099,,,,01054177-7419065,,G,16.424082000000002,-74.318474,457.01943764699996,,0.099125,-21.4857,0.4462629912748953,30922884620.162106
840410,861100,,,,01061338-7424205,,G,16.555759,-74.405716,897.4857963789999,,0.184116,-21.2541,0.4462639145445248,24982736076.20701
840411,861101,,,,01062873-7423095,,G,16.619717,-74.385979,694.36224484,,0.145939,-21.2339,0.4462648207956312,24522232175.655388
840412,861102,,,,01060191-7352326,,G,16.507970999999998,-73.875725,462.601427075,,0.100257,-20.446,0.4462652594157516,11868613846.449215
840413,861103,,,,01075320-7235261,,G,16.971672,-72.59058399999998,344.98861374800003,,0.076053,-20.889,0.4462659190277544,17848429164.980064
840414,861104,,,,01074517-7248541,,G,16.938223,-72.815033,359.72698881,,0.079128,-20.2559,0.4462662871978834,9962308814.736816
840415,861105,,,,01082365-7305029,,G,17.098576,-73.08414499999998,431.083194641,,0.093844,-20.0908,0.44626660343187496,8556969814.930225
840416,861106,,,,01071407-7325209,,G,16.808660999999994,-73.422493,386.624021532,,0.084708,-20.5524,0.44626708721258745,13090613484.409609
840417,861107,,,,01070333-7347418,,G,16.763914,-73.794952,311.38183275299997,,0.068994,-20.2005,0.4462674370679618,9466730200.34698
840418,861108,,,,01075978-7426290,,G,16.999111,-74.441414,528.7899227219999,,0.11356,-21.1904,0.4462683077278761,23559170759.593037
840419,861109,,,,01074344-7545481,,G,16.931015,-75.763367,601.50741361,,0.127932,-21.5732,0.4462695464347563,33518146898.966057
840420,861110,,,,01074342-7554480,,G,16.930918,-75.913361,771.309325327,,0.160588,-21.1951,0.4462704208718051,23661376167.78229
840421,861111,,,,01080799-7612550,,G,17.033304,-76.215294,948.85028282,,0.19353,-21.293000000000006,0.4462713778202693,25894051057.39244
840422,861112,,,,01090358-7349269,,G,17.264923,-73.82414200000002,683.933459805,,0.14393499999999998,-21.5321,0.4462725705129382,32273049195.952236
840423,861113,,,,01122293-7345383,,G,18.095558,-73.76065799999998,692.289178217,,0.145541,-20.6934,0.4462731213822129,14905961665.63312
840424,861114,,,,01125932-7244241,,G,18.247192,-72.740051,426.53855728300005,,0.092915,-21.0618,0.4462738947900166,20927627667.913082
840425,861115,,,,01140973-7243380,,G,18.540552,-72.727242,289.469194339,,0.064355,-20.225,0.4462742526297403,9682778562.612543
840426,861116,,,,01140597-7317060,,G,18.524891,-73.28501899999998,377.55936178,,0.082832,-21.2139,0.44627514233989984,24074650996.708103
840427,861117,,,,01183219-7421506,,G,19.634161,-74.364075,826.4997337980002,,0.170952,-21.0812,0.4462759296912015,21304924524.803185
840428,861118,,,,01183954-7358037,,G,19.664791,-73.967697,404.85844143599996,,0.08846799999999999,-20.6125,0.4462764410062208,13835663789.71781
840429,861119,,,,01183057-7301526,,G,19.627386,-73.031296,286.513376151,,0.06372699999999999,-20.2957,0.44627682292283344,10334274663.357924
840430,861120,,,,01190415-7301486,,G,19.767294,-73.030182,370.510451298,,0.08137,-20.591,0.4462773242122664,13564381629.092648
840431,861121,,,,01182836-7244296,,G,19.618187,-72.74157,454.546567023,,0.098623,-21.3259,0.4462783106020144,26690702218.508358
840432,861122,,,,01191880-7247535,,G,19.828339,-72.79821,303.378345906,,0.067303,-20.4939,0.4462787690061739,12403949801.812742
840433,861123,,,,01181998-7202185,,G,19.583265,-72.03849,309.676427155,,0.068634,-21.5555,0.4462799876829915,32976153801.59191
881673,902432,,,,00422362-7051289,,G,10.598433,-70.85804,707.870312451,,0.148528,-21.0238,0.4760046080550753,20207844904.143738
881678,902437,,,,00433933-7148435,,G,10.913894,-71.812096,334.59050847599997,,0.073876,-20.3456,0.476007143315521,10820317389.444328
881688,902447,,,,00451903-7015366,,G,11.3293,-70.26017,322.739036004,,0.071387,-20.5783,0.4760169261406662,13406641614.425016
881689,902448,,,,00450420-7126304,,G,11.267512,-71.44180300000002,360.0295702790001,,0.079191,-21.0047,0.4760176599251933,19855462148.60921
881693,902452,,,,00481706-7117020,,G,12.071109,-71.283905,654.5397409469999,,0.138262,-20.9517,0.4760212431655938,18909498019.02819
881694,902453,,,,00475920-7115430,,G,11.99669,-71.261971,1071.54516171,,0.215662,-21.0551,0.4760220118154491,20798882430.68625
881695,902454,,,,00474943-7132180,,G,11.955964,-71.538338,367.842901971,,0.080816,-19.7293,0.4760222384930199,6133664257.099999
881701,902460,,,,00510604-7021358,,G,12.77519,-70.359962,500.282077048,,0.107857,-21.1721,0.4760262626958016,23165410474.77432
881702,902461,,,,00503193-7101100,,G,12.633059,-71.019463,1014.05304311,,0.205352,-21.5643,0.4760274912902535,33244514887.728146
881703,902462,,,,00505309-7149049,,G,12.721221,-71.81804699999998,918.27390758,,0.187937,-21.1299,0.4760283147617095,22282299122.597485
881704,902463,,,,00515235-7146282,,G,12.968145,-71.774521,506.683133496,,0.109141,-20.8257,0.4760289370169313,16837592709.218328
881708,902467,,,,00524767-7002213,,G,13.198647,-70.039253,445.682692466,,0.096821,-20.3401,0.4760332109295614,10765643643.059885
881709,902468,,,,00522718-7113461,,G,13.113270000000002,-71.22949200000002,481.794013802,,0.104137,-20.1293,0.4760335385783373,8865842257.615152
881710,902469,,,,00534880-7139375,,G,13.453349,-71.660431,387.819149042,,0.08495499999999999,-20.9151,0.4760342142388678,18282685981.491447
881711,902470,,,,00535348-7138255,,G,13.472847,-71.64044200000002,444.60682179,,0.096602,-20.8789,0.4760348677433186,17683165028.124672
881712,902471,,,,00535391-7039575,,G,13.474643,-70.665993,1018.58765195,,0.206169,-21.168000000000006,0.4760357206245351,23078097296.98408
887754,908519,,,,00571398-7057113,,G,14.308260999999998,-70.95314,430.11902880800005,,0.093647,-20.9779,0.4803753421537394,19371354995.92329
887755,908520,,,,00571042-7112232,,G,14.293437,-71.206467,323.83729402299997,,0.071618,-20.4056,0.4803757647528218,11435100872.413816
887756,908521,,,,00572134-7117153,,G,14.338935,-71.28759000000002,637.68853281,,0.134993,-21.095,0.4803765621754399,21577444091.52673
887757,908522,,,,00573361-7141483,,G,14.390076,-71.69677,532.217365751,,0.114243,-20.4974,0.4803770220597042,12443999930.181328
887758,908523,,,,00584729-7136352,,G,14.697067,-71.609787,339.68789220599996,,0.07494400000000001,-20.5964,0.4803775258485525,13632013264.220078
887768,908533,,,,00594426-7117360,,G,14.93442,-71.29334300000002,301.577597158,,0.06692200000000001,-19.952,0.4803821256806677,7530087105.475914
887769,908534,,,,01010450-7126450,,G,15.268764,-71.445847,935.210610663,,0.191039,-21.1715,0.4803829813156846,23152612332.437786
887782,908547,,,,01043681-7101156,,G,16.1534,-71.021019,534.115472244,,0.114621,-20.9352,0.4803921973204688,18624301773.83735
887783,908548,,,,01041778-7137086,,G,16.074087,-71.619057,539.804944527,,0.115753,-20.8842,0.4803928540227877,17769696079.556732
887786,908551,,,,01071058-7140553,,G,16.794096,-71.68203000000003,672.6830569919999,,0.141768,-20.8671,0.4803941329599365,17492021400.181522
887787,908552,,,,01072589-7143082,,G,16.857879999999998,-71.718956,477.789563386,,0.103329,-20.9902,0.480394857009923,19592055392.6552
887788,908553,,,,01085906-7159152,,G,17.246101,-71.987579,416.15357247099996,,0.090788,-20.8453,0.4803954906002668,17144309568.480518
887789,908554,,,,01083511-7140564,,G,17.146303,-71.68235,424.148542121,,0.092426,-21.0186,0.4803962338393685,20111293312.218987
887793,908558,,,,01111485-7034343,,G,17.811899,-70.576195,1104.32304623,,0.221494,-21.6435,0.4803994447166898,35760205018.09023
887796,908561,,,,01120981-7059502,,G,18.040899,-70.997292,568.439753949,,0.121427,-21.3434,0.4804018579546186,27124391241.36008
887797,908562,,,,01114655-7143212,,G,17.943962,-71.722572,367.303848966,,0.080704,-21.5571,0.4804030784286687,33024785081.74993
887798,908563,,,,01113227-7144501,,G,17.884491,-71.74726899999997,750.5117934689999,,0.156652,-21.6388,0.4804043942852283,35605738670.70246
887799,908564,,,,01131933-7130555,,G,18.330568,-71.515427,394.760372401,,0.086388,-20.7737,0.480404987440712,16050183425.687494
887800,908565,,,,01124844-7105004,,G,18.201836,-71.083466,586.103484342,,0.124908,-21.5899,0.4804062453477582,34037683839.18798
887807,908572,,,,01132799-7022121,,G,18.366653,-70.37003299999998,727.1330150030002,,0.15220699999999998,-20.8671,0.4804105629911472,17492021400.181522
887808,908573,,,,01144289-7047094,,G,18.678713,-70.785965,781.9062438310001,,0.16258699999999998,-21.6248,0.4804118619893487,35149568666.616264
887809,908574,,,,01142321-7143145,,G,18.596731,-71.720711,491.58409896800003,,0.106109,-21.003,0.4804125946258459,19824397628.72649
887810,908575,,,,01151311-7056355,,G,18.80464,-70.94319899999998,659.6141897780001,,0.139244,-21.3864,0.4804136375399716,28220194325.529858
887811,908576,,,,01151315-7054045,,G,18.80481,-70.901253,705.8590905939999,,0.148143,-21.1706,0.4804144924660204,23133428375.013832
887814,908579,,,,01155388-7056216,,G,18.974516,-70.939346,530.295038563,,0.11386,-20.8626,0.4804164514078364,17419673071.214157
887815,908580,,,,01164182-7124010,,G,19.174274,-71.40029100000002,1170.56043471,,0.233181,-21.725,0.4804178759934354,38547835766.57736
896520,917304,,,,01154275-7809537,,G,18.928154,-78.164917,705.624069458,,0.148098,-20.9009,0.4866745777446765,18045129371.190502
903462,924261,,,,00430326-7834141,,G,10.763607,-78.570587,513.204209627,,0.110447,-20.9065,0.4916916606442857,18138442808.706253
903463,924262,,,,00414468-7830552,,G,10.436186,-78.51535799999998,753.813520001,,0.157278,-21.0823,0.4916924487936867,21326520279.401768
903464,924263,,,,00420153-7900413,,G,10.50639,-79.01149000000002,619.045810747,,0.13136199999999998,-21.2806,0.4916933948751857,25600002044.734047
903465,924264,,,,00414438-7931392,,G,10.434945,-79.527573,499.744130616,,0.107749,-20.7127,0.49169395562423995,15173298442.042255
917036,937873,,,,00423821-7647307,,G,10.65924,-76.79186999999997,319.360814272,,0.070676,-20.3874,0.5015640644620766,11245013987.908749
917037,937874,,,,00422222-7548385,,G,10.592602,-75.810722,1370.56688685,,0.267725,-21.3365,0.5015650605290715,26952558665.04111
917038,937875,,,,00420093-7326512,,G,10.503886,-73.44757800000002,346.280320135,,0.076323,-21.0881,0.5015658529000302,21440751334.97284
917039,937876,,,,00434049-7254415,,G,10.918717,-72.91153,474.92745845699994,,0.102751,-21.0041,0.501566586279165,19844492645.996075
917040,937877,,,,00420936-7238384,,G,10.539019,-72.644005,356.22271331300004,,0.078398,-21.0626,0.5015673602570466,20943053396.18338
917041,937878,,,,00421113-7238554,,G,10.546415,-72.64872700000002,502.334899065,,0.108269,-21.66,0.5015687020594017,36307805477.01018
920099,940946,,,,01105454-7217098,,G,17.727276,-72.286064,607.844809247,,0.129173,-20.754,0.5038467412459706,15761589049.638422
920100,940947,,,,01101560-7305584,,G,17.565001000000002,-73.099579,330.476842229,,0.073013,-21.3667,0.5038477654077156,27712773995.3471
920101,940948,,,,01110216-7257118,,G,17.759017999999994,-72.953293,356.731344486,,0.07850399999999999,-20.3977,0.5038481849430555,11352199116.489443
920102,940949,,,,01111706-7306238,,G,17.821102,-73.106613,326.99608122,,0.072282,-20.6977,0.5038487379983443,14965112982.746275
920103,940950,,,,01111268-7304108,,G,17.802857999999997,-73.069672,321.541323529,,0.071135,-20.3492,0.5038491392053887,10856254104.800941
920104,940951,,,,01103124-7510016,,G,17.630177,-75.167137,359.866269232,,0.079157,-20.7737,0.5038497323608724,16050183425.687494
929378,950245,,,,01164974-7721145,,G,19.207258,-77.354034,570.399908998,,0.121814,-21.2479,0.5104510535701502,24840480938.759083
929436,950303,,,,01171668-7711510,,G,19.31953,-77.19751,398.019864827,,0.08706,-20.8995,0.5104952481232441,18021876116.64052
929437,950304,,,,01173251-7439360,,G,19.385483,-74.66001899999998,307.503234253,,0.068175,-20.4202,0.5104956764434373,11589908304.935524
929438,950305,,,,01173679-7420490,,G,19.403322,-74.34697,416.14382082300006,,0.090786,-20.7342,0.5104962484072464,15476758289.879269
929439,950306,,,,01171012-7317299,,G,19.292189,-73.291656,304.716510217,,0.06758600000000001,-20.0655,0.5104965573574956,8359879162.61184
929440,950307,,,,01173994-7248250,,G,19.416451,-72.806961,479.26598481800005,,0.103627,-21.1429,0.5104973907480038,22550698575.7053
929441,950308,,,,01173965-7223060,,G,19.415228,-72.385025,472.388939685,,0.102238,-21.1785,0.5104982519173249,23302364967.224728
948398,969286,,,,00525526-7852264,,G,13.230253,-78.874016,931.2036169260001,,0.190306,-21.4302,0.5241868342166109,29381908368.6874
948399,969287,,,,00525071-7919293,,G,13.211327,-79.32482900000002,484.502264472,,0.104683,-21.6745,0.5241881940589214,36795948301.478386
948400,969288,,,,00534304-7942169,,G,13.429362,-79.704712,536.014447597,,0.114999,-21.2069,0.5241890780513592,23919935266.205803
948401,969289,,,,00550119-7931027,,G,13.754999,-79.517433,646.392306737,,0.136683,-21.2455,0.5241899940367557,24785632153.94203
948406,969294,,,,00585052-7942311,,G,14.71053,-79.708641,802.8228164,,0.16652,-21.4351,0.5241937594328007,29514810555.992493
948407,969295,,,,00590834-7952550,,G,14.784784,-79.881966,461.017744409,,0.099936,-19.6956,0.5241939791826317,5946206673.61209
948418,969306,,,,01020083-7818274,,G,15.503474,-78.30761700000002,587.568158389,,0.125196,-20.4683,0.5242004630053518,12114904639.258656
948419,969307,,,,01011499-7905436,,G,15.312498,-79.095467,432.341377645,,0.094101,-20.7241,0.5242010296731707,15333454188.635603
948420,969308,,,,01002410-7922324,,G,15.100424,-79.375687,588.239634009,,0.125328,-20.8088,0.524201642317686,16577536774.691753
948421,969309,,,,01001452-7928363,,G,15.060518,-79.476768,569.508356905,,0.121638,-21.0975,0.5242024415785529,21627185237.270245
948422,969310,,,,01011847-7935306,,G,15.326994,-79.591858,752.758407815,,0.157078,-21.6683,0.5242037936777343,36586427107.835434
948428,969316,,,,01034825-7950331,,G,15.951063,-79.842545,509.173493126,,0.10964000000000003,-20.9323,0.524206952273343,18574622663.818974
948429,969317,,,,01031511-7959411,,G,15.812991,-79.994766,805.4136542760001,,0.167006,-21.0481,0.5242077159834705,20665218424.95121
948430,969318,,,,01040975-7949490,,G,16.040657,-79.830292,683.465656068,,0.143845,-21.4576,0.5242088295817462,30132835450.764988
948431,969319,,,,01052591-7910384,,G,16.357973,-79.177338,771.0975167460001,,0.160548,-21.1585,0.5242096750329558,22877048874.073776
948432,969320,,,,01060203-7927584,,G,16.508465,-79.466248,665.677931795,,0.140416,-21.2683,0.5242106104570451,25311623388.468784
948433,969321,,,,01060702-7954434,,G,16.52928,-79.912071,476.457289856,,0.10305999999999997,-21.0701,0.5242113897998851,21088223707.07138
948434,969322,,,,01064356-7954422,,G,16.681517000000003,-79.911736,606.429457804,,0.128896,-21.3829,0.5242124293574659,28129369637.996613
948438,969326,,,,01092685-7904464,,G,17.361908,-79.07958199999999,622.34657774,,0.13200599999999998,-21.1522,0.5242144776009596,22744688849.613888
948441,969329,,,,01130095-7801454,,G,18.253992,-78.029297,420.92023325800005,,0.091765,-20.995,0.52421599933058,19678862897.06847
948442,969330,,,,01131099-7939524,,G,18.295792,-79.66456600000002,1051.30370627,,0.212044,-21.5896,0.5242172568901016,34028280178.802467
992036,1013043,,,,00402080-7327484,,G,10.086705,-73.463463,566.48050305,,0.12104,-20.4959,0.5557401768669904,12426819779.299913
992038,1013045,,,,00401388-7201585,,G,10.057836,-72.032928,346.65356567099997,,0.076401,-20.7375,0.5557416897945118,15523870099.580847
992039,1013046,,,,00414247-7422577,,G,10.426977,-74.382706,368.699773822,,0.08099400000000001,-20.3504,0.5557420914452317,10868259513.469305
992040,1013047,,,,00411287-7513428,,G,10.303658,-75.228569,1093.28095457,,0.219533,-21.5547,0.5557433092244257,32951865022.95381
992041,1013048,,,,00415108-7712557,,G,10.46285,-77.215477,334.30435327,,0.07381599999999999,-21.1717,0.555744165017071,23156877594.072414
1019689,1040763,,,,00573915-7614507,,G,14.413159,-76.247437,673.792846489,,0.141982,-21.0026,0.5757838604683161,19817095395.936916
1019690,1040764,,,,01002569-7559499,,G,15.107060999999998,-75.9972,884.49235656,,0.18172,-20.8955,0.5757845240410763,17955603225.506516
1019691,1040765,,,,01003822-7548027,,G,15.159257,-75.800774,503.222119389,,0.108447,-20.9608,0.5757852287480183,19068652306.83548
1019692,1040766,,,,00594911-7416391,,G,14.95466,-74.277534,526.026954027,,0.113009,-20.96,0.5757859329359045,19054607179.632526
1019693,1040767,,,,01002359-7318259,,G,15.098332,-73.307198,422.487650101,,0.092086,-20.3541,0.5757863359577151,10905359829.941849
1019694,1040768,,,,01000979-7313180,,G,15.04081,-73.22168,405.884324606,,0.088679,-20.874,0.5757869865195021,17603539536.16177
1072317,1093580,,,,00552038-7803453,,G,13.83492,-78.06259200000002,816.8326614460001,,0.16914500000000002,-21.6537,0.6137594796145462,36097738958.0516
1072318,1093581,,,,00554202-7901136,,G,13.925097,-79.020462,754.96385689,,0.157496,-21.4636,0.6137605993838289,30299816614.343224
1072319,1093582,,,,00554008-7859036,,G,13.917024,-78.984344,687.625584621,,0.144645,-21.1988,0.6137614768058901,23742147568.475727
1072320,1093583,,,,00572530-7926575,,G,14.355457,-79.449326,578.163280564,,0.123345,-20.9873,0.6137621989245206,19539794862.990242
1072327,1093590,,,,01043670-7801208,,G,16.152929,-78.02246099999998,571.058561821,,0.121944,-21.4784,0.613766764807344,30715670494.259663
1072328,1093591,,,,01053826-7824174,,G,16.409422,-78.404854,744.3153480660001,,0.155476,-21.1958,0.6137676398083449,23676636139.459587
1072331,1093594,,,,01072706-7808199,,G,16.86277,-78.138885,550.2793803569999,,0.117833,-21.0549,0.6137696810637161,20795051487.80907
1072332,1093595,,,,01072715-7822209,,G,16.863129,-78.372498,438.638446785,,0.095386,-20.5045,0.6137701439651753,12525642149.63793
1072333,1093596,,,,01084906-7839290,,G,17.204454000000002,-78.65808100000002,322.57266288700004,,0.071352,-20.5541,0.6137706285039646,13111126270.244535
1072334,1093597,,,,01082792-7904442,,G,17.116369,-79.078949,500.162527222,,0.107833,-21.5956,0.6137718930322544,34216847956.571236
1072335,1093598,,,,01071031-7906508,,G,16.792978,-79.11412,555.6879855369999,,0.118905,-21.1622,0.6137727413695294,22955142864.388973
1072336,1093599,,,,01071028-7907098,,G,16.792854000000002,-79.1194,587.502033881,,0.125183,-21.131,0.613773565675698,22304885593.776184
1072337,1093600,,,,01074193-7910071,,G,16.924720999999998,-79.168648,598.630294297,,0.127368,-20.7728,0.6137741583397006,16036884449.698784
1072338,1093601,,,,01083333-7908502,,G,17.138891,-79.147278,555.450708661,,0.118858,-20.9412,0.6137748504392234,18727508376.684563
1088545,1109846,,,,01144795-7328347,,G,18.699802,-73.476326,487.172625733,,0.105221,-20.5964,0.6254481802119167,13632013264.220078
1088546,1109847,,,,01143874-7414518,,G,18.661436,-74.247749,421.99440613900003,,0.091985,-20.1805,0.6254485236817109,9293942901.315792
1088547,1109848,,,,01144242-7445438,,G,18.676754000000006,-74.76218399999998,309.766414007,,0.06865299999999999,-21.3302,0.6254495139857487,26796618913.205074
1088548,1109849,,,,01160038-7249591,,G,19.001587,-72.83309200000002,398.446912489,,0.087148,-20.9199,0.6254501926399622,18363691997.053383
1088549,1109850,,,,01185889-7557546,,G,19.745377,-75.965187,404.620242978,,0.08841900000000001,-20.2862,0.6254505712294491,10244246027.277058
1095654,1116975,,,,01195974-7936323,,G,19.99893,-79.608986,461.599834172,,0.100054,-20.5403,0.6305530311541037,12945534903.849669
