,Unnamed: 0,PGC,GWGC,HyperLEDA,2MASS,SDSS-DR12,flag,RA,dec,Luminosity Distance,Distance Error,Redshift,Absolute B Magnitude,Luminosity_Rank,B Luminosity,Sector
10390,10869,30560.0,NGC3239,NGC3239,10250486+1709492,,G,156.27027900000004,17.16367,13.313615560399999,,0.00241794120897,-18.4215,0.006751991090870826,1839077368.3280878,1084.0
11898,12379,30979.0,PGC030979,PGC030979,10302093+1511314,,G,157.587219,15.192061,83.0432356663,,0.024777,-19.8855,0.0077222489122786035,7082718805.467469,1084.0
13067,13550,30678.0,UGC05655,UGC05655,10263666+1608152,,G,156.652756,16.137577,100.771529466,,0.029701,-20.5197,0.008492664613317297,12702230811.072487,1084.0
13909,14393,,,30712,10265477+1607242,,G,156.728226,16.123392000000006,150.998563771,,0.028179000000000006,-21.1979,0.00900416925159895,23722475129.721645,1084.0
15145,15629,,,30573,10251149+1715201,,G,156.297913,17.25561,196.99711077700002,,0.031361,-21.6563,0.009790117563868377,36184285382.79708,1084.0
16127,16611,,,30741,10271472+1602570,,G,156.81134,16.04917,151.765930286,,0.030222,-20.9849,0.010421632075808677,19496650207.037342,1084.0
22436,22922,30659.0,UGC05651,UGC05651,10262556+1730376,,G,156.606537,17.510471,81.16873172359999,,0.021621,-20.3749,0.014327550867714938,11116293377.207735,1084.0
23442,23929,,,30745,10271425+1804590,,G,156.80938700000004,18.083078,185.289585257,,0.044123,-21.0193,0.01496451021340276,20124263722.90694,1084.0
24480,24968,,,30606,10253686+1704507,,G,156.40361,17.080776,196.223210137,,0.040383,-21.2818,0.015593399818907581,25628311854.313744,1084.0
25891,26379,,,30692,10264851+1651032,,G,156.702148,16.850903,186.677064279,,0.038244,-20.6825,0.016427424838682685,14757065332.758959,1084.0
28703,29193,,,31548,10372026+1701517,,G,159.334427,17.031032999999994,140.783763643,,0.031577,-20.4498,0.018164998146754537,11910225933.496471,1084.0
30893,31383,,,30564,10250093+1717318,,G,156.253906,17.292189,194.955149753,,0.037561,-20.9897,0.019460826673376702,19583034994.900253,1084.0
33840,34330,,,,10240858+1644307,,G,156.035767,16.741888,80.7807505366,,0.039149,-19.1725,0.021167665901201085,3672823004.980858,1084.0
40616,41109,30789.0,PGC030789,PGC030789,10275174+1609072,,G,156.965607,16.152008,91.9514897805,,0.02087,-19.8768,0.024673448483704855,7026191784.989955,1084.0
40620,41113,30932.0,PGC030932,PGC030932,10294926+1610511,,G,157.455276,16.180876,112.397430773,,0.02483,-19.4888,0.024673925351522116,4914960139.060019,1084.0
49602,50095,30595.0,UGC05639,UGC05639,10252594+1715411,,G,156.358124,17.261421,112.84754764899999,,0.025142,-20.0075,0.02701487306705027,7925013304.804734,1084.0
49625,50118,31159.0,IC0616,IC0616,10324755+1551387,,G,158.198166,15.860759,105.075890749,,0.022841,-20.5145,0.02702312104557355,12641540489.485834,1084.0
51429,51922,,,1546356,10271774+1757340,,G,156.82394399999995,17.959446,186.21146103200002,,0.041897960949,-18.94,0.027545335050945897,2964831389.524339,1084.0
51459,51952,,,1550253,10265440+1806109,,G,156.726685,18.103039000000006,195.115346289,,0.0442018721009,-18.6215,0.02755075845216396,2211057312.4506392,1084.0
51711,52204,,,1518897,10375104+1651480,,G,159.462692,16.863335,239.94580931299998,,0.054012,-20.3556,0.027633514819097142,10920436553.562412,1084.0
51945,52438,,,30585,10251777+1708211,,G,156.324051,17.139214000000006,181.645777857,,0.040757,-20.8191,0.02771595635823211,16735550398.566048,1084.0
51958,52451,,,30743,10271771+1628020,,G,156.823822,16.467223999999998,167.833905482,,0.037686,-20.4694,0.027723517035424892,12127184922.498812,1084.0
52403,52896,,,30722,10270352+1807449,,G,156.764679,18.129145,186.19776785099998,,0.041897960949,-20.1599,0.027893348766663228,9119268439.215729,1084.0
52424,52917,,,1522105,10274910+1659542,,G,156.95459,16.9984,240.34955515099998,,0.0541,-19.6262,0.02789793281863181,5578019138.222777,1084.0
53368,53861,,,1529585,10235147+1718153,,G,155.964493,17.304272,189.335045835,,0.042719,-19.1022,0.02826240438645416,3442547965.0514536,1084.0
54606,55099,,,1541079,10235632+1745573,,G,155.98468,17.765933999999994,204.18175338900002,,0.046436,-20.2311,0.028669458684162458,9737332498.155302,1084.0
54856,55349,,,1512403,10262585+1635306,,G,156.607727,16.591858,153.012178835,,0.0340996070498,-18.2836,0.028758293630603667,1619720205.8292096,1084.0
55120,55613,,,1533097,10344984+1727043,,G,158.707672,17.451214,220.4069244,,0.04984,-20.5381,0.02886816887561344,12919330249.524498,1084.0
55462,55955,,,30733,10270735+1841378,,G,156.780655,18.693861,158.214816849,,0.035512,-20.6432,0.02897592233923757,14232460920.527431,1084.0
55672,56165,,,1524752,10371343+1706227,,G,159.305969,17.106316,117.26764404299999,,0.026293,-19.6229,0.02908923298950767,5561090976.980382,1084.0
56397,56890,,,30763,10273265+1657092,,G,156.886047,16.952576,181.495372725,,0.040721,-20.5203,0.029422371342873406,12709252263.147902,1084.0
56876,57369,,,3090201,10361568+1752070,,G,159.065369,17.868614,174.147919261,,0.038926,-20.0266,0.029653365936649714,8065661656.633194,1084.0
57742,58235,,,1511655,10352561+1633337,,G,158.85672,16.559372,188.87362186599998,,0.042494,-20.6609,0.02988033269466913,14466384367.876131,1084.0
58320,58813,,,1540111,10224210+1743466,,G,155.67543,17.72962,239.16630093,,0.05385,-20.5075,0.030118434111827037,12560299636.948805,1084.0
58528,59021,,,1516923,10275590+1647042,,G,156.982956,16.7845,181.76884191599999,,0.0408,-19.8306,0.030191054053461387,6733486597.072028,1084.0
58843,59336,,,1512341,10333966+1635227,,G,158.415253,16.589651,210.600468355,,0.047714,-20.4483,0.030318614791437774,11893782709.47543,1084.0
59203,59696,,,1488863,10271873+1536130,,G,156.828049,15.603613,244.914824241,,0.055072,-20.4631,0.0304182156791159,12057020518.78537,1084.0
59327,59820,,,1500411,10270128+1605161,,G,156.755371,16.087822,189.29392613599998,,0.042634,-19.2797,0.030448592226578506,4053965047.7765055,1084.0
59633,60126,,,1531436,10234470+1722593,,G,155.936264,17.38316,187.57651061,,0.0422736511368,-19.1459,0.030514510760750083,3583933972.7177687,1084.0
59636,60129,,,1533955,10245501+1729109,,G,156.229218,17.486362,234.502357306,,0.052858,-19.5687,0.030515100699370506,5290296339.336266,1084.0
60016,60509,,,1511102,10280816+1632084,,G,157.03401200000005,16.535681,163.68449667299998,,0.0368,-20.171,0.03064896856455125,9212977276.685585,1084.0
60417,60910,,,1522164,10241757+1700027,,G,156.073242,17.000774,201.12620548200002,,0.045723,-20.1463,0.030804556639567313,9005752348.179285,1084.0
60419,60912,,,1549176,10271614+1803540,,G,156.81729099999995,18.065022,219.521336372,,0.049669,-20.4464,0.030805169413018488,11872987210.934013,1084.0
60716,61209,,,1551987,10250873+1809595,,G,156.286407,18.166548,196.65364069700001,,0.0445977222989,-19.4285,0.030893423457359438,4649433066.8754425,1084.0
60938,61431,,,1517000,10253899+1647147,,G,156.412491,16.787441,201.832486113,,0.045865,-19.551,0.030944703059818807,5204751511.705225,1084.0
62222,62715,,,1512670,10241220+1636137,,G,156.050842,16.603832,195.220622662,,0.0442018721009,-18.6826,0.03153269435147388,2339052663.4503174,1084.0
62435,62928,,,1523956,10230201+1704215,,G,155.758408,17.072639000000002,245.49580005400003,,0.055194327597199985,-19.3002,0.031593429761357164,4131235951.600488,1084.0
62662,63155,,,3090486,10315832+1630282,,G,157.993027,16.507849,215.86160828400003,,0.048861,-20.6499,0.03166428152207495,14320559959.6772,1084.0
64033,64526,,,30506,10242098+1545137,,G,156.087448,15.753828,193.838573723,,0.043804,-20.8572,0.03228330767455028,17333249961.849766,1084.0
64051,64544,,,30720,10270507+1604170,,G,156.771149,16.07139,164.065196197,,0.036866,-20.1501,0.03229423448825211,9037327067.475641,1084.0
64055,64548,,,30805,10280597+1727594,,G,157.024887,17.466513,188.41683228,,0.042459,-20.4436,0.03229618915759641,11842407467.895378,1084.0
64094,64587,,,31321,10345325+1745333,,G,158.721909,17.759272,152.827015901,,0.03395,-19.881,0.032316415154423316,7053424142.580996,1084.0
64098,64591,,,31409,10360530+1630210,,G,159.02211,16.505836,175.78072474099997,,0.039365,-20.4709,0.03231867356999732,12143950826.441751,1084.0
68847,69340,,,1491584,10344854+1542553,,G,158.70228600000004,15.715378,236.759331928,,0.053334000000000006,-21.2235,0.034066940674393816,24288461151.4223,1084.0
68947,69440,,,1502926,10224250+1611246,,G,155.67709399999995,16.190176,234.65987849599998,,0.052892,-20.1442,0.034093644636013075,8988350513.339823,1084.0
68994,69487,,,1507792,10214025+1623420,,G,155.41773999999995,16.39501,163.149782985,,0.036648,-19.1959,0.034105460856392565,3752839577.162261,1084.0
69023,69516,,,1510704,10333540+1631067,,G,158.397537,16.518547,228.850464165,,0.051645535822800015,-19.5878,0.03411509026666492,5384185325.031828,1084.0
69116,69609,,,1523369,10250632+1702542,,G,156.276367,17.048391,221.87882218599998,,0.050172,-19.8926,0.03414226198629492,7129186893.406213,1084.0
69132,69625,,,1526216,10262031+1709567,,G,156.584641,17.165751999999998,216.925916976,,0.049112,-19.6506,0.034146257696127884,5704794437.787686,1084.0
69228,69721,,,1537608,10312824+1738084,,G,157.867706,17.635676999999994,153.24703559399998,,0.0340996070498,-18.267,0.03417526050995316,1595144386.9276016,1084.0
69487,69980,,,1562268,10272070+1831520,,G,156.836288,18.531136,146.50653516399998,,0.032232,-19.8563,0.03425383585430486,6894773440.449145,1084.0
75840,76333,,,3090199,10323732+1814378,,G,158.155502,18.243837,227.352323594,,0.051329,-20.3545,0.03628001871325112,10909378253.153885,1084.0
75849,76342,,,3090333,10255841+1704026,,G,156.493393,17.067392,183.533285585,,0.041231,-19.6956,0.03628314043493778,5946206673.61209,1084.0
75862,76355,,,3090487,10324728+1550417,,G,158.19700600000004,15.844926,225.799416536,,0.050992,-20.5246,0.03628678218970484,12759686379.896034,1084.0
77466,77959,,,1503262,10242094+1612167,,G,156.087265,16.20466,188.690898171,,0.042516000000000005,-20.2098,0.0368018667151788,9548166860.875202,1084.0
77646,78139,,,1485315,10291617+1527490,,G,157.317383,15.463621,193.198091217,,0.043587,-20.447,0.036862182537796016,11879550279.416513,1084.0
77710,78203,,,30485,10240914+1703297,,G,156.038101,17.058277,151.725300215,,0.033717000000000004,-20.6733,0.03688395773876663,14632549434.295946,1084.0
78079,78572,,,1537750,10231391+1738295,,G,155.807999,17.641541,188.380291943,,0.042489,-20.1582,0.03705689443993443,9105001045.506815,1084.0
78109,78602,,,1520950,10272497+1656589,,G,156.854065,16.949718,194.8361518,,0.044096,-20.4573,0.03706624692063045,11992783675.617643,1084.0
78244,78737,,,91028,10333406+1744307,,G,158.391937,17.741882,92.94297563129999,,0.0209475104738,-18.0011,0.037117883722305615,1248647925.5874918,1084.0
78396,78889,,,1545534,10242644+1755431,,G,156.110168,17.928652,199.026624175,,0.045197902599,-18.9546,0.037151791269181535,3004969027.1711817,1084.0
81159,81652,,,30332,10215349+1659040,,G,155.4729,16.984448999999998,186.010633624,,0.041877,-20.7247,0.03865068214420066,15341930110.332932,1084.0
81173,81666,,,30533,10244099+1543539,,G,156.170822,15.731645,174.207031145,,0.039047000000000005,-20.9303,0.038658045968772835,18540438438.916813,1084.0
81174,81667,,,30524,10243210+1642197,,G,156.13378899999995,16.705479,165.144097199,,0.037095,-19.6133,0.038658249676990906,5512136960.719114,1084.0
81178,81671,,,30574,10251105+1810155,,G,156.296051,18.170992,229.234356771,,0.051739,-20.8484,0.03866041667095608,17193330044.180813,1084.0
81180,81673,,,30563,10250465+1713522,,G,156.269409,17.231169,154.615882888,,0.034532,-20.6313,0.03866131113805678,14077320553.264656,1084.0
81189,81682,,,30719,10270396+1601049,,G,156.766541,16.018055,148.102348584,,0.032713,-20.7478,0.0386657063904907,15671840392.413103,1084.0
81193,81686,,,30782,10274851+1733172,,G,156.952148,17.554789000000003,145.36653209899998,,0.031897,-20.5873,0.038667744914231326,13518235251.619438,1084.0
125102,125595,,,1489909,10294182+1538481,,G,157.42428600000005,15.646712,201.511430258,,0.045659,-20.5245,0.060267844571631375,12758511223.468826,1084.0
125159,125652,,,1495080,10331909+1551474,,G,158.32955900000005,15.863167,198.40801353400002,,0.044906,-19.4038,0.06028586157635207,4544854665.567944,1084.0
125217,125710,,,1503916,10270389+1613540,,G,156.76622,16.231667,183.068143082,,0.041156030578,-18.4831,0.06030694814105676,1946435424.4333692,1084.0
125233,125726,,,1505187,10262708+1617066,,G,156.612854,16.285191,194.630204254,,0.044016,-19.5761,0.06031138212026205,5326476312.497179,1084.0
125268,125761,,,1513397,10234304+1638083,,G,155.92936699999996,16.63566,206.169871743,,0.046832,-19.6911,0.0603206271289977,5921612711.216985,1084.0
125434,125927,,,1561557,10260980+1830257,,G,156.540863,18.507151,191.18140977,,0.0432274716137,-19.6472,0.06036840024066348,5686957726.836035,1084.0
125459,125952,,,1567863,10282416+1842439,,G,157.100693,18.712204,227.837757443,,0.051438,-20.7051,0.06037582044464874,15067458362.16114,1084.0
125542,126035,,,1587874,10294820+1918370,,G,157.450851,19.310286,120.57248287200001,,0.027424,-19.7032,0.06039889328579026,5987975296.706826,1084.0
131225,131718,,,3090200,10342173+1757535,,G,158.590561,17.964878,140.56335152100002,,0.031077,-19.7374,0.06260206064094866,6179594813.456587,1084.0
134129,134622,,,SDSSJ102527.91+165248.9,10252792+1652491,,G,156.366348,16.880306,196.77270616,,0.0445977222989,-19.7118,0.06364727708106982,6035593747.996518,1084.0
134197,134690,,,UGC05654,10263172+1520236,,G,156.632172,15.339907,149.117067304,,0.0330445665223,-20.1476,0.06365948744268425,9016541792.005749,1084.0
166544,167037,,,1527760,10245863+1713468,,G,156.244293,17.229691,183.22774311400002,,0.041155,-19.703,0.0773497795525955,5986872372.480604,1084.0
166638,167131,,,1535721,10262046+1733387,,G,156.585281,17.560751,214.475303179,,0.048593,-20.2679,0.0773879620780824,10073027045.30966,1084.0
204673,205166,,,,10325101+1539527,,G,158.21257,15.664647,239.90868572099998,,0.054005999999999985,-19.7082,0.09138697403749266,6015614534.868646,1084.0
204674,205167,,,,10332831+1622523,,G,158.367996,16.381204999999998,199.18244118799998,,0.045101,-20.9113,0.0913876473373924,18218809718.793537,1084.0
267187,267680,,,1542510,10315551+1749042,,G,157.981308,17.817852,243.21895353099998,,0.054707967354,-19.13,0.11198125755717776,3531831697.9195704,1084.0
267507,268000,,,1535467,10244886+1733029,,G,156.203598,17.550810000000002,199.058703531,,0.045197902599,-18.2449,0.11205242665005104,1563003678.052475,1084.0
267752,268245,,,SDSSJ102603.39+170951.9,10260338+1709515,,G,156.51411399999995,17.16432,197.546739405,,0.0447968023984,-19.7883,0.11208419140912493,6476196237.640727,1084.0
283792,284916,30496.0,IC0607,IC0607,,,G,156.036,16.74186,76.4195429494,,0.0175467687734,-20.226,0.11327389533432315,9691700839.472944,1084.0
290803,294256,,,1546840,,,G,157.049,17.97821,188.366589425,,0.0424628612314,-19.165,0.11407213845112806,3647539469.2560883,1084.0
291920,295374,,,1518909,,,G,155.289,16.86363,247.80210833299998,,0.0556848878424,-19.6905,0.11418936719151315,5918341211.131845,1084.0
292258,295714,,,31210,,,G,158.36700000000005,16.38096,199.613268717,,0.045197902599,-20.6209,0.1142252959553503,13943121120.65912,1084.0
293216,296672,,,1553601,,,G,158.179,18.22503,238.707033397,,0.0537474268737,-19.0093,0.11432644059227562,3160239521.505197,1084.0
293517,296973,,,1510328,,,G,159.27700000000004,16.503320000000002,85.79764287270001,,0.0195701197851,-17.7074,0.1143660568202311,952708412.2950742,1084.0
293614,297070,,,1481205,,,G,157.475,15.3106,224.607503625,,0.05073728536859999,-19.6071,0.11437697405468546,5480750094.261131,1084.0
293763,297219,,,1514215,,,G,155.83700000000005,16.67129,200.640154287,,0.0456023628012,-19.1121,0.11439356660789865,3474081479.72069,1084.0
293808,297264,,,1507868,,,G,155.735,16.398789999999998,197.523836333,,0.0447968023984,-18.9981,0.11439764778602013,3127807379.8476057,1084.0
293876,297332,,,1502532,,,G,156.424,16.17429,47.2693158143,,0.0112824656412,-15.8629,0.11440351255773525,174244869.69792718,1084.0
294210,297667,,,1532252,,,G,157.041,17.41674,186.987504323,,0.0420854910427,-19.0791,0.11444227552845385,3370078367.238649,1084.0
294336,297793,,,1512620,,,G,155.732,16.60191,197.500933424,,0.0447968023984,-18.5278,0.1144543452351114,2028243066.3728962,1084.0
294788,298246,,,1526336,,,G,156.599,17.17064,195.20231347900003,,0.0442018721009,-18.4924,0.11451084008596216,1963179452.9991906,1084.0
294963,298421,,,1559990,,,G,156.591,18.45195,186.8596724,,0.0420854910427,-18.6876,0.11452655680557182,2349849239.9949107,1084.0
295148,298606,,,1556387,,,G,156.696,18.32327,158.848227352,,0.0356643178322,-18.2249,0.11454491059914534,1534475645.8606775,1084.0
295226,298684,,,1515088,,,G,156.11,16.70843,197.542158778,,0.0447968023984,-18.5783,0.11455084854254405,2124809502.8468046,1084.0
295427,298885,,,1524721,,,G,157.194,17.10543,185.526874249,,0.0417114808557,-18.632,0.11457420862210692,2232543861.6167464,1084.0
298239,301710,,,1525630,,,G,156.112,17.14247,158.26005617,,0.0355049277525,-18.5569,0.11487835833940906,2083339269.0971727,1084.0
298274,301745,,,1532568,,,G,156.576,17.4302,195.17027266,,0.0442018721009,-19.0521,0.114881910385763,3287304997.724373,1084.0
298293,301764,,,1535650,,,G,158.673,17.558429999999998,204.62702226599998,,0.0464217832109,-18.9148,0.1148835488754388,2896809926.442511,1084.0
298337,301808,,,1544300,,,G,155.733,17.88253,149.897500742,,0.0331932465966,-18.149,0.11488760667100326,1430869412.7493446,1084.0
298368,301839,,,1552298,,,G,158.40200000000004,18.17726,238.711672145,,0.0537474268737,-19.2894,0.11489092912192635,4090345564.118042,1084.0
298405,301876,,,1560786,,,G,156.784,18.48064,195.097037708,,0.0442018721009,-18.6313,0.11489469943688825,2231104951.296203,1084.0
301104,304575,,,1519714,,,G,157.613,16.897479999999998,127.87385906799999,,0.0290026945013,-18.1639,0.11515095134058323,1450641173.9461038,1084.0
302398,305871,,,31408,,,G,159.042,16.21436,138.189307053,,0.0308895454448,-19.8524,0.11528385926419744,6870051615.864415,1084.0
302453,305926,,,1525158,,,G,156.766,17.12298,48.742400562700006,,0.011702045851,-16.6395,0.11529103525674145,356287019.40455306,1084.0
303393,306996,,,30808,,,G,157.05,18.60659,119.513644769,,0.0271061835531,-19.9971,0.11552822518400994,7849463963.943136,1084.0
309228,314371,,,213698,,,G,156.66299999999995,15.3688,147.060918796,,0.032455936228,-17.6575,0.11653671990718685,909913272.6322542,1084.0
328756,333910,,,1496771,,,G,158.07299999999995,15.93436,102.338852691,,0.02242003121,-17.6202,0.11856142164382773,879184453.6768532,1084.0
328880,334034,,,1507820,,,G,155.388,16.3965,99.8084605141,,0.0220176710088,-16.9558,0.11856886434991835,476782163.4919781,1084.0
328984,334138,,,1517831,,,G,156.938,16.822770000000002,185.49036709700002,,0.0417114808557,-18.4416,0.1185745640205697,1873440911.6828601,1084.0
329089,334243,,,1527801,,,G,156.736,17.230829999999994,93.2086092036,,0.0209475104738,-16.9473,0.1185811103596596,473064109.30565774,1084.0
329139,334293,,,1535640,,,G,156.95600000000005,17.5581,186.969242305,,0.0420854910427,-19.2689,0.11858424528232538,4013839476.740121,1084.0
329141,334295,,,1535646,,,G,155.55,17.55817,213.089588214,,0.0483178741589,-18.9528,0.11858438863036315,2999991332.716144,1084.0
329194,334348,,,1541062,,,G,157.666,17.76452,127.417004731,,0.0288724944362,-17.5261,0.11858752099768607,806194813.7309147,1084.0
329206,334360,,,1541709,,,G,155.791,17.78893,191.99524589400002,,0.0434206717103,-18.3465,0.11858833595940382,1716326863.4905949,1084.0
329247,334401,,,1546823,,,G,155.84799999999996,17.977510000000006,193.486292473,,0.0438098019049,-17.8833,0.11859062941309367,1120263019.7358165,1084.0
329271,334425,,,1549762,,,G,156.753,18.08555,185.49036709700002,,0.0417114808557,-18.4716,0.11859261866523288,1925927790.7868934,1084.0
329318,334472,,,1555470,,,G,157.77700000000004,18.29196,242.09039994,,0.0544662572331,-18.9099,0.11859606404584808,2883765886.2410345,1084.0
329561,334715,,,1585861,,,G,157.523,19.25626,151.598898971,,0.0336434868217,-17.6535,0.11861225178374775,906567195.7383584,1084.0
329592,334746,,,1589182,,,G,157.625,19.34801,118.70971354299999,,0.0269841734921,-17.4824,0.1186137835924241,774390470.5196849,1084.0
358899,367007,,,AGC205152,,,G,156.594,15.57553,153.378021155,,0.034253117126599994,-18.0088,0.1202737341454438,1257534764.650281,1084.0
358901,367014,,,AGC205158,,,G,158.07,15.62165,45.9929765947,,0.0109775454888,-15.6335,0.12027382485105854,141058739.9309471,1084.0
358902,367018,,,AGC205161,,,G,158.523,15.78059,21.982519448,,0.00441315220658,-13.7704,0.1202738257882937,25360627.784667075,1084.0
359057,368312,,,SDSSJ102841.11+170657.1,,,G,157.171,17.115879999999994,183.296145587,,0.041156030578,-18.6758,0.12028318707640415,2324448882.7547026,1084.0
359239,368499,,,SDSSJ102444.15+180123.3,,,G,156.184,18.02314,48.22368207979999,,0.0115428657714,-15.3163,0.1202914311822808,105322218.86871438,1084.0
359240,368500,,,SDSSJ102446.54+175951.0,,,G,156.194,17.9975,47.64405113220001,,0.0113857856929,-15.9,0.12029143784556826,180301774.08595702,1084.0
359249,368509,,,SDSSJ102840.48+151313.7,,,G,157.16899999999995,15.22049,46.0975013308,,0.0109775454888,-14.8684,0.12029148364886033,69720420.85696468,1084.0
359286,368547,,,SDSSJ102328.57+161148.4,,,G,155.869,16.19678,47.744279514300004,,0.0113857856929,-15.1546,0.1202916246110187,90748613.83360392,1084.0
359294,368555,,,SDSSJ102328.12+161146.1,,,G,155.86700000000005,16.19614,47.744279514300004,,0.0113857856929,-16.3746,0.12029167083898235,279151521.9556844,1084.0
359347,368734,,,EGISJ103621.4+165200,,,G,159.089,16.86668,140.810753975,,0.0313093356547,-18.1832,0.12029225386783315,1476658263.2066536,1084.0
359376,368929,,,SDSSJ103031.41+172333.4,,,G,157.631,17.39262,146.596672034,,0.0323104061552,-17.2006,0.12029313026740407,597365311.6569487,1084.0
359542,369097,,,SDSSJ102647.71+160602.4,,,G,156.69899999999996,16.10066,150.281023141,,0.0333427666714,-17.6345,0.12029581189198885,890840596.4008199,1084.0
359770,369328,,,SDSSJ103134.65+190407.2,,,G,157.894,19.06866,154.403513731,,0.034407257203599995,-17.6533,0.12029964754916912,906400215.2694428,1084.0
359792,369350,,,SDSSJ102915.28+143854.2,,,G,157.314,14.64838,134.339912516,,0.0304754252377,-17.651,0.12030016380929302,904482149.047591,1084.0
360000,369561,,,SDSSJ102924.69+172234.6,,,G,157.35299999999995,17.376279999999998,147.214180696,,0.032455936228,-17.1997,0.12030352642487165,596870342.4266592,1084.0
360013,369574,,,SDSSJ102743.89+151522.5,,,G,156.933,15.25624,151.08431879,,0.0336434868217,-17.5861,0.1203038219592838,852000794.9880695,1084.0
360015,369576,,,SDSSJ102703.53+155847.7,,,G,156.765,15.979920000000002,155.772872969,,0.0348736674368,-17.4825,0.12030386602911013,774461797.8025208,1084.0
360022,369583,,,SDSSJ103022.34+151518.2,,,G,157.593,15.25505,84.1111414458,,0.0193055196528,-16.4743,0.12030406251747415,305998994.91551334,1084.0
360024,369585,,,SDSSJ103056.73+163915.8,,,G,157.736,16.65439,91.0620941042,,0.0206646403323,-16.7967,0.12030410019372785,411793986.2633064,1084.0
360025,369586,,,SDSSJ102537.68+153118.2,,,G,156.407,15.52171,152.307715677,,0.0339469369735,-17.7936,0.12030413831159127,1031430572.1960887,1084.0
360125,369686,,,SDSSJ102905.58+153553.8,,,G,157.273,15.59827,147.35843417200002,,0.032602096301,-17.5419,0.12030573008788074,818012612.7301077,1084.0
360132,369693,,,SDSSJ102630.23+161818.2,,,G,156.626,16.30506,152.967016121,,0.0340996070498,-17.303,0.12030590002033699,656447501.951699,1084.0
360133,369694,,,SDSSJ103554.36+165534.2,,,G,158.976,16.92615,98.7126311953,,0.0220176710088,-16.5919,0.12030591262260032,341004413.53975767,1084.0
360601,370166,,,SDSSJ103313.32+173016.7,,,G,158.305,17.50465,150.944403935,,0.0334927067464,-17.6141,0.12031322817738704,874258774.9013604,1084.0
360627,370192,,,SDSSJ102356.74+174539.7,,,G,155.986,17.761029999999995,125.912561398,,0.0284846242423,-17.4503,0.12031369286991354,751830603.7936088,1084.0
360629,370194,,,SDSSJ103737.99+165131.0,,,G,159.408,16.8586,98.69488832549999,,0.0220176710088,-17.0015,0.12031372458298002,497278863.23340166,1084.0
360670,370235,,,SDSSJ102722.69+165725.1,,,G,156.845,16.956960000000002,156.514296985,,0.035030327515199994,-17.6328,0.12031439730605695,889446847.153778,1084.0
360671,370236,,,SDSSJ102714.57+165955.4,,,G,156.811,16.998720000000002,153.63549171399998,,0.034253117126599994,-17.6725,0.12031443140088854,922571427.1547668,1084.0
360672,370237,,,SDSSJ102334.45+175831.8,,,G,155.893,17.9755,121.98484799200001,,0.0275996837998,-17.0215,0.1203144501201431,506523967.55088097,1084.0
360673,370238,,,SDSSJ102611.85+183040.4,,,G,156.549,18.51122,156.44195512299999,,0.035030327515199994,-18.3118,0.12031451155410865,1662340554.2420375,1084.0
360680,370245,,,SDSSJ102610.25+161953.5,,,G,156.543,16.33154,151.919426492,,0.0337951068976,-17.9781,0.12031474753423653,1222475038.2057211,1084.0
360682,370247,,,SDSSJ103752.45+171726.6,,,G,159.469,17.29073,141.260627923,,0.0314502457251,-18.5401,0.12031482353653628,2051351106.5441246,1084.0
360691,370256,,,SDSSJ102758.82+152345.5,,,G,156.995,15.395979999999998,150.56531171700001,,0.0334927067464,-17.9986,0.12031494374188073,1245776115.0505354,1084.0
360781,370347,,,SDSSJ102555.01+170625.1,,,G,156.47899999999996,17.10698,94.70546160229999,,0.0212341606171,-14.5919,0.12031652696154865,54045557.36183576,1084.0
362863,378793,,,SDSSJ103316.23+181310.5,,,G,158.31799999999996,18.2196,23.1053204137,,0.00468447234224,-14.2986,0.12049207703831401,41251524.20929106,1084.0
362874,378804,,,SDSSJ102653.75+160800.2,,,G,156.724,16.1334,152.393507083,,0.0339469369735,-17.4448,0.12049240598214732,748031695.2887644,1084.0
363506,379532,,,SDSSJ102640.80+170033.7,,,G,156.67,17.00935,152.519940869,,0.0339469369735,-18.4366,0.12055733699275392,1864833232.5771,1084.0
363681,379731,,,SDSSJ102806.77+185403.8,,,G,157.028,18.90104,120.956794965,,0.0274753637377,-18.1732,0.12058179819117827,1463120178.8750267,1084.0
363746,379802,,,SDSSJ102833.33+184514.0,,,G,157.139,18.75388,121.506536096,,0.0275996837998,-17.653,0.12058745979379955,906149802.2319981,1084.0
364435,380526,,,AGC205157,,,G,157.821,15.40396,90.2260433534,,0.0206646403323,-17.2167,0.1206787577364402,606289434.4020697,1084.0
381393,399837,,,SDSSJ103006.39+190937.4,,,G,157.52700000000004,19.16041,152.149685115,,0.0337951068976,-17.5914,0.12208988193532774,856169987.8047444,1084.0
386306,404787,,,1509342,10273147+1627449,,G,156.88116499999995,16.46249,272.31101475599996,,0.060702,-20.3673,0.12331470763198048,11038752598.35074,1084.0
386493,404974,,,1517070,10322529+1647246,,G,158.105392,16.790174,257.840920361,,0.05760700000000001,-20.2628,0.12340439427511267,10025822235.150696,1084.0
386505,404986,,,1561307,10333273+1829540,,G,158.386414,18.498358,270.95723829,,0.060413,-20.3655,0.12340905589032915,11020467039.630331,1084.0
386827,405308,,,1523294,10262365+1702436,,G,156.598557,17.045471,260.631946418,,0.058204999999999986,-20.0881,0.12354300942569503,8535716848.507147,1084.0
387125,405606,,,1506892,10331747+1621334,,G,158.322815,16.35928,251.748835983,,0.0563,-20.5308,0.12367871343025648,12832757869.302362,1084.0
387266,405747,,,3090198,10320121+1809380,,G,158.00508100000005,18.160572,260.954136299,,0.058274,-20.3688,0.12374018878710752,11054013738.252213,1084.0
387275,405756,,,1523332,10383241+1702496,,G,159.635056,17.047112,252.348,,0.0564287082144,-19.1,0.1237444454493368,3435579478.998757,1084.0
387283,405764,,,1534663,10292129+1730590,,G,157.33871499999995,17.516396,278.167940717,,0.061951,-20.5865,0.12375010309413108,13508278316.508698,1084.0
387287,405768,,,1546561,10242847+1758031,,G,156.118637,17.967541,272.50780206900004,,0.06074400000000001,-20.5999,0.1237521016700282,13676028589.167171,1084.0
387935,406416,,,1515403,10255973+1643165,,G,156.498886,16.721277,271.406876067,,0.060509,-21.0111,0.12407067495297047,19972848142.86527,1084.0
388400,406881,,,1550929,10311316+1807378,,G,157.80483999999996,18.12718,281.17297158,,0.062591,-20.0999,0.12430734530276286,8628990681.656137,1084.0
388488,406969,,,1533713,10302450+1728354,,G,157.602112,17.476501000000006,282.95375303099996,,0.06297,-20.4676,0.12433893191627135,12107096388.940523,1084.0
391279,409760,,,1492384,10244813+1544499,,G,156.200546,15.7472,269.599317632,,0.060123,-20.0556,0.12564626506700435,8283998279.061447,1084.0
391288,409769,,,1495404,10332852+1552393,,G,158.368851,15.877592000000002,264.060872958,,0.058939,-20.5915,0.12565014110499015,13570629696.239859,1084.0
391309,409790,,,1503900,10372548+1613436,,G,159.356186,16.228801999999998,267.970527303,,0.059775,-20.1964,0.1256609744761384,9431048972.165194,1084.0
391330,409811,,,1510025,10220562+1629255,,G,155.523422,16.490438,264.920984669,,0.059123,-21.1106,0.12566905994154032,21889709598.23193,1084.0
391363,409844,,,1525703,10354823+1708435,,G,158.950974,17.145443,267.357592689,,0.059644,-21.1365,0.12567981230593914,22418161836.100468,1084.0
395235,413716,,,1555401,10250838+1817225,,G,156.284927,18.289602,265.500748195,,0.059247,-20.3363,0.12733912097726402,10728030511.042395,1084.0
397600,416081,,,1505142,10273264+1616599,,G,156.88601699999995,16.283321,263.027,,0.0587177093589,-19.05,0.12866447165996828,3280952931.131191,1084.0
397623,416104,,,1517078,10390287+1647253,,G,159.761993,16.790379,253.513,,0.0566788183394,-19.05,0.12867173301759466,3280952931.131191,1084.0
397648,416129,,,1533907,10361226+1729040,,G,159.051086,17.484448999999998,267.91700000000003,,0.0597635098818,-19.74,0.12867954177442925,6194410750.767812,1084.0
406606,425087,,,,10303648+1734428,,G,157.652039,17.578566,266.50154078400004,,0.059461,-20.4945,0.13287925463214348,12410806372.156538,1084.0
414487,432971,,,1512901,,,G,158.559,16.61469,247.742,,0.0554389777195,-19.22,0.1362635575431413,3837072454.9228,1084.0
415012,433500,,,1509557,,,G,157.98,16.4705,251.189,,0.0561798580899,-19.07,0.13636786616060492,3341950400.261149,1084.0
415515,434003,,,1505486,,,G,159.165,16.29806,265.461,,0.0592385096193,-19.82,0.1364581358003508,6668067692.136246,1084.0
415539,434027,,,1552438,,,G,158.355,18.18289,247.742,,0.0554389777195,-19.34,0.13646203594643366,4285485203.9743924,1084.0
428150,448754,,,1542489,10270057+1749001,,G,156.75238000000004,17.816713,299.930323417,,0.0665733,-21.4971,0.1397041145296012,31249278890.470383,1084.0
428893,449519,,,1499383,10341887+1602405,,G,158.57865900000004,16.044601,317.741740045,,0.07033500000000001,-20.1834,0.14078093226857566,9318800192.91503,1084.0
429077,449703,,,1493715,10255184+1548186,,G,156.466034,15.80519,347.907569746,,0.076663,-19.9413,0.14088218073367434,7456242085.009009,1084.0
430363,450989,,,1499345,10252704+1602351,,G,156.362686,16.043087,859.0139999999999,,0.17700425850200002,-21.73,0.14172501918475122,38725764492.161804,1084.0
430559,451185,,,1543494,10274153+1751022,,G,156.92305,17.850628,388.675811859,,0.085132,-21.2219,0.14186269166463386,24252694712.49041,1084.0
430793,451419,,,1548422,10313125+1802117,,G,157.880249,18.036598,298.535921491,,0.066278,-20.63,0.14202255785115978,14060475241.29913,1084.0
431205,451831,,,1534502,10350603+1730357,,G,158.77513100000004,17.509929999999994,292.884706864,,0.06508,-20.9565,0.1422863475880412,18993281282.18484,1084.0
431412,452038,,,1495927,10340362+1553575,,G,158.515121,15.899322,307.015752594,,0.06807200000000001,-20.1768,0.14241684913639016,9262324666.952738,1084.0
431572,452198,,,1535164,10283350+1732156,,G,157.139587,17.537670000000002,373.09798898099996,,0.08190700000000001,-21.2461,0.14251926946322346,24799332985.781433,1084.0
431878,452504,,,1505970,10340687+1619185,,G,158.528625,16.321823000000002,294.926197786,,0.065513,-20.2466,0.14269441276706368,9877339922.50404,1084.0
433590,454216,,,1504903,10301777+1616264,,G,157.574051,16.274006,1169.39226549,,0.232976,-21.6578,0.1439371124815335,36234310368.55007,1084.0
433959,454585,,,1582092,10305673+1908468,,G,157.736404,19.146357,309.61959454,,0.068622,-20.6721,0.14418855850746218,14616385876.957281,1084.0
437074,457700,,,1518276,10291114+1650220,,G,157.296432,16.839457,289.7340000000001,,0.06441123220560001,-19.84,0.1462911057674866,6792036326.171857,1084.0
437327,457953,,,1513171,10331047+1637324,,G,158.29363999999995,16.625679,477.59638088400004,,0.10329,-21.9043,0.1464638057102829,45469481304.89624,1084.0
437543,458169,,,1549025,10271194+1803350,,G,156.799759,18.059742,313.339329969,,0.06940700000000001,-20.5811,0.14662654751593965,13441260559.659895,1084.0
437694,458320,,,1547997,10284245+1801141,,G,157.17688,18.020586,416.607051618,,0.090881,-20.7336,0.1467213225239442,15468207879.960047,1084.0
437760,458386,,,1543894,10284603+1751595,,G,157.191803,17.866554,536.089821681,,0.115014,-21.7582,0.14676217005630018,39744771089.26978,1084.0
437802,458428,,,1497705,10332825+1558263,,G,158.367737,15.973983,337.715855113,,0.074531,-20.7268,0.1467869612937162,15371632749.710688,1084.0
439921,460547,,,1559337,10325561+1825418,,G,158.231735,18.428289000000003,519.996,,0.111805105903,-20.88,0.14815505342044136,17701089583.174183,1084.0
440369,460995,,,1498051,10354884+1559225,,G,158.953537,15.989608,364.00868267,,0.080019,-20.3096,0.14845818673600505,10467428426.911854,1084.0
440558,461184,,,1552494,10345130+1811056,,G,158.713776,18.184895,406.346305968,,0.088774,-20.6215,0.14857193081356038,13950828503.573704,1084.0
441316,461942,,,1543835,10315663+1751492,,G,157.98599199999995,17.863685999999994,315.103430199,,0.069779,-20.8453,0.14907936314395326,17144309568.480518,1084.0
441394,462020,,,1531287,10210248+1722367,,G,155.26036100000005,17.376873,424.207174987,,0.092438,-20.9899,0.14913995753298714,19586642655.524284,1084.0
441682,462308,,,1491284,10273286+1542102,,G,156.886948,15.702853,538.965106966,,0.115586,-21.1588,0.14934471987352438,22883370909.660183,1084.0
441805,462431,,,1506167,10264382+1619502,,G,156.682587,16.330629000000002,297.653198843,,0.066091,-20.3326,0.14942940133683769,10691533473.503576,1084.0
442169,462795,,,1506991,10361170+1621490,,G,159.048767,16.363615,307.924510806,,0.068264,-20.4412,0.14965787971034605,11816258954.08344,1084.0
442830,463456,,,1517724,10360543+1649050,,G,159.022644,16.818056,444.631,,0.0966069783035,-20.57,0.15006083370387874,13304544179.780985,1084.0
443334,463960,,,1567303,10281811+1841349,,G,157.075485,18.693037,695.0239999999999,,0.146065993033,-21.37,0.15035505308484748,27797132677.59294,1084.0
443647,464273,,,1519908,10193519+1654222,,G,154.896652,16.906174,585.2289863780001,,0.124736,-21.0476,0.15052331792560705,20655703931.13471,1084.0
443652,464278,,,1496371,10350561+1555057,,G,158.773376,15.918263,385.09075488400003,,0.084391,-20.5528,0.15052661554062932,13095437133.13874,1084.0
444163,464789,,,1523882,10214959+1704100,,G,155.45665,17.069452,349.243418031,,0.076942,-20.1286,0.15083332224577936,8860128080.10486,1084.0
444417,465043,,,1506449,10293391+1620311,,G,157.391327,16.341988,297.8520000000001,,0.0661330230665,-19.91,0.15098303290366696,7244359600.74989,1084.0
445230,465856,,,1505992,10253665+1619218,,G,156.402725,16.322723,321.77893276,,0.071185,-21.0758,0.15158948023420166,21199225766.01036,1084.0
445338,465964,,,3090488,10345872+1616027,,G,158.744675,16.267422,390.60281087199996,,0.08553,-20.9687,0.15166920398584469,19207905040.43594,1084.0
445661,466287,,,1525388,10274820+1707562,,G,156.950867,17.13229,469.268735923,,0.101607,-21.5921,0.15193062487703685,34106723465.996037,1084.0
445895,466521,,,1507603,10291419+1623180,,G,157.309143,16.388346,301.960355864,,0.067003,-20.8067,0.15210304818363826,16545503964.345081,1084.0
446173,466799,,,1530129,10275366+1719362,,G,156.973602,17.326725,366.44249086699995,,0.080525,-20.775,0.15230118100970708,16069412530.128819,1084.0
446314,466940,,,1493917,10322818+1548486,,G,158.117432,15.813503,400.23327328199997,,0.087516,-21.3526,0.1524036727408424,27355206654.6854,1084.0
446529,467155,,,1510371,10280809+1630194,,G,157.03372199999995,16.505404000000002,285.600784271,,0.063533,-19.9718,0.1525492427574606,7668669125.762961,1084.0
446659,467285,,,1499947,10355713+1604049,,G,158.988068,16.06805,334.461735806,,0.073849,-20.7907,0.15263764423028536,16303468173.081984,1084.0
446807,467433,,,1544686,10280840+1753464,,G,157.035019,17.896236,316.730787911,,0.070122,-20.9575,0.15273312118935034,19010782799.233,1084.0
446824,467450,,,1531671,10261165+1723357,,G,156.548569,17.393255,299.329146454,,0.066446,-20.4447,0.15274357993187992,11854411534.14942,1084.0
446835,467461,,,1555327,10253260+1817145,,G,156.385864,18.287365,711.1005323610001,,0.149146,-21.7067,0.15275156955948868,37903559830.65905,1084.0
447219,467845,,,1509591,10333373+1628187,,G,158.39056399999996,16.471884,304.565172699,,0.067554,-20.2714,0.15299708554400174,10105551042.316315,1084.0
447869,468495,,,1508210,10373351+1624468,,G,159.38966399999995,16.41301,468.34451941699996,,0.10142,-21.2728,0.15341242912743985,25416748992.61305,1084.0
448004,468630,,,1526321,10355123+1710115,,G,158.96347,17.169885999999998,414.827577414,,0.090516,-20.7203,0.15349346336924607,15279881986.563591,1084.0
448506,469132,,,1507301,10344531+1622313,,G,158.688797,16.375376,843.335,,0.174090507045,-21.87,0.1537822160599538,44055486350.655334,1084.0
448682,469308,,,1514418,10241303+1640487,,G,156.054321,16.680222,615.450591714,,0.13066,-20.926,0.1538883905663983,18467155239.86702,1084.0
448842,469468,,,1523044,10283929+1702106,,G,157.163727,17.036282,837.484054917,,0.173001,-21.5669,0.15397133961811854,33324220542.125893,1084.0
449946,470572,,,1536528,10350099+1735367,,G,158.75413500000005,17.593536,389.527829615,,0.08530800000000001,-21.3167,0.15473117820607282,26465493703.643936,1084.0
449999,470625,,,1495732,10292305+1553290,,G,157.346054,15.891393,319.242088664,,0.070651,-21.0236,0.1547699401963598,20204122824.375347,1084.0
450189,470815,,,1533550,10344641+1728113,,G,158.693405,17.469820000000002,344.620322803,,0.075976,-21.0897,0.15490398208188133,21472370886.21714,1084.0
450202,470828,,,1502778,10324978+1611057,,G,158.20744299999996,16.184925,304.934069358,,0.06763200000000001,-20.567,0.15491241049813914,13267833107.241543,1084.0
450262,470888,,,1487855,10282043+1533384,,G,157.085144,15.56068,303.389,,0.06730524365259999,-20.32,0.1549555851928836,10568175092.136606,1084.0
450368,470994,,,1558771,10260952+1824337,,G,156.539703,18.409372,330.41014734099997,,0.072999,-20.6773,0.15502826551756274,14686557163.442772,1084.0
450833,471459,,,3090202,10372458+1746156,,G,159.352432,17.771025,426.54344636400003,,0.092916,-21.2238,0.15532776912822488,24295173228.516644,1084.0
453500,474126,,,1520411,10321959+1655396,,G,158.081635,16.927681,429.032796047,,0.093425,-20.6575,0.15699644311931574,14421153515.248709,1084.0
453935,474561,,,1474763,10302928+1504573,,G,157.62200900000005,15.08261,551.550180362,,0.118085,-21.1089,0.1572687080176638,21855462431.686348,1084.0
454009,474635,,,1499285,10350726+1602237,,G,158.78028899999995,16.03993,356.529802891,,0.078462,-20.8585,0.1573101123527348,17354016258.719032,1084.0
454767,475393,,,1535957,10253453+1734158,,G,156.39389,17.571057999999994,355.40713225300004,,0.07822799999999999,-20.8056,0.15777173286076782,16528749583.478384,1084.0
455190,475816,,,1514473,10330880+1640564,,G,158.286682,16.682346,461.318,,0.0999967999984,-20.5,0.15802531831306446,12473835142.429485,1084.0
455382,476008,,,1479744,10271112+1515340,,G,156.79634099999996,15.259448,369.17161992300004,,0.081092,-20.0061,0.15813858953698146,7914801000.537034,1084.0
455520,476146,,,1486837,10294259+1531181,,G,157.42746,15.521712,296.02523342,,0.065746,-21.4676,0.15823390655727973,30411651144.358364,1084.0
455594,476220,,,1507410,10323784+1622467,,G,158.157669,16.379648,315.468690148,,0.069856,-21.0558,0.1582897508790903,20812296289.3968,1084.0
455748,476374,,,1535109,10304397+1732078,,G,157.683212,17.535507,326.363147831,,0.072149,-20.6415,0.1583933300450167,14210193769.96011,1084.0
456824,477450,,,90125,10331713+1624254,,G,158.321396,16.407059,287.760347804,,0.063992,-21.1622,0.15907766847864266,22955142864.388973,1084.0
472113,492739,,,1469084,10294995+1451521,,G,157.45816000000005,14.864487,487.528,,0.105292582646,-20.5,0.1701437451462435,12473835142.429485,1084.0
472324,492950,,,1475333,10304723+1506118,,G,157.696793,15.103282,542.652599809,,0.116319,-21.0676,0.17029302093700294,21039722138.449425,1084.0
472496,493122,,,1480170,10285736+1516305,,G,157.239014,15.275151,340.643262445,,0.075144,-20.5425,0.1704082628064389,12971792709.839546,1084.0
472505,493131,,,1480310,10312165+1516474,,G,157.84021,15.279851,460.909228709,,0.099914,-20.7541,0.17041427230495618,15763040812.49306,1084.0
472824,493450,,,1489264,10245809+1537158,,G,156.242065,15.621081,691.039538115,,0.145301,-21.2745,0.17062767093067438,25456576639.29478,1084.0
472894,493520,,,1490760,10272566+1540549,,G,156.856918,15.681941,616.595,,0.130883615442,-21.31,0.1706766745083586,26302679918.95381,1084.0
473197,493823,,,1498310,10233271+1559595,,G,155.88630700000004,15.999873,557.031123654,,0.119171,-21.1564,0.17088543168992054,22832843502.80333,1084.0
473334,493960,,,1501965,10365029+1609035,,G,159.209579,16.150995,330.548302418,,0.073028,-19.8442,0.1709828388667843,6818361135.921654,1084.0
473346,493972,,,1502140,10330544+1609304,,G,158.272705,16.158459,886.128308133,,0.182022,-21.5195,0.17099044443782738,31900684359.75225,1084.0
473448,494074,,,1504969,10222758+1616335,,G,155.61492900000005,16.275999,539.478041509,,0.115688,-20.8769,0.17105514775336525,17650621417.34761,1084.0
473548,494174,,,1508190,10314052+1624443,,G,157.918854,16.412306,429.49758787400003,,0.09352,-20.8318,0.17112550807253826,16932457725.640575,1084.0
473549,494175,,,1508209,10231195+1624465,,G,155.79981999999995,16.412928,308.648845958,,0.06841699999999999,-20.5353,0.17112598429354609,12886055573.805323,1084.0
473570,494196,,,1508793,10314844+1626192,,G,157.951874,16.438692,452.898,,0.0982882391441,-20.35,0.17113891973319542,10864256236.170687,1084.0
473582,494208,,,1509061,10302876+1627003,,G,157.619843,16.450109,721.166156292,,0.151069,-21.7022,0.17114670067896412,37746787828.56018,1084.0
473666,494292,,,1511727,10244390+1633429,,G,156.18293799999995,16.561922,839.9050048739999,,0.173452,-21.4322,0.17120321592959126,29436081724.244167,1084.0
473681,494307,,,1512297,10310604+1635154,,G,157.775192,16.587629,332.592668632,,0.07345700000000001,-19.8436,0.1712127974458651,6814594211.246793,1084.0
473686,494312,,,1512437,10242674+1635377,,G,156.11141999999995,16.593821,369.845790715,,0.081232,-20.5991,0.17121796372063802,13665955430.452326,1084.0
473729,494355,,,1513889,10241331+1639248,,G,156.055481,16.656889000000003,672.237143009,,0.141682,-21.1336,0.17125080804799114,22358362851.859898,1084.0
473739,494365,,,1514050,10203542+1639519,,G,155.147598,16.664419,453.46332998699995,,0.098403,-21.0857,0.1712588021513872,21393409290.3809,1084.0
473740,494366,,,1514096,10210661+1639581,,G,155.277573,16.66614,567.545,,0.121250280625,-21.17,0.17125965660511688,23120647901.75608,1084.0
473778,494404,,,1514961,10331228+1642114,,G,158.30119299999996,16.703176000000006,503.00777311699994,,0.108404,-20.8849,0.1712884429695148,17781156319.948658,1084.0
473790,494416,,,1515268,10241324+1642567,,G,156.055206,16.715776,650.420315834,,0.137464,-20.867,0.1712965099034189,17490410399.663067,1084.0
473796,494422,,,1515368,10400773+1643097,,G,160.03221100000005,16.719387,533.487695355,,0.114496,-21.4856,0.1713010164619046,30920036648.391567,1084.0
473918,494544,,,1518649,10290877+1651130,,G,157.28656,16.853624,731.195639583,,0.152981,-21.6292,0.17138762029745466,35292303066.5927,1084.0
473972,494598,,,1520491,10231408+1655535,,G,155.808701,16.931541,727.4005996860001,,0.152258,-21.2979,0.17142352869071426,26011176738.288708,1084.0
474001,494627,,,1521254,10350131+1657467,,G,158.755478,16.962979999999998,450.817,,0.0978652989326,-20.63,0.17144349592938754,14060475241.29913,1084.0
474047,494673,,,1522800,10271793+1701370,,G,156.824738,17.026947,536.2757502669999,,0.115051,-21.5039,0.17147508443123527,31445608273.83445,1084.0
474092,494718,,,1523898,10261082+1704127,,G,156.545105,17.070198,559.758,,0.119710769855,-20.84,0.1715037335310961,17060823890.03121,1084.0
474191,494817,,,1526970,10272575+1711519,,G,156.85733000000005,17.197775,844.1484896960001,,0.174242,-21.3471,0.1715744141272073,27216984125.982933,1084.0
474239,494865,,,1528468,10361735+1715320,,G,159.072311,17.258892000000003,688.6519999999998,,0.144842322421,-21.4,0.17160809100492164,28575905433.749557,1084.0
474244,494870,,,1528573,10232650+1715485,,G,155.860428,17.263486999999998,387.78043446099997,,0.08494700000000001,-20.4499,0.17161144656824118,11911322956.36307,1084.0
474315,494941,,,1530467,10264157+1720292,,G,156.673218,17.341465,769.13,,0.160176320088,-21.42,0.17166217327260538,29107171180.6662,1084.0
474374,495000,,,1531990,10290968+1724220,,G,157.290359,17.406124,499.515026979,,0.107703,-20.7557,0.17170082397063496,15786287212.255291,1084.0
474427,495053,,,1533456,10220576+1727575,,G,155.524017,17.465996,358.08964136,,0.078787,-20.92,0.1717355699276026,18365383433.483585,1084.0
474428,495054,,,1533479,10271752+1728010,,G,156.823029,17.466946,498.884,,0.107576333788,-20.56,0.17173605710659162,13182567385.564049,1084.0
474432,495058,,,1533565,10324123+1728117,,G,158.17181399999996,17.469925,484.978629815,,0.104779,-21.7366,0.1717385085319946,38961888575.11368,1084.0
474433,495059,,,1533586,10235295+1728163,,G,155.970642,17.471216000000002,371.535,,0.0815827307914,-19.9,0.1717387738022465,7177942912.713644,1084.0
474436,495062,,,1533667,10243038+1728297,,G,156.12661699999995,17.474926,517.994288159,,0.111405,-20.8246,0.171740548532949,16820542552.164326,1084.0
474482,495108,,,1534989,10262256+1731507,,G,156.594025,17.53075,569.99970056,,0.121735,-20.8804,0.17177394161137205,17707612106.99445,1084.0
474490,495116,,,1535280,10252221+1732331,,G,156.342545,17.542542,541.233560225,,0.116037,-21.1559,0.17177851328240734,22822331010.5638,1084.0
474528,495154,,,1536248,10254991+1734536,,G,156.457993,17.581583,457.985363786,,0.099321,-21.0533,0.17180237914829974,20764429336.225185,1084.0
474612,495238,,,1538055,10330626+1739084,,G,158.276093,17.652348,467.735,,0.101296700648,-20.28,0.17186080924438826,10185913880.541231,1084.0
474622,495248,,,1538417,10315486+1739552,,G,157.978622,17.665354,486.149935323,,0.105015,-21.0569,0.1718696983615799,20833392690.971725,1084.0
474680,495306,,,1539999,10223240+1743325,,G,155.63504,17.725716000000006,362.220430468,,0.07964700000000001,-20.8019,0.17191078137218918,16472518349.479097,1084.0
474718,495344,,,1541097,10284980+1745575,,G,157.207535,17.765995,633.87,,0.134250547125,-21.32,0.1719374629515438,26546055619.75547,1084.0
474757,495383,,,1542004,10311663+1747564,,G,157.819321,17.799021,463.447,,0.100428350214,-20.19,0.17197042057895254,9375620069.258831,1084.0
474842,495468,,,1544126,10264586+1752322,,G,156.691116,17.875628,542.001,,0.116189488095,-20.58,0.17203660556412967,13427649611.378641,1084.0
474924,495550,,,1546121,10282108+1757014,,G,157.08786,17.950401,483.059,,0.104392102196,-20.49,0.17208769777830535,12359474334.445068,1084.0
474940,495566,,,1546574,10250153+1758041,,G,156.256378,17.967831,488.111148619,,0.10541,-21.3586,0.17209878478023508,27506795583.13477,1084.0
475024,495650,,,1549135,10360256+1803485,,G,159.010681,18.063478,467.735,,0.101296700648,-20.51,0.17215328092320956,12589254117.941713,1084.0
475171,495797,,,1552709,10263107+1811336,,G,156.629486,18.192694,769.13,,0.160176320088,-21.51,0.17225501010589328,31622776601.683792,1084.0
475309,495935,,,1556413,10291560+1819265,,G,157.31501799999995,18.324028,681.465034549,,0.14346,-21.5852,0.17235402947794332,33890657928.86338,1084.0
475464,496090,,,1561268,10291587+1829484,,G,157.31616200000005,18.496805,671.801641294,,0.141598,-21.5212,0.17245885055675067,31950672231.370087,1084.0
475667,496293,,,1567790,10325398+1842308,,G,158.22493,18.708567,410.86209959300004,,0.089702,-21.0925,0.17260042830421654,21527817347.243828,1084.0
475740,496366,,,1569897,10272859+1846290,,G,156.869156,18.774742,824.2458012469998,,0.170531,-21.2443,0.1726486530831748,24758253193.88481,1084.0
475749,496375,,,1570039,10274191+1846468,,G,156.924652,18.779671,624.259489619,,0.132379,-21.3978,0.17265528223178644,28518061418.072723,1084.0
475812,496438,,,1572328,10314533+1850587,,G,157.938889,18.849651,509.11358685199997,,0.109628,-20.9221,0.17270074218023165,18400939609.09088,1084.0
501603,522229,,,1487263,10253865+1532147,,G,156.411072,15.537441,373.25,,0.0819384709692,-20.02,0.19050941306963529,8016780633.876789,1084.0
501607,522233,,,1532536,10271535+1725450,,G,156.813995,17.429169,424.392851645,,0.092476,-20.5658,0.19051160293252356,13253177056.896324,1084.0
501661,522287,,,1505626,10372569+1618146,,G,159.357071,16.304079,727.411093512,,0.15225999999999998,-21.4339,0.1905444743202058,29482207602.221264,1084.0
502117,522743,,,1490374,10275730+1539561,,G,156.988785,15.665609,396.26365594,,0.086698,-20.9029,0.19086458880256227,18078400362.21064,1084.0
506671,527297,,,1501491,10232438+1607565,,G,155.851624,16.132378,570.164,,0.121767510884,-20.88,0.19384603310735507,17701089583.174183,1084.0
509256,529882,,,1516440,10203591+1645509,,G,155.149643,16.764141,462.46326120199996,,0.100229,-20.7094,0.19562446266028224,15127250546.50054,1084.0
509412,530038,,,1547791,10271881+1800470,,G,156.8284,18.013079,297.8520000000001,,0.0661330230665,-19.67,0.19571534486180608,5807644175.2131605,1084.0
510280,530906,,,1513668,10304253+1638478,,G,157.677216,16.646620000000002,575.44,,0.122808271404,-20.89,0.1962079383403388,17864875748.52061,1084.0
510516,531142,,,30356,10221291+1648066,,G,155.553802,16.801834,304.182128837,,0.067473,-21.4327,0.19638780418350474,29449640662.660213,1084.0
511094,531720,,,1488936,10275868+1536251,,G,156.994522,15.606996,353.416921872,,0.077813,-21.0094,0.19681971008844634,19941599968.755474,1084.0
511601,532227,,,1487504,10333372+1532477,,G,158.390503,15.546605,442.588,,0.0961909680955,-20.89,0.19714412101800768,17864875748.52061,1084.0
512492,533118,,,31078,10313785+1812097,,G,157.90773000000004,18.202711,287.27562231400003,,0.063889,-21.3385,0.19789617656074945,27002252868.882397,1084.0
596910,617536,,,1471451,10275508+1457262,,G,156.979538,14.957279000000002,672.977,,0.141824620912,-21.0,0.2654961402927825,19769696401.11866,1084.0
597069,617695,,,1473857,10323111+1502597,,G,158.129639,15.049921,557.186,,0.119201729601,-20.78,0.26560488140785915,16143585568.264938,1084.0
597094,617720,,,1474194,10312995+1503452,,G,157.874832,15.062581,661.046610061,,0.139521,-20.9062,0.2656259315537173,18133431664.090744,1084.0
597125,617751,,,1474823,10302562+1505044,,G,157.606766,15.084558,1520.55,,0.292958546479,-22.42,0.26565247444843504,73113908348.34218,1084.0
597549,618175,,,1481618,10302335+1519344,,G,157.597305,15.326226,851.138,,0.175541817771,-21.23,0.26594008782170725,24434305526.939716,1084.0
598015,618641,,,1489334,10251930+1537271,,G,156.330429,15.624212,660.693,,0.139452669726,-20.91,0.26626747743577034,18197008586.099827,1084.0
598053,618679,,,1489986,10245740+1538598,,G,156.239197,15.649971,368.129,,0.08087545043769999,-19.77,0.2662930160805961,6367955209.079162,1084.0
598167,618793,,,1492123,10322284+1544136,,G,158.09518400000005,15.737123,672.977,,0.141824620912,-20.93,0.2663735667196717,18535316234.148144,1084.0
598186,618812,,,1492417,10293275+1544551,,G,157.38648999999995,15.748655,375.83205153,,0.082474,-20.724,0.26638654977539994,15332041990.349173,1084.0
598217,618843,,,1493155,10334434+1546457,,G,158.434753,15.779363,941.89,,0.19225971613,-21.65,0.26640804388655664,35974933515.57431,1084.0
598286,618912,,,1494291,10292443+1549420,,G,157.351807,15.828335999999998,332.792879175,,0.073499,-20.9749,0.26645226290352425,19317903843.53281,1084.0
598356,618982,,,1495361,10312243+1552324,,G,157.843475,15.875684,654.636,,0.13828065914,-20.95,0.26649794126493803,18879913490.962925,1084.0
598369,618995,,,1495515,10252577+1552541,,G,156.35739099999995,15.881701,668.3243088209999,,0.140927,-21.3179,0.2665057991552721,26494760618.774616,1084.0
598461,619087,,,1497154,10353983+1556575,,G,158.915985,15.949328,451.465051422,,0.097997,-20.5421,0.2665672551397744,12967014605.009356,1084.0
598606,619232,,,1499164,10325817+1602087,,G,158.242401,16.035751,870.9639999999998,,0.17921891960900002,-21.56,0.26666769842926424,33113112148.259075,1084.0
598610,619236,,,1499267,10362865+1602224,,G,159.119415,16.039583,1009.25,,0.204485922243,-21.47,0.2666710164099045,30478949896.27996,1084.0
598622,619248,,,1499426,10262859+1602456,,G,156.619156,16.046022,625.173,,0.132557106279,-20.81,0.2666788991787503,16595869074.375563,1084.0
598628,619254,,,1499501,10302082+1602574,,G,157.58676100000002,16.049284,549.5409999999998,,0.117686578843,-20.3,0.2666818241268855,10375284158.180126,1084.0
598680,619306,,,1500340,10250311+1605052,,G,156.26297,16.084782,547.016,,0.117185518593,-20.41,0.2667173783315793,11481536214.968842,1084.0
598733,619359,,,1501264,10362795+1607264,,G,159.11647,16.124026999999998,847.227,,0.17481479740699998,-21.72,0.2667551438694682,38370724549.228,1084.0
598802,619428,,,1502406,10370312+1610087,,G,159.263031,16.169094,305.25570327599996,,0.0677,-20.2713,0.26680326985581704,10104620329.530376,1084.0
598838,619464,,,1502908,10294301+1611231,,G,157.429245,16.189768,494.358649104,,0.106667,-20.7482,0.2668260806363916,15677615175.472887,1084.0
598840,619466,,,1502991,10300555+1611364,,G,157.523132,16.193447,452.898,,0.0982882391441,-20.4,0.26682704517371586,11376272858.234331,1084.0
598920,619546,,,1504355,10335586+1614595,,G,158.482788,16.249883999999998,448.745,,0.097444038722,-20.94,0.2668823263928209,18706821403.658016,1084.0
598976,619602,,,1505476,10353343+1617515,,G,158.889297,16.297657,430.527,,0.0937303968652,-20.34,0.26692056882075105,10764652136.29835,1084.0
599047,619673,,,1506946,10334574+1621416,,G,158.44061299999996,16.36158,862.9789999999998,,0.17773967887000006,-21.92,0.2669695725976999,46131757456.038086,1084.0
599070,619696,,,1507447,10340937+1622525,,G,158.539047,16.381269,847.227,,0.17481479740699998,-21.49,0.266984164776175,31045595881.283493,1084.0
599114,619740,,,1508537,10313142+1625392,,G,157.88092,16.427582,351.5907232190001,,0.077432,-21.1182,0.2670127539586604,22043472001.73529,1084.0
599115,619741,,,1508437,10345170+1625233,,G,158.715424,16.423159,843.335,,0.174090507045,-21.58,0.26701400044794604,33728730865.886925,1084.0
599324,619950,,,1513135,10265872+1637281,,G,156.74469,16.624496,688.6519999999998,,0.144842322421,-20.91,0.2671629195666342,18197008586.099827,1084.0
599350,619976,,,1513583,10254677+1638357,,G,156.444901,16.643257000000002,651.628,,0.137698118849,-21.04,0.2671800806372946,20511621788.25571,1084.0
599353,619979,,,1513655,10200989+1638458,,G,155.041214,16.646079999999998,575.44,,0.122808271404,-20.78,0.2671823573984377,16143585568.264938,1084.0
599377,620003,,,1514001,10331395+1639424,,G,158.30813600000005,16.661785000000002,426.939482597,,0.092997,-21.1278,0.2671993445724684,22239242987.5648,1084.0
599599,620225,,,1518948,10384656+1651566,,G,159.694016,16.865726000000002,928.488444527,,0.189809,-21.2029,0.2673551052724688,23831973099.80492,1084.0
599617,620243,,,1519300,10193528+1652518,,G,154.89703400000005,16.881065,510.505,,0.109906704953,-20.67,0.267366492322532,14588142602.753534,1084.0
599618,620244,,,1519326,10283803+1652556,,G,157.158493,16.882114,657.658,,0.138865509433,-21.06,0.26736726444919506,20892961308.54041,1084.0
599657,620283,,,1520306,10194371+1655238,,G,154.932159,16.923282999999998,562.341,,0.120221700111,-20.54,0.2673920641856545,12941958414.499916,1084.0
599778,620404,,,1523334,10244348+1702499,,G,156.181183,17.047201,329.681348648,,0.07284600000000001,-20.6975,0.26747776404188145,14962356560.944359,1084.0
599813,620439,,,1523998,10240328+1704267,,G,156.013687,17.074108,942.121936376,,0.192302,-21.2425,0.267501163534583,24717241450.161343,1084.0
599852,620478,,,1524942,10333958+1706477,,G,158.414948,17.113262,454.98800000000006,,0.09871264935630003,-20.08,0.26753121778315664,8472274141.40598,1084.0
600077,620703,,,1529753,10383568+1718416,,G,159.648682,17.31156,883.08,,0.18145920073,-21.41,0.2676912793707666,28840315031.266117,1084.0
600079,620705,,,1529790,10361609+1718440,,G,159.067078,17.312225,874.9839999999998,,0.179962949981,-21.59,0.2676926872546492,34040818970.100086,1084.0
600108,620734,,,1530154,10273955+1719402,,G,156.914825,17.32785,404.756354545,,0.088447,-21.49,0.2677144903476435,31045595881.283493,1084.0
600120,620746,,,1530459,10251967+1720281,,G,156.331985,17.341155999999998,378.568136125,,0.083041,-20.4037,0.26772178504493105,11415107348.963636,1084.0
600147,620773,,,1531174,10255749+1722186,,G,156.489578,17.371841,769.13,,0.160176320088,-21.28,0.2677407819322985,25585858869.05653,1084.0
600163,620789,,,1531438,10335184+1722596,,G,158.466019,17.383229999999998,369.828,,0.08122825061410001,-19.9,0.2677515383882914,7177942912.713644,1084.0
600247,620873,,,1532824,10270809+1726240,,G,156.78372199999995,17.440001000000002,492.04,,0.1062006231,-20.58,0.26781192991277736,13427649611.378641,1084.0
600263,620889,,,1533103,10220541+1727055,,G,155.522568,17.45155,366.4380000000001,,0.08052412026210001,-19.66,0.26782284897267106,5754399373.371567,1084.0
600451,621077,,,1536718,10340724+1736025,,G,158.530182,17.600711999999994,417.992203414,,0.091165,-20.3138,0.2679481443147747,10507998448.724985,1084.0
600572,621198,,,1539319,10295612+1742001,,G,157.483856,17.700035,295.121,,0.0655542627771,-19.38,0.2680342103647095,4446312674.691084,1084.0
600596,621222,,,1539745,10244711+1742549,,G,156.19632,17.715256,562.979394664,,0.120348,-21.4525,0.2680507912357941,29991625189.876656,1084.0
600623,621249,,,1540455,10250340+1744322,,G,156.26419099999995,17.742281,691.482080229,,0.145386,-21.2499,0.2680685719764961,24886280966.082176,1084.0
600647,621273,,,1540828,10355111+1745215,,G,158.962967,17.755997,617.939275889,,0.131146,-21.7377,0.26808689680593434,39001382326.11864,1084.0
600797,621423,,,1544151,10272307+1752219,,G,156.84613000000004,17.872776,312.822596735,,0.069298,-21.1215,0.2681865321286152,22110573124.50639,1084.0
600839,621465,,,1544902,10274055+1754162,,G,156.918976,17.904516,339.673563582,,0.074941,-20.6423,0.26821496380981696,14220668086.07674,1084.0
600881,621507,,,1545739,10335640+1756105,,G,158.485001,17.936266,535.110065281,,0.114819,-20.9992,0.2682425161345816,19755134915.79442,1084.0
600941,621567,,,1547027,10295059+1759050,,G,157.460831,17.98473,707.3582826,,0.14843,-21.2952,0.2682851984490202,25946572716.32789,1084.0
601015,621641,,,1549009,10260299+1803331,,G,156.512466,18.059219,698.232,,0.146681503341,-20.96,0.2683341142062995,19054607179.632526,1084.0
601120,621746,,,1551399,10255703+1808432,,G,156.48764,18.145334,772.681,,0.16084706042400002,-21.15,0.26840555768270463,22698648518.838303,1084.0
601202,621828,,,1553052,10243268+1812181,,G,156.136185,18.20504,698.232,,0.146681503341,-21.06,0.26846768355941475,20892961308.54041,1084.0
601287,621913,,,1554579,10263641+1815396,,G,156.651749,18.261017,776.247,,0.16151990076,-21.26,0.2685263081882925,25118864315.095818,1084.0
601298,621924,,,1554680,10351951+1815533,,G,158.831329,18.264812,642.688,,0.135964147982,-21.22,0.26853602162831275,24210290467.3618,1084.0
601371,621997,,,1556236,10271579+1819080,,G,156.815796,18.318913,809.096,,0.167696213848,-21.33,0.26858859431065163,26791683248.19037,1084.0
601437,622063,,,1557585,10345129+1821576,,G,158.71373,18.366003,859.0139999999999,,0.17700425850200002,-21.7,0.2686336139304556,37670379898.39093,1084.0
601471,622097,,,1558173,10344932+1823186,,G,158.705521,18.388502,874.9839999999998,,0.179962949981,-21.53,0.26865643582214555,32210687912.834545,1084.0
601935,622561,,,1568185,10312434+1843177,,G,157.851456,18.721596,512.861,,0.110378365189,-20.19,0.2689713907958056,9375620069.258831,1084.0
601971,622597,,,1568796,10315954+1844270,,G,157.998108,18.74085,682.3389999999998,,0.143628101814,-20.9,0.2689987499493228,18030177408.5957,1084.0
601972,622598,,,1568807,10312272+1844287,,G,157.844696,18.741316,847.227,,0.17481479740699998,-21.33,0.2689997400709566,26791683248.19037,1084.0
602207,622833,,,1573636,10274148+1853258,,G,156.922867,18.890503,851.138,,0.175541817771,-21.4,0.2691609943261817,28575905433.749557,1084.0
602318,622944,,,1575624,10320081+1857040,,G,158.003403,18.951126,530.2548950309999,,0.113852,-21.1074,0.2692378699192541,21825288842.465256,1084.0
663453,684080,,,SDSSJ103014.47+171917.7,10301443+1719174,,G,157.56016499999996,17.321507,293.765,,0.0652667726334,-21.824,0.3106778694171297,42227950130.60568,1084.0
663454,684081,,,SDSSJ103238.87+172841.3,10323885+1728417,,G,158.161911,17.478258,452.898,,0.0982882391441,-22.764,0.3106815786880074,100369093092.00966,1084.0
663480,684107,,,SDSSJ103101.08+155004.4,10310106+1550047,,G,157.754456,15.834649,369.828,,0.08122825061410001,-21.082,0.3107019823480084,21320628358.116528,1084.0
663519,684146,,,SDSSJ103034.44+150400.0,10303445+1503598,,G,157.64356999999995,15.066623000000002,420.727,,0.09172531586269997,-21.255,0.3107250887138169,25003453616.96429,1084.0
664522,685149,,,SDSSJ102105.48+163501.0,10210550+1635011,,G,155.272949,16.583639,1148.15,,0.229241364621,-21.231,0.3125169282344809,24456820721.043674,1084.0
664523,685150,,,SDSSJ102632.63+164816.5,10263263+1648172,,G,156.63597099999996,16.8048,787.046,,0.163555011778,-20.411,0.3125173529406308,11492115972.032394,1084.0
664524,685151,,,SDSSJ102709.98+165020.2,10270999+1650200,,G,156.791626,16.838892,1213.39,,0.240670200335,-21.351,0.312518362399318,27314924220.89188,1084.0
664546,685173,,,SDSSJ102818.58+171226.5,10281861+1712264,,G,157.077545,17.207348,660.693,,0.139452669726,-20.031,0.3125343416842854,8098414473.257891,1084.0
664547,685174,,,SDSSJ103127.73+172021.6,10312774+1720214,,G,157.865585,17.339291,1253.14,,0.247574793787,-21.421,0.3125354183690056,29133992225.701733,1084.0
664548,685175,,,SDSSJ103348.13+172455.9,10334814+1724566,,G,158.450623,17.415741,1355.19,,0.265106652553,-21.591,0.31253667755113024,34072186165.93566,1084.0
664560,685187,,,SDSSJ103334.71+175444.0,10333472+1754440,,G,158.394669,17.912247,1127.2,,0.225545152773,-21.191,0.3125453545862491,23572193636.510017,1084.0
664561,685188,,,SDSSJ103359.08+175529.4,10335909+1755295,,G,158.496231,17.924873,534.564,,0.114710247355,-19.571,0.3125455505106601,5301515066.784599,1084.0
664573,685200,,,SDSSJ102426.86+180003.8,10242685+1800041,,G,156.111908,18.00115,1499.68,,0.28947947474,-21.811,0.31255180065533955,41725351123.179565,1084.0
664770,685397,,,SDSSJ102849.49+151834.0,10284948+1518335,,G,157.206207,15.30933,1196.74,,0.237764848882,-21.321,0.3127022277992746,26570516703.550728,1084.0
664778,685405,,,SDSSJ102833.39+153504.8,10283338+1535046,,G,157.139084,15.584616,895.365,,0.183725311863,-20.691,0.31270672391030363,14873048700.465294,1084.0
664779,685406,,,SDSSJ103003.17+154305.2,10300314+1543054,,G,157.513123,15.718169,679.204,,0.143024771512,-20.091,0.31270704020255297,8558546212.208228,1084.0
664780,685407,,,SDSSJ103347.44+155415.4,10334740+1554156,,G,158.44754,15.904355,883.08,,0.18145920073,-20.661,0.3127075748759176,14467716832.477198,1084.0
664784,685411,,,SDSSJ102633.47+155947.0,10263346+1559472,,G,156.63945,15.996468,628.058,,0.13311927656,-19.921,0.3127101358595801,7318127976.744583,1084.0
664785,685412,,,SDSSJ103445.73+162209.0,10344572+1622093,,G,158.690536,16.369265,831.7639999999999,,0.171934645967,-20.531,0.3127106101982701,12835121968.395016,1084.0
664787,685414,,,SDSSJ103211.73+163403.5,10321171+1634036,,G,158.048798,16.567688,779.83,,0.162195681098,-20.391,0.3127113001060851,11282361216.489937,1084.0
664788,685415,,,SDSSJ103357.29+163820.8,10335726+1638215,,G,158.488617,16.639326,776.247,,0.16151990076,-20.381,0.3127117132378134,11178923907.117466,1084.0
664908,685535,,,SDSSJ102438.89+162549.0,10243890+1625489,,G,156.162094,16.430254,783.43,,0.162873981437,-20.606,0.31280456478277185,13753080974.214487,1084.0
664909,685536,,,SDSSJ103001.82+164100.7,10300181+1641000,,G,157.507568,16.683359,578.096,,0.123331801666,-19.946,0.3128048415333583,7488589075.216462,1084.0
664910,685537,,,SDSSJ103923.18+165838.2,10392321+1658383,,G,159.846725,16.977329,1037.53,,0.209574644787,-21.216,0.3128057329660352,24121260560.925674,1084.0
664926,685553,,,SDSSJ102747.15+172652.7,10274710+1726522,,G,156.94628899999995,17.447845,1174.9,,0.233942216971,-21.486,0.3128181418115495,30931430109.489693,1084.0
664927,685554,,,SDSSJ103101.42+173837.9,10310146+1738377,,G,157.756104,17.643814000000006,654.636,,0.13828065914,-20.216,0.3128184966972902,9602846792.093777,1084.0
664928,685555,,,SDSSJ103152.28+174450.8,10315228+1744512,,G,157.967865,17.74758,554.626,,0.118694579347,-19.856,0.31281875143224896,6892868607.318448,1084.0
664929,685556,,,SDSSJ103242.97+173455.0,10324298+1734547,,G,158.179092,17.581871,727.78,,0.152330296165,-20.446,0.31281919005236936,11868613846.449215,1084.0
664937,685564,,,SDSSJ102253.93+173753.8,10225392+1737536,,G,155.72468600000005,17.631556,794.328,,0.164924632462,-20.636,0.31282614624785043,14138391390.945631,1084.0
664938,685565,,,SDSSJ102245.27+173823.6,10224524+1738236,,G,155.688538,17.639896,1722.88296603,,0.32618800000000003,-21.0303,0.31282689753947923,20329186495.207317,1084.0
664939,685566,,,SDSSJ103102.70+180730.4,10310271+1807308,,G,157.761292,18.125246,801.678,,0.166305173153,-19.369,0.3128270602023939,4401492842.868162,1084.0
664947,685574,,,SDSSJ102438.85+180723.3,10243881+1807232,,G,156.161728,18.123112,633.87,,0.134250547125,-18.859,0.3128287222380681,2751693132.8088045,1084.0
665013,685640,,,SDSSJ102909.12+152556.4,10290911+1525570,,G,157.287979,15.432513,1548.82,,0.297655408828,-22.508000000000006,0.3128842945537351,79286637487.85518,1084.0
665014,685641,,,SDSSJ103110.04+152850.9,10311003+1528504,,G,157.791809,15.480686,549.5409999999998,,0.117686578843,-20.258,0.3128846634366575,9981596274.917244,1084.0
665015,685642,,,SDSSJ103148.81+153732.4,10314883+1537322,,G,157.953461,15.625637,1264.74,,0.249581764791,-22.068,0.3128866172746481,52868866585.088135,1084.0
665026,685653,,,SDSSJ102441.35+154253.9,10244134+1542539,,G,156.172256,15.714977,1324.34,,0.259835649918,-22.168000000000006,0.31289835519965625,57969559465.35225,1084.0
665027,685654,,,SDSSJ102501.86+154013.0,10250183+1540128,,G,156.25766000000004,15.670244,657.658,,0.138865509433,-20.648000000000003,0.31289888350931394,14295521400.370432,1084.0
665028,685655,,,SDSSJ103031.26+155240.1,10303127+1552408,,G,157.630295,15.878012,1122.02,,0.224629132315,-21.808000000000003,0.3129004212692781,41610218851.745575,1084.0
665051,685678,,,SDSSJ102517.91+163243.4,10251792+1632431,,G,156.32470700000005,16.545324,1207.81,,0.23969747984900006,-21.397,0.3129170780106128,28497056273.411564,1084.0
665052,685679,,,SDSSJ102544.88+163711.9,10254489+1637117,,G,156.437057,16.619928,663.743,,0.140042140021,-20.097,0.31291739605559626,8605973411.928276,1084.0
665053,685680,,,SDSSJ102610.69+164446.1,10261068+1644457,,G,156.54453999999996,16.746032999999994,787.046,,0.163555011778,-20.467,0.3129178432419578,12100407608.569565,1084.0
665054,685681,,,SDSSJ102717.75+164305.6,10271779+1643060,,G,156.824127,16.718334,544.503,,0.116686558343,-19.667,0.3129180572788073,5791619210.831224,1084.0
665055,685682,,,SDSSJ102738.84+164842.4,10273885+1648422,,G,156.91188,16.811741,805.378,,0.1669992235,-20.517,0.3129185255404128,12670682249.98549,1084.0
665056,685683,,,SDSSJ102740.77+164357.9,10274079+1643582,,G,156.919998,16.732851,1887.99,,0.35267942634000005,-22.367,0.3129210988293314,69630577960.29323,1084.0
666438,687065,,,SDSSJ103054.24+170426.7,10305426+1704267,,G,157.72610500000005,17.074106,1009.25,,0.204485922243,-22.179,0.31536951282776177,58559855984.929016,1084.0
666541,687168,,,SDSSJ102518.08+170236.5,10251804+1702371,,G,156.32518000000005,17.043658999999998,1185.77,,0.235846497923,-21.537,0.3154441495921208,32419028782.278843,1084.0
666542,687169,,,SDSSJ102613.17+170010.5,10261319+1700107,,G,156.554977,17.002975,1180.32,,0.234892257446,-21.527,0.3154453366955234,32121809339.879726,1084.0
666545,687172,,,SDSSJ102918.59+173244.1,10291856+1732440,,G,157.32736200000005,17.545565,1425.61,,0.27704872852400003,-21.937,0.3154491458733574,46859753530.86258,1084.0
666562,687189,,,SDSSJ102959.72+150947.7,10295972+1509484,,G,157.49885600000005,15.163445,1419.06,,0.275943287972,-23.09,0.31547115870885634,135518941235.1035,1084.0
666563,687190,,,SDSSJ102639.95+151902.9,10263996+1519022,,G,156.666504,15.317298999999998,1180.32,,0.234892257446,-22.69,0.3154746235916616,93756200692.5883,1084.0
666568,687195,,,SDSSJ102633.82+161806.3,10263388+1618062,,G,156.64119,16.301744,1492.79,,0.288328674164,-23.189,0.3154904887138761,148456767505.22775,1084.0
666569,687196,,,SDSSJ103030.28+161925.1,10303027+1619253,,G,157.62616,16.323719,1127.2,,0.225545152773,-22.579,0.31549361687093325,84644744809.77036,1084.0
674061,694688,,,1528741,10250549+1716122,,G,156.272903,17.270058,308.45472842099997,,0.06837599999999999,-21.319000000000006,0.3214375030342597,26521617055.078945,1084.0
780228,800859,,,1522583,10262707+1701086,,G,156.61279299999995,17.019079,458.118443645,,0.099348,-20.9129,0.4011358114010667,18245677741.211002,1084.0
780235,800866,,,1522799,10234387+1701383,,G,155.9328,17.027328,330.9056248,,0.073103,-20.3865,0.4011395352824536,11235696513.643713,1084.0
780578,801209,,,1533383,10271808+1727480,,G,156.82536299999995,17.463335,505.18665628699995,,0.108841,-21.1933,0.401403197338008,23622181387.442238,1084.0
780816,801447,,,1541985,10304377+1747548,,G,157.68238799999997,17.798563,535.577304885,,0.114912,-21.0671,0.40158840788336,21030035219.004845,1084.0
865521,886270,,,,10341010+1742055,,G,158.542114,17.701546,321.07090418900003,,0.071036,-21.272,0.46427213214059704,25398028137.72826,1084.0
884444,905206,,,,10370541+1610267,,G,159.272568,16.174093,541.721615114,,0.116134,-20.6249,0.4779755138845164,13994584217.526009,1084.0
893296,914078,,,,10264845+1655112,,G,156.701889,16.919792,336.13614131099996,,0.0742,-21.0816,0.4843325011474779,21312774995.083504,1084.0
893301,914083,,,,10333374+1549037,,G,158.390594,15.817717000000002,893.192642452,,0.183325,-21.4997,0.4843372422470662,31324200850.73464,1084.0
897523,918308,,,,10391624+1703583,,G,159.81768799999998,17.066219,556.4251436659999,,0.119051,-18.808,0.48739893129511,2625427318.993711,1084.0
898148,918934,,,,10251175+1647081,,G,156.298981,16.785608,910.74566987,,0.186555,-21.157,0.4878580281962411,22845464885.51829,1084.0
931905,952777,,,,10255078+1832092,,G,156.461594,18.535889,390.147600905,,0.085436,-20.8821,0.5122622871400084,17735359657.19371,1084.0
1102883,1124273,,,1552293,10285408+1810381,,G,157.225357,18.177265,487.528,,0.105292582646,-20.54,0.6355596797741326,12941958414.499916,1084.0
1106552,1127942,,,1492876,10245907+1546068,,G,156.24615500000004,15.768579999999998,1513.56,,0.291794515897,-22.4,0.6382750454444743,71779429127.13644,1084.0
1106591,1127981,,,1499763,10243696+1603369,,G,156.15403700000005,16.060253,891.2510000000002,,0.182967001484,-21.08,0.6383073967338799,21281390459.827183,1084.0
1106625,1128015,,,1505820,10311369+1618534,,G,157.807083,16.314854,459.198,,0.0995669297835,-20.15,0.6383330905652507,9036494737.223042,1084.0
1106643,1128033,,,1510323,10244494+1630129,,G,156.187286,16.50359,663.743,,0.140042140021,-20.93,0.6383448745472748,18535316234.148144,1084.0
1106660,1128050,,,1514369,10233344+1640403,,G,155.889343,16.677877,1294.2,,0.254661877331,-22.02,0.6383584990736431,50582466200.31148,1084.0
1106694,1128084,,,1522990,10204980+1702008,,G,155.207504,17.033567,1191.24,,0.236803468402,-21.92,0.6383806022477103,46131757456.038086,1084.0
1106725,1128115,,,1527483,10283559+1713066,,G,157.148331,17.218504,366.4380000000001,,0.08052412026210001,-19.54,0.6383987859211588,5152286445.817583,1084.0
1106758,1128148,,,1533993,10221037+1729165,,G,155.543228,17.487944,1224.62,,0.242625301313,-21.84,0.638418666881633,42854852039.74392,1084.0
1106798,1128188,,,1541371,10224182+1746356,,G,155.674271,17.776566,539.511,,0.115694517847,-20.83,0.6384489841045552,16904409316.4327,1084.0
1107086,1128476,,,1588018,10292197+1918535,,G,157.341583,19.314865,591.562,,0.12598074299,-20.92,0.6386382733139264,18365383433.483585,1084.0
1115508,1136898,,,SDSSJ103011.97+165829.4,10301193+1658294,,G,157.54972800000004,16.97484,373.25,,0.0819384709692,-21.127,0.6463679498453888,22222862543.28204,1084.0
1115531,1136921,,,SDSSJ102352.03+172457.2,10235203+1724573,,G,155.966827,17.415937,364.754,,0.080174050087,-21.052,0.646387087208931,20739582044.53835,1084.0
1115543,1136933,,,SDSSJ103006.62+153444.2,10300662+1534444,,G,157.52758799999995,15.579005,442.588,,0.0961909680955,-21.365,0.6463933737073616,27669416454.115128,1084.0
1115549,1136939,,,SDSSJ103236.57+165210.3,10323657+1652097,,G,158.15239,16.86937,452.898,,0.0982882391441,-20.672,0.6463969754530995,14615039720.061632,1084.0
1115551,1136941,,,SDSSJ103304.97+165308.3,10330498+1653084,,G,158.270767,16.885680999999998,450.817,,0.0978652989326,-20.662,0.6463978074359921,14481048230.513788,1084.0
1115574,1136964,,,SDSSJ102505.63+153855.9,10250559+1538562,,G,156.273331,15.648947,1169.5,,0.232994906497,-22.668000000000006,0.6464602341679174,91875560166.60637,1084.0
1116392,1137782,,,SDSSJ102410.18+164356.1,10241018+1643557,,G,156.042435,16.732166,663.743,,0.140042140021,-20.041,0.6481191644777692,8173348179.780709,1084.0
1116401,1137791,,,SDSSJ101935.54+165315.6,10193556+1653158,,G,154.898193,16.887732,510.505,,0.109906704953,-19.471,0.6481274177362156,4835039205.916214,1084.0
1116402,1137792,,,SDSSJ103014.22+172432.7,10301423+1724324,,G,157.559296,17.409006,972.747,,0.19787910894,-20.871,0.648128066502915,17554966296.212296,1084.0
1116403,1137793,,,SDSSJ103300.76+173112.3,10330080+1731124,,G,158.253357,17.520126,463.447,,0.100428350214,-19.261,0.6481282137641878,3984740097.1777563,1084.0
1116415,1137805,,,SDSSJ102136.97+172615.3,10213696+1726150,,G,155.404007,17.43751,534.564,,0.114710247355,-19.571,0.6481325552091048,5301515066.784599,1084.0
1116416,1137806,,,SDSSJ102453.75+172926.5,10245375+1729269,,G,156.223984,17.490807999999998,1499.68,,0.28947947474,-21.811,0.6481340972239324,41725351123.179565,1084.0
1116417,1137807,,,SDSSJ102601.25+174129.7,10260120+1741295,,G,156.50502,17.691549,2041.74,,0.376890548445,-22.481,0.6481369553971792,77339257804.89954,1084.0
1116418,1137808,,,SDSSJ102812.96+174442.7,10281296+1744424,,G,157.054001,17.745127,1445.44,,0.280389620195,-21.731,0.6481383878771221,38761448670.02412,1084.0
1116419,1137809,,,SDSSJ103315.26+174906.3,10331530+1749064,,G,158.313766,17.818448999999994,463.447,,0.100428350214,-19.261,0.6481385351383948,3984740097.1777563,1084.0
1116420,1137810,,,SDSSJ103351.67+175550.8,10335166+1755506,,G,158.46528600000005,17.930731,532.1080000000002,,0.114221157111,-19.561,0.6481387292665601,5252910484.500501,1084.0
1116430,1137820,,,SDSSJ102449.18+175432.8,10244915+1754329,,G,156.204803,17.909143,534.564,,0.114710247355,-19.571,0.6481443120022655,5301515066.784599,1084.0
1116438,1137828,,,SDSSJ103130.19+184347.8,10313019+1843477,,G,157.875793,18.729933,1127.2,,0.225545152773,-21.191,0.6481506012025622,23572193636.510017,1084.0
1116439,1137829,,,SDSSJ103151.90+184410.8,10315193+1844100,,G,157.96641499999996,18.736128,874.9839999999998,,0.179962949981,-20.641,0.6481511261170382,14203651240.480122,1084.0
1116588,1137978,,,SDSSJ103035.55+145508.5,10303555+1455088,,G,157.64816299999995,14.919123,1288.25,,0.253637706819,-21.481,0.64828227463584,30789313097.416008,1084.0
1116601,1137991,,,SDSSJ103152.16+152627.3,10315221+1526272,,G,157.96756000000005,15.440912,622.3,,0.131996825998,-19.901,0.6482945327744516,7184557087.92598,1084.0
1116608,1137998,,,SDSSJ103428.88+155618.5,10342893+1556185,,G,158.620544,15.938482,1264.74,,0.249581764791,-21.441,0.6482989982998878,29675633580.735317,1084.0
1116618,1138008,,,SDSSJ102711.50+160721.4,10271152+1607220,,G,156.798035,16.122782,679.204,,0.143024771512,-20.091,0.6483031677948311,8558546212.208228,1084.0
1116619,1138009,,,SDSSJ103012.55+161546.3,10301256+1615464,,G,157.552353,16.262895999999998,1153.45,,0.230174395087,-21.241,0.6483040799916424,24683116896.973564,1084.0
1116739,1138129,,,SDSSJ102318.68+165746.9,10231868+1657475,,G,155.827866,16.963209,557.186,,0.119201729601,-19.866,0.6484326522151879,6956647535.283541,1084.0
1116740,1138130,,,SDSSJ103021.24+170825.4,10302128+1708254,,G,157.58866899999995,17.140394,1218.99,,0.241645650823,-21.566,0.6484338827348279,33296608520.688,1084.0
1116741,1138131,,,SDSSJ103219.63+171606.9,10321961+1716066,,G,158.081726,17.268515,496.592,,0.107115803558,-19.616,0.6484340869502564,5525861556.300803,1084.0
1116742,1138132,,,SDSSJ103231.08+171900.1,10323103+1718597,,G,158.129333,17.316587,1127.2,,0.225545152773,-21.396,0.6484351391266402,28470821597.99297,1084.0
1116754,1138144,,,SDSSJ102617.05+172226.0,10261703+1722267,,G,156.570984,17.374088,688.6519999999998,,0.144842322421,-20.326,0.6484487076844405,10626738654.024708,1084.0
1116768,1138158,,,SDSSJ102559.83+175054.9,10255983+1750545,,G,156.49932900000005,17.848499,1142.88,,0.22831274415600006,-20.139,0.6484599330858445,8945404837.78867,1084.0
1116769,1138159,,,SDSSJ103204.75+180450.1,10320472+1804500,,G,158.019684,18.08057,707.946,,0.148542524271,-19.099,0.6484600599352831,3432416650.1212068,1084.0
1116824,1138214,,,SDSSJ102743.70+145849.4,10274370+1458492,,G,156.932098,14.98035,1527.57,,0.294126567063,-22.478,0.6485153852123091,77125856498.92169,1084.0
1116825,1138215,,,SDSSJ102802.84+145630.1,10280281+1456304,,G,157.01173400000005,14.94179,2098.94,,0.385792452896,-23.168000000000006,0.6485207665289844,145612949861.60626,1084.0
1116826,1138216,,,SDSSJ103017.23+150641.9,10301726+1506414,,G,157.571945,15.111507,851.138,,0.175541817771,-21.208,0.6485216514174819,23944181728.63385,1084.0
1116827,1138217,,,SDSSJ103128.19+150643.3,10312823+1506432,,G,157.86763,15.112024,487.528,,0.105292582646,-19.998,0.6485219417452327,7855973322.609913,1084.0
1116836,1138226,,,SDSSJ103349.32+153833.4,10334930+1538336,,G,158.455429,15.642682999999998,809.096,,0.167696213848,-21.098000000000006,0.6485298349990408,21637147217.7911,1084.0
1116853,1138243,,,SDSSJ102445.71+154040.4,10244570+1540399,,G,156.19044499999995,15.677755,1324.34,,0.259835649918,-22.168000000000006,0.6485482800112183,57969559465.35225,1084.0
1116854,1138244,,,SDSSJ103324.02+160800.1,10332404+1608003,,G,158.350204,16.133436,831.7639999999999,,0.171934645967,-21.158,0.648549125073173,22866516029.195282,1084.0
1116864,1138254,,,SDSSJ102946.54+162043.4,10294656+1620431,,G,157.444016,16.345322,1923.09,,0.35824421912199994,-22.407,0.6485622537145993,72243703243.63565,1084.0
1116865,1138255,,,SDSSJ103055.06+162150.2,10305503+1621507,,G,157.72929399999995,16.364105,1122.02,,0.224629132315,-21.237,0.6485631625569364,24592348238.462242,1084.0
1116875,1138265,,,SDSSJ102430.65+164128.2,10243064+1641287,,G,156.127701,16.691315,779.83,,0.162195681098,-20.447,0.6485703002740453,11879550279.416513,1084.0
1116876,1138266,,,SDSSJ102555.06+163830.0,10255505+1638306,,G,156.479401,16.641848,855.067,,0.176271568136,-20.647,0.6485708280973358,14282360800.191885,1084.0
1116877,1138267,,,SDSSJ102605.79+163921.1,10260581+1639207,,G,156.524246,16.655752,498.884,,0.107576333788,-19.477,0.6485710077727066,4861832584.649838,1084.0
1116878,1138268,,,SDSSJ103511.12+170354.4,10351113+1703547,,G,158.796402,17.06521,874.9839999999998,,0.179962949981,-20.697,0.6485715604715424,14955467727.443932,1084.0
1116879,1138269,,,SDSSJ103613.18+165721.4,10361323+1657210,,G,159.05514499999995,16.955837,883.08,,0.18145920073,-20.717,0.6485721234458168,15233510631.495697,1084.0
1118500,1139890,,,SDSSJ101856.78+165537.7,10185679+1655373,,G,154.736664,16.927032,1253.14,,0.247574793787,-20.553,0.6521880371288936,13097849623.996872,1084.0
1118626,1140016,,,SDSSJ102505.96+170156.1,10250598+1701562,,G,156.274918,17.03228,1185.77,,0.235846497923,-21.537,0.6522655348120022,32419028782.278843,1084.0
1118627,1140017,,,SDSSJ102535.87+165959.3,10253588+1659598,,G,156.399506,16.999945,1330.45,,0.26088145044100003,-21.787,0.6522670431148458,40813139159.69732,1084.0
1118632,1140022,,,SDSSJ102748.82+173232.0,10274879+1732322,,G,156.95330800000005,17.542289999999998,1174.9,,0.233942216971,-21.517,0.6522725733611129,31827314821.707863,1084.0
1118634,1140024,,,SDSSJ102805.50+175810.8,10280552+1758104,,G,157.02304099999995,17.969568,1174.9,,0.233942216971,-21.517,0.6522751899991192,31827314821.707863,1084.0
1118636,1140026,,,SDSSJ102610.94+181700.0,10261093+1816597,,G,156.545563,18.28326,899.498,,0.184486562243,-20.937,0.6522777095843888,18655203891.006016,1084.0
1118658,1140048,,,SDSSJ103008.49+145949.8,10300850+1459494,,G,157.53543100000005,14.997062,1288.25,,0.253637706819,-22.88,0.6523214859955859,111686324778.05612,1084.0
1118664,1140054,,,SDSSJ102954.40+155222.3,10295437+1552221,,G,157.476562,15.872815,1116.86,,0.223716051858,-22.559,0.6523425115625545,83099804104.44337,1084.0
1118666,1140056,,,SDSSJ102455.27+160539.0,10245521+1605389,,G,156.230072,16.094141,1563.15,,0.300029460015,-23.289,0.6523523580873238,162779608639.38068,1084.0
1125408,1279540,,,3090334,,,G,157.65200000000004,17.57861,291.072,,0.0646953623477,-19.36,0.6573878862772697,4365158322.401666,1084.0
1125517,1279649,,,1536165,,,G,157.561,17.57895,293.765,,0.0652667726334,-20.19,0.6574326888210441,9375620069.258831,1084.0
1125693,1279825,,,1493256,,,G,158.782,15.78375,378.443,,0.0830151415076,-20.25,0.6575007862250191,9908319448.927729,1084.0
1130134,1284266,,,1530512,,,G,155.998,17.34361,503.501,,0.108502854251,-20.58,0.6597769429548088,13427649611.378641,1084.0
1134188,1288323,,,1527030,,,G,159.892,17.2003,444.631,,0.0966069783035,-20.43,0.6615361122407738,11694993910.198748,1084.0
1134368,1288503,,,1498323,,,G,158.35,16.000220000000002,381.944,,0.08374006187000001,-20.1,0.6615916227983057,8629785477.669737,1084.0
1194927,1355618,,,1494032,,,G,158.391,15.81777,442.588,,0.0961909680955,-20.5,0.6924318069481187,12473835142.429485,1084.0
1195222,1355913,,,1500455,,,G,158.924,16.09039,380.189,,0.0833767616884,-19.97,0.6925571391386214,7655966069.112569,1084.0
1195445,1356136,,,1506568,,,G,158.684,16.34666,378.443,,0.0830151415076,-19.82,0.6926488297321645,6668067692.136246,1084.0
1195759,1356450,,,1516954,,,G,156.299,16.78557,570.164,,0.121767510884,-20.43,0.6927770074594606,11694993910.198748,1084.0
1195780,1356471,,,1517715,,,G,160.016,16.8177,440.555,,0.0957766378883,-20.1,0.692785995853954,8629785477.669737,1084.0
1196053,1356744,,,1526513,,,G,159.352,17.17782,564.937,,0.12073494036699997,-20.76,0.6929239048308302,15848931924.611176,1084.0
1196072,1356763,,,1527015,,,G,159.401,17.19959,564.937,,0.12073494036699997,-20.74,0.692934867987881,15559656316.05075,1084.0
1196176,1356867,,,1530462,,,G,157.10299999999995,17.34135,663.743,,0.140042140021,-20.83,0.6929827993088983,16904409316.4327,1084.0
1196417,1357108,,,1537779,,,G,155.65,17.64252,363.078,,0.0798254499127,-19.74,0.6931099787792188,6194410750.767812,1084.0
1196464,1357155,,,1539066,,,G,159.017,17.69095,405.509,,0.0886017743009,-20.01,0.693134350141429,7943282347.242822,1084.0
1196495,1357186,,,1540230,,,G,158.966,17.73404,463.447,,0.100428350214,-20.37,0.6931463556907733,11066237839.776676,1084.0
1196620,1357311,,,1543927,,,G,157.065,17.867639999999994,309.03,,0.0684974142487,-19.4,0.6931954812374712,4528975799.036214,1084.0
1196715,1357406,,,1547416,,,G,157.22799999999995,17.99879,309.03,,0.0684974142487,-19.42,0.6932297469986347,4613175745.603809,1084.0
1196727,1357418,,,1547723,,,G,157.39,18.010460000000005,409.261,,0.08937310468660001,-20.03,0.6932348713258562,8090958991.783845,1084.0
1197967,1358659,,,1583696,,,G,157.716,19.19311,287.078,,0.0638469619235,-19.22,0.6937475409556061,3837072454.9228,1084.0
1197970,1358662,,,1583737,,,G,157.208,19.19514,591.562,,0.12598074299,-20.7,0.6937487438899673,14996848355.02374,1084.0
1198054,1358746,,,1585960,,,G,157.486,19.25911,288.403,,0.0641285720643,-19.37,0.6937824504166735,4405548635.065536,1084.0
1383575,1547184,,,SDSSJ103017.50+191659.8,,,G,157.57299999999995,19.28332,2421.03,,0.434942137471,-22.52,0.7899858385118533,80167806338.7679,1084.0
1395001,1558616,,,SDSSJ103022.00+191703.8,,,G,157.592,19.28442,2376.84,,0.428291854146,-21.19,0.8020933639327095,23550492838.96009,1084.0
1395002,1558617,,,SDSSJ102827.45+190421.6,,,G,157.114,19.07277,2041.74,,0.376890548445,-20.37,0.8020937728999771,11066237839.776676,1084.0
1404705,1568336,,,SDSSJ102844.94+190633.9,,,G,157.187,19.1094,1770.11,,0.33382015691,-20.55,0.8174131971256815,13061708881.318405,1084.0
1411736,1618856,,,SDSSJ103305.40+154402.2,,,G,158.273,15.73397,2197.86,,0.40105925053,-21.44,0.8976999941289104,29648313895.24352,1084.0
1413312,2319002,,,SDSSJ102855.68+191012.3,,,G,157.232,19.17011,591.562,,0.12598074299,-21.1,0.9033859957012074,21677041048.19705,1084.0
1584041,2529318,,,SDSSJ102902.90+191223.7,,,G,157.262,19.20669,588.844,,0.12544671272299998,-20.12,0.9888712398852589,8790225168.308859,1084.0
1584083,2529360,,,SDSSJ102953.50+192048.0,,,G,157.47299999999996,19.34663,636.7959999999998,,0.13481943741,-20.7,0.9888884360518898,14996848355.02374,1084.0
1584095,2529372,,,SDSSJ103009.90+192421.5,,,G,157.541,19.40595,591.562,,0.12598074299,-20.55,0.9888940929401884,13061708881.318405,1084.0
1584097,2529374,,,SDSSJ103010.53+191247.2,,,G,157.54399999999995,19.21314,924.698,,0.189114754557,-20.6,0.9888947673251413,13677288255.958578,1084.0
