,Unnamed: 0,PGC,GWGC,HyperLEDA,2MASS,SDSS-DR12,flag,RA,dec,Luminosity Distance,Distance Error,Redshift,Absolute B Magnitude,Luminosity_Rank,B Luminosity,Sector
4082,4558,62376.0,NGC6700,NGC6700,18460440+3216465,,G,281.518372,32.279598,69.21379177109999,,0.015350167675100003,-20.821,0.0026423172773741696,16764862660.739012,722.0
6421,6897,62212.0,PGC062212,PGC062212,18395133+3248225,,G,279.963898,32.806267,101.81927943299999,,0.021292,-21.0092,0.004200877809044028,19937926928.599937,722.0
15516,16000,,,2811870,18384683+3251157,,G,279.695129,32.854382,249.444462079,,0.047287,-21.9319,0.0100318632815749,46640156605.37351,722.0
17098,17582,,,1956986,18455587+3138215,,G,281.482819,31.639317,248.002125328,,0.035677999999999994,-21.8763,0.01102781148119585,44311862038.60291,722.0
17559,18044,,,UGC11303,18373227+3316514,,G,279.384491,33.280945,115.353399151,,0.029111,-20.6402,0.01131987300707772,14193189458.220541,722.0
31024,31514,,,1975013,18451590+3159507,,G,281.316284,31.997438,120.956794965,,0.035705,-20.1692,0.019534853864584572,9197716092.463757,722.0
35330,35820,62487.0,NGC6713,NGC6713,18504456+3357353,,G,282.685699,33.95982,79.8639106165,,0.020158,-20.4458,0.022022214768400914,11866427768.335232,722.0
35481,35972,,,2MFGC14614,18510383+3338036,,G,282.7659910000001,33.634335,224.722980135,,0.05073728536859999,-20.9192,0.022105068770052718,18351856303.075783,722.0
35616,36107,,,2031614,18362016+3325037,,G,279.084015,33.417717,116.91950841,,0.028298,-19.8514,0.02218087595558561,6863726977.5396,722.0
36114,36605,62286.0,UGC11333,UGC11333,18422622+3222319,,G,280.609253,32.375538,69.929601507,,0.028253,-19.2803,0.022483820179247518,4056205970.7861342,722.0
42155,42648,62081.0,PGC062081,PGC062081,18350415+3259571,,G,278.767303,32.999214,118.43731907899999,,0.027045,-20.5874,0.02507724142946925,13519480384.437956,722.0
42170,42663,62457.0,PGC062457,PGC062457,18490193+3427403,,G,282.258057,34.461197,83.30796908800001,,0.018311,-19.7504,0.02508117304636238,6254030573.39471,722.0
50629,51122,62293.0,UGC11336,UGC11336,18423694+3428139,,G,280.653931,34.470547,141.890562652,,0.032366000000000006,-20.1758,0.027296439515294712,9253797678.097118,722.0
50643,51136,62532.0,IC1296,IC1296,18531883+3303596,,G,283.328461,33.066563,119.20097923899999,,0.027249,-20.6064,0.027303048392498717,13758148729.9498,722.0
82807,83300,,,62425,18473958+3319118,,G,281.914917,33.319958,209.308351171,,0.046938,-21.2389,0.03948908644300163,24635421656.53637,722.0
140001,140494,,,62345,18445085+3200086,,G,281.21191400000004,32.002407,114.96088495299999,,0.026181,-19.6178,0.06672273782185571,5535030266.266064,722.0
170713,171206,,,1913390,18460558+3040435,,G,281.523254,30.678766,128.411423187,,0.029656,-19.616,0.07903034584197206,5525861556.300803,722.0
170826,171319,,,1934130,18470727+3109162,,G,281.780304,31.154524,235.34101226299998,,0.052582,-21.0505,0.07907630747839547,20710949036.60346,722.0
170874,171367,,,1942229,18463552+3119556,,G,281.6480410000001,31.332113,238.373060531,,0.053234,-20.8113,0.07909497797373201,16615751943.702532,722.0
170892,171385,,,1945313,18454074+3123574,,G,281.419769,31.399282,187.539979917,,0.042229,-20.5195,0.0791006229411136,12699891189.18116,722.0
170944,171437,,,1953992,18435811+3134419,,G,280.992157,31.57832,217.644867418,,0.048759,-19.9357,0.07912090713381194,7417883357.78862,722.0
170953,171446,,,1955549,18395400+3136395,,G,279.975006,31.610991,183.122862188,,0.041264,-19.6957,0.07912389070826854,5946754364.70765,722.0
170961,171454,,,1956537,18454984+3137495,,G,281.457672,31.630419,209.87847464700002,,0.047076,-20.5498,0.07912754208584655,13059303047.218023,722.0
170974,171467,,,1958574,18431594+3140230,,G,280.816437,31.673069,211.45603191,,0.047418,-20.4631,0.07913240681833042,12057020518.78537,722.0
171007,171500,,,1967138,18471297+3150262,,G,281.804077,31.840633,239.07351449200002,,0.053381,-20.4497,0.07914445741204057,11909129011.664862,722.0
171026,171519,,,1969860,18471439+3153362,,G,281.809967,31.893412,243.39082444099998,,0.054309,-20.4345,0.07915077611189468,11743566191.849922,722.0
171040,171533,,,1973061,18451354+3157347,,G,281.306458,31.959656,162.859807145,,0.03687,-20.2771,0.07915634348150698,10158743619.74673,722.0
171055,171548,,,1976444,18432913+3201278,,G,280.871399,32.024403,178.99878060700001,,0.040366,-19.3083,0.079162700372073,4162171776.866371,722.0
171058,171551,,,1976753,18512775+3201498,,G,282.865662,32.030514000000004,208.425777163,,0.046758,-20.0908,0.07916358895471097,8556969814.930225,722.0
171101,171594,,,1987367,18494656+3214172,,G,282.444,32.238113,226.621996185,,0.050692,-19.9675,0.07918031768159145,7638357835.776955,722.0
171127,171620,,,1992059,18384935+3220097,,G,279.705627,32.336048,137.775836672,,0.031557,-20.3269,0.07919259958052703,10635551135.19211,722.0
171132,171625,,,1992809,18472906+3221017,,G,281.871124,32.350497999999995,212.92389438200001,,0.04773,-19.1301,0.07919378358678916,3532157006.6211047,722.0
171165,171658,,,1998423,18415632+3228104,,G,280.48468,32.469574,237.77941393400002,,0.053099,-20.4389,0.07920508428053781,11791254141.875069,722.0
171182,171675,,,2000928,18380698+3231294,,G,279.529114,32.52486,117.660461054,,0.026858,-19.8992,0.07921244105195617,7172655956.947584,722.0
171197,171690,,,2003729,18355682+3235150,,G,278.986755,32.587521,208.85784064900002,,0.046847,-19.8933,0.0792188923959102,7133784732.065444,722.0
171236,171729,,,2010939,18383771+3245147,,G,279.657135,32.754101,220.291599878,,0.049323,-20.031,0.07923345730437946,8098414473.257891,722.0
171263,171756,,,2014103,18383563+3250047,,G,279.648499,32.834652,207.593987458,,0.046571,-20.6111,0.07924455505927981,13817834922.694952,722.0
171266,171759,,,2014537,18471935+3250462,,G,281.830658,32.846188,216.032058603,,0.048399,-19.8046,0.07924653657968696,6574155918.802156,722.0
171269,171762,,,2014798,18345933+3251130,,G,278.747223,32.853621999999994,219.567454828,,0.049166,-20.7368,0.07924783071755631,15513864716.356312,722.0
171273,171766,,,2015653,18385709+3252337,,G,279.737915,32.876041,230.654685543,,0.051561,-19.4558,0.07924939320448683,4767821634.919782,722.0
171291,171784,,,2018342,18385135+3256537,,G,279.713989,32.948269,228.91058896799998,,0.051184,-19.9663,0.07925586911737563,7629920274.338524,722.0
171447,171940,,,2035396,18415035+3336004,,G,280.459808,33.600117,233.06184965900002,,0.052074,-19.8514,0.07931954441426553,6863726977.5396,722.0
171481,171974,,,2037629,18443418+3343195,,G,281.142456,33.722092,160.699431098,,0.036381,-20.5741,0.07933239908487222,13354880306.561209,722.0
171488,171981,,,2038117,18451753+3344557,,G,281.323059,33.748829,242.73590438,,0.054155,-20.6497,0.07933508353756412,14317922257.995028,722.0
171573,172066,,,2043335,18485197+3404047,,G,282.216553,34.067989000000004,193.545765806,,0.043511,-19.9189,0.07936782545893528,7303987142.14667,722.0
171696,172189,,,2053028,18454859+3441214,,G,281.452484,34.689304,205.90349392,,0.046189,-21.3243,0.07942018754462231,26651398313.456867,722.0
181066,181559,,,2811849,18383610+3257377,,G,279.65045200000003,32.960487,235.971301615,,0.052707,-21.0293,0.0831808717261187,20310471242.51213,722.0
181083,181576,,,2812257,18420813+3052374,,G,280.533905,30.877081,104.520280489,,0.023496,-18.522,0.08318655072967665,2017437085.6119246,722.0
181100,181593,,,2812616,18445110+3012006,,G,281.21295200000003,30.200184000000004,190.280945326,,0.042835000000000005,-19.094,0.08319074110239863,3416646128.138239,722.0
181130,181623,,,2813555,18520907+3212412,,G,283.037811,32.211472,237.176600288,,0.052966999999999986,-21.1184,0.0832006569564752,22047532933.35178,722.0
200593,201086,,,,18350243+3228361,,G,278.76016200000004,32.476707,250.454467427,,0.055828,-20.7136,0.09003631258635388,15185881268.35638,722.0
219705,220198,,,,18550257+3304540,,G,283.760742,33.081676,175.794372923,,0.039668,-19.24,0.09649478397581628,3908408957.9240093,722.0
220954,221447,,,,18472131+3319267,,G,281.8388060000001,33.324085,238.795170727,,0.053309,-20.3181,0.0969406540149087,10549697331.521486,722.0
221301,221794,,,,18510728+3138076,,G,282.780334,31.635454,196.25984027599998,,0.044122,-20.6622,0.0970556899705559,14483715983.87829,722.0
221303,221796,,,,18521198+3216522,,G,283.049927,32.281193,170.893934041,,0.038612,-21.6976,0.0970574712736158,37587202178.679565,722.0
221307,221800,,,,18530825+3333405,,G,283.284393,33.561275,199.700357893,,0.044852,-19.4159,0.09705881012918624,4595788139.435892,722.0
228237,228730,,,,18393071+3303333,,G,279.877991,33.059277,194.584439932,,0.043744,-19.4505,0.09932806957267827,4744604320.607667,722.0
228238,228731,,,,18402389+3317264,,G,280.099548,33.29068400000001,186.161252991,,0.041909,-19.8044,0.09932831248444338,6572945026.059504,722.0
228240,228733,,,,18414093+3152387,,G,280.420563,31.877441,209.970439436,,0.047094,-20.0978,0.09932866343832723,8612316864.203918,722.0
228242,228735,,,,18424193+3059089,,G,280.674744,30.985823,168.75069241100002,,0.038151,-17.7682,0.09932898865892734,1007581071.0099373,722.0
228244,228737,,,,18432444+3513410,,G,280.851868,35.228065,208.991148463,,0.046855,-19.3636,0.09932968617400996,4379655998.067993,722.0
228245,228738,,,,18431089+3314150,,G,280.79541,33.237514000000004,180.761680452,,0.040737,-19.3515,0.09932984623612444,4331117839.310419,722.0
228246,228739,,,,18443916+3053595,,G,281.163177,30.899883000000006,124.84736769,,0.028732,-18.8159,0.09932994397077168,2644600038.971837,722.0
228247,228740,,,,18450328+3338186,,G,281.26367200000004,33.638523,120.44736861700001,,0.027555,-18.566,0.09933002161131213,2100873969.240991,722.0
228248,228741,,,,18451642+3336207,,G,281.318451,33.60577,225.85948561,,0.050518,-20.1752,0.0993303634085508,9248685253.261496,722.0
228249,228742,,,,18460433+3522095,,G,281.5180660000001,35.36932,145.781029696,,0.03317,-19.9345,0.09933063724329448,7409689339.137014,722.0
228250,228743,,,,18462433+3136055,,G,281.601379,31.601545,203.653936878,,0.045726,-19.7335,0.09933086479943004,6157437325.57066,722.0
304030,307694,,,62267,,,G,280.404,33.79058,109.564592959,,0.0247655223828,-19.8084,0.11568648919547354,6597205312.092281,722.0
385200,403680,,,3C382,18350342+3241471,,G,278.764252,32.696434,258.881451339,,0.057829999999999986,-21.5335,0.1222739447053854,32314690444.798813,722.0
385256,403736,,,UGC11358,18484452+3104287,,G,282.185516,31.074652,258.150246506,,0.0576733,-21.6984,0.12237870936266013,37614907658.557785,722.0
385264,403744,,,62261,18412794+3221107,,G,280.366425,32.352993,252.36965816900002,,0.05643330000000001,-21.7522,0.12239408210569765,39525739132.50539,722.0
385422,403902,,,2018978,18383260+3257587,,G,279.635864,32.966312,266.917845102,,0.05955,-21.3879,0.12262367817718442,28259208908.90899,722.0
398447,416928,,,2058364,18443072+3502000,,G,281.128021,35.033344,246.839403147,,0.055245,-20.7351,0.12898286622168795,15489592767.643559,722.0
400247,418728,,,214693,18372223+3315573,,G,279.342651,33.265926,262.336632479,,0.05857,-20.5653,0.12982681928494216,13247075148.435371,722.0
401820,420301,,,1940769,18464263+3117596,,G,281.677643,31.299891,270.08155161900004,,0.060226,-20.5925,0.13058160357388113,13583134465.871626,722.0
401823,420304,,,1943603,18463958+3121436,,G,281.664948,31.362114,255.597638909,,0.057126,-21.1398,0.130583720755219,22486403528.223747,722.0
401832,420313,,,1953285,18393671+3133514,,G,279.902985,31.564295,254.68396494400002,,0.05693,-21.035,0.13058836239571714,20417379446.69532,722.0
401834,420315,,,1955561,18452487+3136398,,G,281.353638,31.611057,249.318814502,,0.055778,-19.6838,0.13058942873277726,5881932008.172603,722.0
401842,420323,,,1971199,18413638+3155107,,G,280.401611,31.919664,275.587594438,,0.061401,-19.7993,0.13059259149050978,6542142505.551511,722.0
401846,420327,,,1975256,18473865+3200068,,G,281.9110720000001,32.0019,249.09545266700002,,0.05573,-20.3338,0.13059428168261608,10703356725.557222,722.0
401848,420329,,,1978124,18483672+3203257,,G,282.153015,32.057140000000004,276.6898682,,0.061636,-20.386,0.13059512555462088,11230523475.41083,722.0
401852,420333,,,1980767,18483514+3206406,,G,282.146423,32.111301,266.506218078,,0.059462,-19.8325,0.13059631217214576,6745280276.979229,722.0
401861,420342,,,1984513,18531420+3211036,,G,283.309204,32.184338000000004,273.97938095,,0.061058,-20.9256,0.13060066868364484,18460352941.55519,722.0
401883,420364,,,2003487,18435186+3234549,,G,280.966095,32.581936,254.847102819,,0.056965,-20.9414,0.13061280184427718,18730958428.96583,722.0
401897,420378,,,2008789,18385236+3242067,,G,279.718201,32.701878,256.628150373,,0.057347,-20.7185,0.13061915079970607,15254571048.86326,722.0
401898,420379,,,2009241,18480777+3242419,,G,282.03241,32.711647,273.238825701,,0.0609,-20.3807,0.13061956381729758,11175835482.99335,722.0
401906,420387,,,2012973,18474168+3248168,,G,281.923676,32.80468,281.26222363200003,,0.06261,-20.8796,0.13062405328264676,17694569461.89805,722.0
401920,420401,,,2020302,18391114+3300148,,G,279.796417,33.004124,278.050610085,,0.061926,-20.9816,0.1306319963784085,19437481812.26971,722.0
401936,420417,,,2024631,18503662+3308393,,G,282.652588,33.144268,265.4539894,,0.059237,-20.9289,0.1306398786371791,18516546920.84461,722.0
401944,420425,,,2030000,18395864+3320465,,G,279.994354,33.346268,258.722784632,,0.057796000000000014,-20.6722,0.1306438084043447,14617732157.844152,722.0
401959,420440,,,2034429,18453083+3333108,,G,281.378479,33.553001,261.930232085,,0.058483000000000014,-21.6199,0.13065191127304454,34991293737.16136,722.0
401962,420443,,,2035369,18374160+3335564,,G,279.42337000000003,33.599003,276.572588164,,0.061611,-20.367,0.13065418429675854,11035702899.64014,722.0
401967,420448,,,2036024,18445727+3337556,,G,281.238647,33.63213,282.535491975,,0.06288099999999999,-20.7854,0.13065643856022416,16224077043.560638,722.0
401975,420456,,,2037391,18425939+3342289,,G,280.747467,33.708046,278.444856925,,0.06201,-20.8457,0.1306606778934473,17150626929.172613,722.0
401981,420462,,,2041519,18434609+3357029,,G,280.942078,33.950821000000005,250.370676606,,0.056004,-21.1479,0.13066450995508652,22654787870.962097,722.0
401989,420470,,,2044558,18494493+3408372,,G,282.437225,34.143669,267.264024607,,0.059624,-20.5667,0.1306696023019391,13264167575.90933,722.0
403749,422230,,,2811345,18345242+3254220,,G,278.71844500000003,32.906124,258.718118077,,0.05779500000000001,-21.2491,0.13160200470556807,24867950830.51975,722.0
403751,422232,,,2811758,18375501+3240514,,G,279.479218,32.680946,272.109553785,,0.06065900000000001,-20.4777,0.13160275685126446,12220247447.100183,722.0
403755,422236,,,2812396,18431490+3217080,,G,280.812103,32.285571999999995,270.947871467,,0.060411,-20.9554,0.13160432865304594,18974048222.303616,722.0
403759,422240,,,2812756,18455321+3138015,,G,281.47171000000003,31.633757,277.35609499,,0.061778,-20.8512,0.1316063690431431,17237727065.32325,722.0
403767,422248,,,2813576,18522121+3214372,,G,283.0883790000001,32.24369,282.873856543,,0.062953,-20.942,0.1316098890130649,18741312399.767475,722.0
404041,422522,,,2MFGC14618,18513796+3235079,,G,282.908203,32.585545,274.53724688799997,,0.061177,-19.927,0.13174619298521967,7358681396.51047,722.0
408505,426986,,,,18370492+3300551,,G,279.270538,33.015312,256.12451262400003,,0.057239,-20.6603,0.1337129872257494,14458392156.970215,722.0
408507,426988,,,,18381362+3323215,,G,279.556763,33.389309000000004,247.988170266,,0.055491999999999986,-19.8252,0.13371387688551584,6700080180.877885,722.0
408510,426991,,,,18473613+3249228,,G,281.900543,32.823009000000006,277.543787895,,0.061818,-19.9247,0.13371516935466418,7343109425.11614,722.0
409331,427812,,,,18390606+3358478,,G,279.775269,33.97995,277.750261964,,0.061862,-20.1963,0.13409167784003825,9430180380.454985,722.0
409332,427813,,,,18413599+3333547,,G,280.399994,33.565220000000004,281.360873333,,0.06263099999999999,-20.0933,0.1340919948030244,8576695667.57903,722.0
409334,427815,,,,18420268+3339104,,G,280.511169,33.652912,272.273532745,,0.06069400000000001,-20.127,0.13409294792310644,8847080928.7053,722.0
409335,427816,,,,18414620+3332363,,G,280.442535,33.543442,249.356042922,,0.055786,-19.9941,0.13409323720986135,7827805030.192285,722.0
409336,427817,,,,18434902+3223559,,G,280.954254,32.398876,256.637477708,,0.057349,-19.7096,0.1340934598115988,6023376358.063329,722.0
409337,427818,,,,18443054+3527510,,G,281.127289,35.46418,276.155103838,,0.061522,-20.0878,0.13409377517300966,8533358668.591958,722.0
409339,427820,,,,18463721+3401186,,G,281.65506,34.021835,277.736183792,,0.061859,-20.7942,0.13409449312724026,16356109146.611954,722.0
512998,533624,,,62211,18394784+3251435,,G,279.949341,32.862099,286.720389328,,0.06377100000000001,-21.4183,0.19834356248428384,29061632059.43555,722.0
645237,665863,,,2817126,18464341+3402396,,G,281.680878,34.044334,390.438154063,,0.085496,-20.6808,0.29915286662138485,14733977421.432146,722.0
790061,810692,,,1899268,18434382+3019309,,G,280.932587,30.325264,393.13653308199997,,0.08605299999999999,-20.2177,0.4086264566205268,9617894302.272495,722.0
790128,810759,,,1902215,18454779+3023564,,G,281.449158,30.399023,422.09207316699997,,0.092005,-20.916,0.4086736618518811,18297847342.95412,722.0
790413,811044,,,1917842,18473588+3047008,,G,281.899536,30.783564,307.593165453,,0.068194,-20.0029,0.40887835351798657,7891507979.681306,722.0
790429,811060,,,1918851,18474853+3048228,,G,281.95224,30.806349,583.60756885,,0.124417,-20.9796,0.4088892814618949,19401709605.112305,722.0
790488,811119,,,1921677,18473463+3052238,,G,281.894318,30.873283,548.741823695,,0.117528,-21.3778,0.4089328751745578,27997548136.110542,722.0
790499,811130,,,1922183,18444009+3053045,,G,281.16705299999995,30.884607,936.5177702560001,,0.191278,-21.9536,0.4089416455939868,47581704989.292564,722.0
790625,811256,,,1931190,18470587+3105222,,G,281.774475,31.089523,349.63133718800003,,0.07702300000000001,-20.0291,0.40904258292633133,8084254927.007543,722.0
790636,811267,,,1932029,18463795+3106296,,G,281.658142,31.108227000000007,367.149848339,,0.08067200000000001,-21.0582,0.4090505166908259,20858352373.56829,722.0
790640,811271,,,1932222,18480229+3106439,,G,282.009583,31.112202000000003,488.28993975300006,,0.105446,-21.7384,0.4090536692076405,39026535554.1243,722.0
790733,811364,,,1939413,18500313+3116112,,G,282.513062,31.269791,374.2309088,,0.08214199999999999,-20.3177,0.40912371831873023,10545811395.251543,722.0
790743,811374,,,1940065,18474838+3117038,,G,281.9515990000001,31.284403,490.296919266,,0.10585,-21.1863,0.4091311834159714,23470373452.618256,722.0
790745,811376,,,1940275,18460464+3117215,,G,281.519348,31.289322,334.98162420200003,,0.07395800000000001,-20.0041,0.4091324312708536,7900234818.367207,722.0
790762,811393,,,1941918,18471896+3119302,,G,281.829041,31.325073,418.499567865,,0.091269,-20.7645,0.4091455964561959,15914756566.438578,722.0
790777,811408,,,1943175,18442812+3121090,,G,281.117188,31.352518,428.157182889,,0.093246,-21.24,0.409156292138384,24660393372.34336,722.0
790812,811443,,,1945155,18404082+3123442,,G,280.170105,31.395618,691.950700563,,0.145476,-21.4804,0.4091837238199409,30772302994.707317,722.0
790817,811448,,,1945532,18451543+3124137,,G,281.314301,31.403826,528.238184183,,0.11345,-21.0041,0.4091871457886879,19844492645.996075,722.0
790841,811472,,,1947718,18494181+3127001,,G,282.424225,31.450048,840.484916799,,0.17356,-21.1206,0.4092056176257241,22092252587.39597,722.0
790854,811485,,,1949085,18424697+3128409,,G,280.695709,31.478041,446.336220159,,0.096954,-20.5903,0.409215243386433,13555639167.610386,722.0
790858,811489,,,1949435,18470765+3129072,,G,281.7818910000001,31.485357,587.01884717,,0.125088,-21.5033,0.409218558249202,31428235589.20227,722.0
790926,811557,,,1953897,18391924+3134368,,G,279.8302,31.576908000000003,399.980801322,,0.087464,-21.7152,0.4092699514756018,38201463405.529,722.0
790936,811567,,,1954753,18465692+3135412,,G,281.737183,31.594790000000003,370.25035244,,0.081316,-20.7805,0.40927640922224745,16151021676.255966,722.0
790939,811570,,,1955092,18385104+3136067,,G,279.712677,31.601881,360.63000449,,0.079316,-20.6773,0.4092781866477495,14686557163.442772,722.0
790981,811612,,,1957428,18415890+3138554,,G,280.495453,31.648743,558.0867468490001,,0.11938,-21.5405,0.4093096233600844,32523704009.529877,722.0
791060,811691,,,1962782,18490252+3145153,,G,282.260529,31.754257,335.291685276,,0.074023,-20.8511,0.4093704191609868,17236139485.100025,722.0
791061,811692,,,1962807,18482105+3145169,,G,282.087738,31.754698,616.0137505509999,,0.13077,-21.586,0.40937167255769497,33915638690.582195,722.0
791064,811695,,,1962980,18483402+3145286,,G,282.141785,31.757965,428.010451578,,0.093216,-21.3393,0.4093736795766983,27022156195.81727,722.0
791104,811735,,,1965565,18465288+3148322,,G,281.720367,31.808947,335.391864583,,0.074044,-20.9868,0.4094024050393356,19530798526.557938,722.0
791108,811739,,,1965668,18435185+3148399,,G,280.966064,31.811102,451.63235581699996,,0.098031,-21.6289,0.4094060277919512,35282552789.99282,722.0
791201,811832,,,1971753,18452377+3155577,,G,281.34906,31.932722,342.129366726,,0.075455,-20.916,0.4094747203281122,18297847342.95412,722.0
791203,811834,,,1971887,18425583+3156069,,G,280.732635,31.935261,484.799986175,,0.104743,-20.7738,0.4094766044261889,16051661770.290575,722.0
791261,811892,,,1976350,18512948+3201228,,G,282.872864,32.023018,916.845877592,,0.187675,-21.5955,0.4095201204586476,34213696613.53693,722.0
791273,811904,,,1977644,18475021+3202528,,G,281.959229,32.048012,521.522923114,,0.11211,-21.0064,0.4095306567351801,19886575346.107018,722.0
791277,811908,,,1977966,18480662+3203159,,G,282.027588,32.054428,320.648055197,,0.070947,-20.6011,0.4095335001264426,13691152250.661,722.0
791278,811909,,,1978094,18482862+3203236,,G,282.119263,32.056561,408.442950675,,0.08920499999999999,-20.7817,0.4095340976685987,16168882313.429943,722.0
791299,811930,,,1979270,18374167+3204534,,G,279.423645,32.081505,421.90162477,,0.091966,-20.6071,0.4095510401270192,13767021796.2694,722.0
791324,811955,,,1980821,18531909+3206446,,G,283.329559,32.112396000000004,515.1435663469999,,0.110835,-21.0206,0.4095697274747911,20148373825.493885,722.0
791339,811970,,,1981896,18465039+3208001,,G,281.709961,32.133385,313.718631914,,0.06948700000000001,-19.9287,0.4095809577134013,7370212334.742927,722.0
791349,811980,,,1982461,18405862+3208403,,G,280.244263,32.144531,552.256346617,,0.118225,-21.0187,0.4095871392224225,20113145716.091217,722.0
791372,812003,,,1984018,18431853+3210290,,G,280.82724,32.17474,401.622171451,,0.087802,-20.6391,0.4096074351760511,14178817088.39671,722.0
791392,812023,,,1985322,18381678+3211555,,G,279.569946,32.198753,612.4721734240001,,0.130078,-20.8934,0.4096221343836464,17920907574.361237,722.0
791410,812041,,,1986560,18430640+3213210,,G,280.776672,32.222507,687.5111361810001,,0.144623,-21.6684,0.4096371601823877,36589796997.48896,722.0
791414,812045,,,1986815,18490733+3213393,,G,282.280579,32.227596000000005,656.2185337980001,,0.138587,-21.3742,0.4096404752379601,27904869767.647514,722.0
791427,812058,,,1987770,18431033+3214430,,G,280.79306,32.245289,487.088219085,,0.105204,-21.959,0.4096499259578801,47818946066.59088,722.0
791429,812060,,,1987980,18531065+3214596,,G,283.294403,32.249889,665.7763017340001,,0.140435,-21.1456,0.4096514273840573,22606847256.378826,722.0
791436,812067,,,1988471,18500192+3215322,,G,282.508026,32.258957,581.900405683,,0.124081,-21.2122,0.4096581698046841,24036985417.888474,722.0
791452,812083,,,1989260,18520228+3216302,,G,283.009521,32.27507,685.945559696,,0.144322,-21.5264,0.4096707800729184,32104063075.962387,722.0
791465,812096,,,1989699,18525363+3217057,,G,283.22348,32.284939,376.275864367,,0.082566,-20.5805,0.4096778225328547,13433834696.6037,722.0
791473,812104,,,1990340,18373662+3217534,,G,279.402618,32.298168,365.186906033,,0.080264,-20.3866,0.40968402120630504,11236731407.193665,722.0
791487,812118,,,1991291,18431743+3219060,,G,280.822632,32.318348,301.639024743,,0.06693500000000001,-20.0804,0.4096941250330036,8475396017.584181,722.0
791509,812140,,,1993069,18491450+3221203,,G,282.310455,32.355659,499.559850584,,0.107712,-20.3129,0.4097090981534883,10499291656.07641,722.0
791534,812165,,,1994433,18363462+3223088,,G,279.144287,32.385788,293.351362221,,0.065179,-19.9949,0.4097289077767127,7833574895.523705,722.0
791566,812197,,,1995943,18464418+3225046,,G,281.684113,32.417946,641.36367724,,0.135707,-21.1215,0.4097525853192764,22110573124.50639,722.0
791617,812248,,,1999640,18481466+3229469,,G,282.061096,32.496368,513.394106015,,0.110485,-21.3603,0.4097934301351359,27549898300.01461,722.0
791625,812256,,,2000653,18390747+3231088,,G,279.781128,32.519123,403.75507691300004,,0.088241,-20.5656,0.4097993543839809,13250735956.302805,722.0
791627,812258,,,2000658,18430905+3231090,,G,280.78772000000004,32.519176,388.79682527,,0.08515700000000001,-20.8546,0.40980131425966937,17291791886.954815,722.0
791655,812286,,,2002948,18390706+3234148,,G,279.779419,32.570786,720.4169018389999,,0.150926,-20.9449,0.40982226912040337,18791437332.98688,722.0
791667,812298,,,2003604,18440276+3235040,,G,281.011536,32.58445,511.250788077,,0.110056,-21.1592,0.4098316338190056,22891803008.212173,722.0
791671,812302,,,2003864,18390381+3235258,,G,279.7659,32.590504,622.59782442,,0.132055,-21.435,0.40983480070380696,29512092266.66378,722.0
791674,812305,,,2003977,18433983+3235349,,G,280.91598500000003,32.593037,464.595501924,,0.100661,-20.8264,0.40983641964279416,16848451806.594347,722.0
791683,812314,,,2004794,18461681+3236424,,G,281.570068,32.611805,767.3341645810001,,0.15983699999999998,-21.4329,0.4098432048046377,29455065986.622417,722.0
791705,812336,,,2006421,18472157+3238547,,G,281.839905,32.648529,329.152705416,,0.07273500000000001,-20.285,0.4098603754834918,10232929922.807535,722.0
791721,812352,,,2007224,18362551+3239588,,G,279.106323,32.666336,388.8549131,,0.08516900000000001,-20.9859,0.4098722882222189,19514615557.569054,722.0
791781,812412,,,2010633,18485324+3244457,,G,282.221863,32.746044,703.8330765139999,,0.147755,-21.9033,0.4099154689951147,45427621645.00572,722.0
791795,812426,,,2011636,18431243+3246130,,G,280.801819,32.77029,301.152358887,,0.066832,-21.5939,0.4099268257032539,34163314578.918518,722.0
791814,812445,,,2013034,18483207+3248226,,G,282.133636,32.806293,570.496167278,,0.121833,-21.2423,0.4099402413720017,24712688785.35397,722.0
791839,812470,,,2014633,18390663+3250548,,G,279.777649,32.848564,295.270493464,,0.065586,-20.2891,0.4099618654157772,10271644970.160332,722.0
791843,812474,,,2014710,18455750+3251035,,G,281.489594,32.850983,708.7482089169998,,0.148696,-21.0135,0.409965096213855,20017046589.899643,722.0
791844,812475,,,2014765,18395085+3251095,,G,279.96191400000004,32.852657,332.13032041599996,,0.07336000000000001,-20.6365,0.4099656189572449,14144903860.233187,722.0
791855,812486,,,2015491,18494377+3252201,,G,282.432404,32.872276,352.554036503,,0.07763300000000001,-21.1621,0.4099732402141985,22953028714.959858,722.0
791866,812497,,,2016077,18460011+3253115,,G,281.500488,32.886543,651.870459476,,0.137745,-21.4238,0.4099831900491636,29209222705.514793,722.0
791874,812505,,,2016297,18454765+3253334,,G,281.448547,32.892635,446.414847417,,0.09697,-20.8307,0.4099895015811346,16915311505.95714,722.0
791902,812533,,,2017638,18541845+3255416,,G,283.576904,32.928226,577.1990634719999,,0.123155,-20.9846,0.4100086332824897,19491263827.691856,722.0
791938,812569,,,2019112,18370397+3258121,,G,279.266571,32.970032,506.11440730199996,,0.109027,-21.0122,0.4100307186116537,19993093637.122902,722.0
791967,812598,,,2020695,18464311+3300556,,G,281.679626,33.015446000000004,285.864188076,,0.06358899999999999,-20.3508,0.4100523171963429,10872264265.901451,722.0
791988,812619,,,2021635,18392967+3302428,,G,279.873627,33.045235,363.06156942900003,,0.079822,-20.9389,0.4100685413284276,18687878420.03675,722.0
792028,812659,,,2023446,18381624+3306175,,G,279.567688,33.104865999999994,288.405185152,,0.06412899999999999,-20.646,0.4100999089402641,14269212315.793724,722.0
792032,812663,,,2023490,18411434+3306226,,G,280.309784,33.1063,355.440711399,,0.078235,-20.8278,0.4101019489528922,16870191015.991575,722.0
792035,812666,,,2023625,18383648+3306387,,G,279.652008,33.110764,336.19339976099997,,0.074212,-20.6019,0.41010362996926814,13701243981.92073,722.0
792049,812680,,,2024764,18384890+3308567,,G,279.70376600000003,33.149101,314.055296561,,0.06955800000000001,-19.995,0.4101167920696551,7834296427.66212,722.0
792054,812685,,,2024983,18380589+3309244,,G,279.524567,33.156803000000004,335.725815813,,0.074114,-20.2349,0.4101188835714077,9771472182.263617,722.0
792075,812706,,,2026113,18364867+3311480,,G,279.20282000000003,33.196682,671.371365066,,0.141515,-21.1268,0.41013432733501615,22218769317.732327,722.0
792243,812874,,,2031635,18400415+3325093,,G,280.017303,33.419253999999995,294.506486183,,0.065424,-21.1615,0.4102596428803022,22940347906.69744,722.0
792290,812921,,,2033347,18450087+3330026,,G,281.253662,33.500744,888.8271288369998,,0.18252,-21.4251,0.4102947096878759,29244217146.335663,722.0
792301,812932,,,2033618,18424215+3330459,,G,280.675629,33.512768,438.770868704,,0.095413,-20.8682,0.41030268154420535,17509752202.33253,722.0
792340,812971,,,2034895,18422726+3334379,,G,280.613617,33.577206,326.672462131,,0.072214,-21.1746,0.41033497362945603,23218812261.09092,722.0
792382,813013,,,2035984,18454999+3337475,,G,281.458313,33.629864000000005,342.49740359,,0.075532,-21.3763,0.4103682970853084,27958894800.84951,722.0
792418,813049,,,2036891,18423213+3340429,,G,280.633911,33.678596,306.67502893299996,,0.068,-19.7734,0.4103955638060557,6387927816.908023,722.0
792420,813051,,,2036967,18435444+3340559,,G,280.976868,33.682209,755.8663784830002,,0.157667,-21.2852,0.4103971436549168,25708693107.8207,722.0
792421,813052,,,2036982,18430100+3341009,,G,280.754181,33.683605,328.076610694,,0.072509,-20.8529,0.4103977816958621,17264738313.038494,722.0
792433,813064,,,2037218,18400289+3341505,,G,280.012054,33.697379999999995,518.0343124,,0.111413,-20.9038,0.41040927802025706,18093392314.861137,722.0
792515,813146,,,2039282,18392975+3348508,,G,279.87399300000004,33.814121,412.72740521699995,,0.090085,-21.2153,0.4104739999915029,24105714021.67871,722.0
792518,813149,,,2039459,18425179+3349279,,G,280.71582,33.824421,484.685856908,,0.10472,-21.0873,0.41047624292301693,21424959024.37946,722.0
792546,813177,,,2040261,18494207+3352191,,G,282.425323,33.871994,354.567754221,,0.078053,-20.3715,0.4104947070881594,11081536978.184898,722.0
792564,813195,,,2040633,18395680+3353445,,G,279.986694,33.895714,637.5033117119999,,0.134957,-21.1394,0.4105083195593,22478120756.850697,722.0
792568,813199,,,2040740,18454601+3354074,,G,281.441711,33.902077,317.774968728,,0.070342,-20.4686,0.41051076878971055,12118252573.630604,722.0
792605,813236,,,2042030,18405153+3359012,,G,280.214722,33.983692,366.476171468,,0.080532,-20.6082,0.4105391650221611,13780976749.450212,722.0
792617,813248,,,2042365,18410094+3400233,,G,280.253937,34.006474,285.045820668,,0.063415,-21.1026,0.41054703573817103,21729013012.53419,722.0
792632,813263,,,2042897,18403430+3402204,,G,280.142944,34.039017,294.534779753,,0.06543,-21.4737,0.4105590352103125,30582994033.75238,722.0
792655,813286,,,2043574,18450265+3404586,,G,281.261078,34.082966,293.19108967,,0.06514500000000001,-20.2138,0.4105759575890529,9583408485.172249,722.0
792660,813291,,,2043722,18404105+3405322,,G,280.171082,34.092285,713.5534388369998,,0.149615,-21.1541,0.4105793332616461,22784526098.268677,722.0
792671,813302,,,2044019,18470274+3406402,,G,281.761444,34.111187,330.033820952,,0.07292,-20.3478,0.4105876124021812,10842264554.76976,722.0
792696,813327,,,2044751,18391997+3409198,,G,279.833221,34.155518,307.725699841,,0.068222,-20.3148,0.4106065444129232,10517681131.314686,722.0
792735,813366,,,2045707,18503599+3413023,,G,282.649963,34.217323,714.406243197,,0.149778,-21.4497,0.4106377855989359,29914379575.49808,722.0
792797,813428,,,2047879,18500016+3421172,,G,282.500671,34.354794,368.714217193,,0.080997,-21.0634,0.4106875341757055,20958490494.73893,722.0
792822,813453,,,2048421,18455172+3423225,,G,281.465515,34.389587,505.27642939300006,,0.108859,-21.5006,0.41070736824610904,31350177205.199623,722.0
792846,813477,,,2049151,18452061+3426037,,G,281.335876,34.434387,363.301930324,,0.079872,-21.1593,0.4107248144199105,22893911518.28561,722.0
792870,813501,,,2049792,18452367+3428268,,G,281.348663,34.474113,605.33121657,,0.128681,-20.751,0.41074192629158907,15718098282.039206,722.0
792967,813598,,,2052350,18485472+3438387,,G,282.228027,34.6441,352.0172334140001,,0.077521,-21.2358,0.41081728478317403,24565182785.673016,722.0
793069,813700,,,2054937,18424481+3448509,,G,280.686737,34.814152,302.513303574,,0.06712,-20.8997,0.4109016514020885,18025196174.683247,722.0
811246,831877,,,2811776,18380598+3304524,,G,279.52493300000003,33.081249,449.76780852699994,,0.097652,-20.9809,0.4248911903387088,19424954043.5366,722.0
813431,834062,,,2812800,18461705+3116314,,G,281.571045,31.275415,397.529790325,,0.08695900000000001,-20.3068,0.4265847274044395,10440468802.860756,722.0
816586,837218,,,2811654,18371056+3257311,,G,279.294037,32.958641,356.37145659699996,,0.078429,-20.6505,0.4289757271816349,14328475980.645975,722.0
816600,837232,,,2811857,18384064+3251517,,G,279.669342,32.86438,346.02672655199996,,0.07627,-20.3795,0.4289839625394932,11163490316.59242,722.0
816617,837249,,,2811998,18395721+3134555,,G,279.988403,31.582104,304.650299248,,0.06757200000000001,-20.75,0.4289952080090295,15703628043.33558,722.0
816628,837260,,,2812122,18405340+3227223,,G,280.222534,32.45619600000001,288.946564852,,0.06424400000000001,-20.4161,0.4290024038046291,11546224566.82506,722.0
816640,837272,,,2812254,18420445+3255344,,G,280.518555,32.926247,418.509325535,,0.091271,-20.7155,0.4290106464421341,15212479290.08047,722.0
816646,837278,,,2812319,18424639+3204349,,G,280.693329,32.076374,307.574232377,,0.06819,-21.3207,0.4290141850324032,26563176012.670338,722.0
816651,837284,,,2812376,18430747+3308470,,G,280.781158,33.146397,343.314866532,,0.07570299999999999,-20.0205,0.4290175257269012,8020473348.006677,722.0
816652,837285,,,2812382,18431218+3031250,,G,280.80078100000003,30.523623,434.19268047800006,,0.094479,-20.7034,0.4290180816933064,15043884830.788637,722.0
816654,837287,,,2812404,18431948+3201230,,G,280.831177,32.023071,292.07410134,,0.06490800000000001,-20.0025,0.4290190755363732,7888601176.185549,722.0
816663,837296,,,2812488,18435435+3124339,,G,280.976471,31.409433,598.798583838,,0.127401,-21.6034,0.4290250891522645,34463549130.817566,722.0
816665,837298,,,2812502,18435856+3309539,,G,280.994019,33.164986,363.34038953,,0.07987999999999999,-20.7666,0.4290263746327895,15945568222.5782,722.0
816674,837307,,,2812622,18445057+3144466,,G,281.210724,31.746294,447.61902536699995,,0.097215,-21.0945,0.42903179679413295,21567509598.981674,722.0
816684,837317,,,2812786,18461172+3105325,,G,281.548859,31.092375,410.56509889,,0.089641,-20.5309,0.4290395385019592,12833939864.413244,722.0
816687,837320,,,2812832,18462963+3146135,,G,281.6234740000001,31.770443,392.94753479699995,,0.086014,-21.3197,0.4290423406495853,26538721686.788628,722.0
816698,837331,,,2812959,18473161+3246117,,G,281.881744,32.769943,333.932385657,,0.073738,-20.6093,0.4290487845147564,13794945848.081068,722.0
816699,837332,,,2812960,18473297+3208328,,G,281.88739,32.142445,672.252697412,,0.14168499999999998,-21.6657,0.4290501333799551,36498918831.05476,722.0
816726,837359,,,2813234,18493072+3304113,,G,282.378021,33.069813,687.370680627,,0.144596,-21.116,0.4290659038022183,21998851090.492558,722.0
816751,837384,,,2813536,18515955+3306232,,G,282.998138,33.106457,829.258298567,,0.171467,-21.2874,0.4290844208442493,25760838799.82125,722.0
878067,898824,,,,18353021+3257192,,G,278.875916,32.955345,325.454395081,,0.07195800000000001,-20.6995,0.4732887247464332,14989943641.12214,722.0
878068,898825,,,,18352489+3250582,,G,278.853729,32.849514,1034.45705398,,0.209023,-21.2976,0.473289685757856,26003990577.402138,722.0
951234,972122,,,,18545039+3233100,,G,283.709991,32.55278,813.6696540739999,,0.168553,-20.8692,0.5261969413950269,17525886709.168144,722.0
956689,977589,,,,18362641+3311348,,G,279.110077,33.193008,498.907467068,,0.107581,-20.4871,0.5301686665576172,12326506242.932898,722.0
956690,977590,,,,18362655+3322268,,G,279.110657,33.374119,1003.66563946,,0.203478,-21.6159,0.5301699549511905,34862618221.61155,722.0
956695,977595,,,,18370635+3254511,,G,279.276489,32.9142,456.861757968,,0.099093,-21.4369,0.5301732866758062,29563782600.42605,722.0
956696,977596,,,,18365594+3259060,,G,279.23312400000003,32.985027,654.9787493819999,,0.138347,-20.7931,0.5301738905250821,16339546551.55705,722.0
956697,977597,,,,18371539+3247430,,G,279.314148,32.7953,1075.87907615,,0.216435,-21.2378,0.5301748000373258,24610475227.697662,722.0
956698,977598,,,,18370476+3244021,,G,279.269867,32.733921,978.399360888,,0.198905,-21.3216,0.5301757825282557,26585204171.63628,722.0
956703,977603,,,,18372918+3233113,,G,279.371613,32.553162,493.19986814099997,,0.106434,-20.7021,0.5301777509187704,15025882901.217709,722.0
956704,977604,,,,18372049+3231253,,G,279.335388,32.523697,713.9353503880002,,0.14968800000000002,-21.1953,0.5301786255169112,23665735155.811024,722.0
956705,977605,,,,18374390+3247434,,G,279.432922,32.795390999999995,757.687772067,,0.158012,-21.5615,0.5301798509470287,33158891219.088573,722.0
956706,977606,,,,18374326+3247254,,G,279.430267,32.790394,851.06384639,,0.175528,-20.9468,0.5301805466254776,18824350474.44882,722.0
956707,977607,,,,18371798+3301252,,G,279.324951,33.023689000000005,943.304813665,,0.192518,-21.2283,0.5301814482143643,24396077256.845524,722.0
956708,977608,,,,18374033+3316554,,G,279.41806,33.282063,468.92768975800004,,0.101538,-20.7165,0.5301820109294391,15226496955.679398,722.0
956713,977613,,,,18381250+3306225,,G,279.55212400000005,33.106255,350.4456234490001,,0.077193,-20.2181,0.5301853683567077,9621438318.27173,722.0
956714,977614,,,,18381148+3257055,,G,279.547852,32.95153,650.420315834,,0.137464,-21.595,0.5301866321863866,34197944251.370937,722.0
956717,977617,,,,18385635+3250197,,G,279.734802,32.838818,309.283353703,,0.068551,-20.1008,0.5301888895146026,8636146481.789394,722.0
956718,977618,,,,18383112+3251037,,G,279.629669,32.851032000000004,333.107518367,,0.07356499999999999,-19.9589,0.5301891695729681,7578094208.746571,722.0
956719,977619,,,,18383816+3258317,,G,279.659027,32.975487,333.980071655,,0.07374800000000001,-20.0746,0.5301894811235379,8430241189.829078,722.0
956748,977648,,,,18470205+3156062,,G,281.758575,31.935074,362.23965434400003,,0.079651,-20.086,0.530209531002026,8519223264.285482,722.0
956749,977649,,,,18464921+3226571,,G,281.705048,32.449215,793.361297337,,0.164743,-21.3244,0.5302105160299672,26653853111.0012,722.0
956750,977650,,,,18471773+3316052,,G,281.823883,33.268131,293.374932338,,0.065184,-21.1291,0.5302113388948905,22265886965.06723,722.0
956751,977651,,,,18471829+3323302,,G,281.826233,33.391743,576.5952698680001,,0.123036,-21.5024,0.5302124994039892,31402194556.562267,722.0
956752,977652,,,,18470175+3423222,,G,281.757294,34.389519,776.384906185,,0.161546,-21.2894,0.5302134531847323,25808335751.422512,722.0
956753,977653,,,,18471233+3427282,,G,281.801392,34.457855,589.60834416,,0.125597,-21.2238,0.5302143510445789,24295173228.516644,722.0
956758,977658,,,,18474693+3433468,,G,281.945557,34.563015,474.967058329,,0.102759,-20.8863,0.5302172364340428,17804098978.71659,722.0
956759,977659,,,,18474886+3413018,,G,281.953613,34.217178000000004,579.488164931,,0.123606,-20.9182,0.5302179140264796,18334961400.359486,722.0
956760,977660,,,,18473195+3406577,,G,281.883148,34.116055,439.87456061,,0.095638,-20.6096,0.5302184239775994,13798758059.133474,722.0
956761,977661,,,,18475022+3350478,,G,281.959259,33.846626,311.035947577,,0.06892100000000001,-20.0991,0.5302187426383317,8622634948.182856,722.0
956762,977662,,,,18474564+3342498,,G,281.940186,33.713848,316.427084109,,0.07005800000000001,-20.9264,0.5302194253676449,18473960044.7,722.0
956763,977663,,,,18473722+3347468,,G,281.90509,33.796345,670.360635275,,0.14132,-20.9295,0.530220110049076,18526782370.722717,722.0
956764,977664,,,,18472813+3217327,,G,281.867249,32.292439,838.503825812,,0.173191,-21.2945,0.5302210683205271,25929849734.125443,722.0
956765,977665,,,,18472547+3132127,,G,281.85614,31.536875,550.203749634,,0.117818,-21.0096,0.5302218054241569,19945273685.572414,722.0
956766,977666,,,,18475260+3118028,,G,281.969177,31.300791,453.576563482,,0.098426,-21.0433,0.5302225657654022,20574059903.80029,722.0
958187,979089,,,,18483283+3106556,,G,282.13681,31.115463,475.42248518599996,,0.102851,-21.2954,0.5312666034787121,25951352691.89049,722.0
958196,979098,,,,18503464+3123403,,G,282.644348,31.394548,881.6712814110001,,0.181199,-21.2315,0.5312738932913806,24468086096.95618,722.0
958197,979099,,,,18503933+3321233,,G,282.66391,33.356491,682.098903166,,0.143582,-21.3362,0.5312748890831901,26945112426.648262,722.0
958198,979100,,,,18503614+3317443,,G,282.650604,33.295658,792.366685377,,0.164556,-20.8046,0.5312754993623642,16513533051.067547,722.0
958199,979101,,,,18504125+3324153,,G,282.671875,33.404266,1007.02806274,,0.204085,-21.4542,0.5312766094788438,30038621595.743526,722.0
958200,979102,,,,18503115+3406123,,G,282.6298220000001,34.103436,336.02162715,,0.074176,-20.7428,0.5312771859911071,15599834826.47646,722.0
958201,979103,,,,18502018+3413133,,G,282.584106,34.220364000000004,1164.53964422,,0.232124,-20.9868,0.5312779077772661,19530798526.557938,722.0
958211,979113,,,,18512553+3150058,,G,282.856384,31.834949,1101.34227793,,0.220965,-21.0606,0.5312845517199932,20904510376.47378,722.0
958215,979117,,,,18520016+3313422,,G,283.000702,33.228401,497.07537974,,0.10721300000000003,-20.6671,0.5312868313437245,14549229684.023603,722.0
958218,979120,,,,18525167+3229557,,G,283.215302,32.498829,328.576525843,,0.072614,-20.1902,0.5312891444569311,9377347281.376759,722.0
958219,979121,,,,18523607+3312347,,G,283.15033,33.209648,1028.19069247,,0.207897,-21.3644,0.5312901664514103,27654129993.70309,722.0
958220,979122,,,,18525345+3317277,,G,283.222717,33.291046,1894.01376284,,0.353636,-21.4909,0.5312913147333911,31071341195.80985,722.0
958223,979125,,,,18530470+3316075,,G,283.269623,33.268768,603.094726033,,0.128243,-20.9149,0.5312939981512617,18279318496.441788,722.0
958224,979126,,,,18530139+3223235,,G,283.255829,32.38987,437.863624028,,0.095228,-20.6597,0.5312945321848214,14450404361.503124,722.0
980155,1001148,,,,18392488+3140248,,G,279.853699,31.673573,793.675147193,,0.164802,-20.1702,0.5470846054280497,9206191404.47573,722.0
980156,1001149,,,,18385891+3256407,,G,279.74548300000004,32.944656,294.00195620799997,,0.065317,-21.2878,0.5470855578042848,25770331192.021664,722.0
980157,1001150,,,,18390708+3300218,,G,279.779541,33.006065,544.051983655,,0.116597,-20.6742,0.547086099017696,14644683831.359837,722.0
980158,1001151,,,,18391765+3322058,,G,279.823547,33.368298,889.0276995439999,,0.182557,-21.5126,0.5470872704806248,31698594044.393593,722.0
980162,1001155,,,,18395634+3209315,,G,279.984772,32.158772,384.30260149400004,,0.084228,-21.1434,0.5470895666310519,22561085947.778008,722.0
980163,1001156,,,,18393838+3148124,,G,279.909943,31.803467,547.8598736490001,,0.117353,-20.4453,0.5470900049684747,11860964334.496641,722.0
980164,1001157,,,,18395854+3136285,,G,279.993927,31.607937,465.63736224300004,,0.100872,-21.2312,0.5470909089687229,24461326248.87066,722.0
980180,1001173,,,,18404991+3321582,,G,280.207977,33.366192,631.703625005,,0.133829,-20.8366,0.5471051346898262,17007481217.014385,722.0
980181,1001174,,,,18410807+3210442,,G,280.283661,32.17897,1682.90015957,,0.319691,-21.5323,0.5471063276022176,32278994658.891563,722.0
980182,1001175,,,,18411072+3113592,,G,280.294678,31.233133,767.4029478460001,,0.15985,-20.6821,0.5471068727679503,14751629630.329609,722.0
980186,1001179,,,,18413591+3203368,,G,280.399658,32.060223,395.424652518,,0.086525,-20.6783,0.5471096903603988,14700090213.72293,722.0
980187,1001180,,,,18411453+3339436,,G,280.31054700000004,33.662132,1293.96212892,,0.254621,-21.6196,0.5471109831520828,34981626621.022995,722.0
980191,1001184,,,,18414718+3352464,,G,280.446594,33.879559,494.323831091,,0.10666,-20.9371,0.5471131574176983,18656922177.910297,722.0
980192,1001185,,,,18414782+3326024,,G,280.44928,33.434002,598.51300545,,0.127345,-21.2714,0.5471140955164321,25383996546.121872,722.0
980193,1001186,,,,18415655+3316464,,G,280.485657,33.279575,1009.52210982,,0.204535,-21.8616,0.5471157110967357,43715957995.73427,722.0
980196,1001189,,,,18423595+3115099,,G,280.649811,31.252769,1106.18890913,,0.221825,-21.2911,0.5471175524843287,25848777008.408314,722.0
980197,1001190,,,,18424793+3144349,,G,280.699738,31.743038,336.479705717,,0.074272,-19.8098,0.5471177966072452,6605717549.855276,722.0
980198,1001191,,,,18424650+3226089,,G,280.693787,32.435818,332.120788092,,0.073358,-21.1555,0.5471186397256111,22813924501.727505,722.0
980199,1001192,,,,18423591+3301589,,G,280.649658,33.033047,802.828145948,,0.166521,-21.1861,0.5471195069441429,23466050448.230846,722.0
980200,1001193,,,,18424875+3316539,,G,280.703156,33.281651000000004,449.477629169,,0.097593,-20.2415,0.5471198702635106,9831052152.81768,722.0
980201,1001194,,,,18424694+3334009,,G,280.695618,33.566928999999995,317.395230944,,0.070262,-20.698,0.5471204234716354,14969248567.600441,722.0
980202,1001195,,,,18424108+3448149,,G,280.671173,34.804153,355.474290854,,0.07824199999999999,-20.609,0.5471209331410236,13791134690.236048,722.0
980203,1001196,,,,18422603+3500079,,G,280.608459,35.002205,354.663673346,,0.078073,-19.8111,0.5471211775564144,6613631604.748429,722.0
980207,1001200,,,,18430651+3351420,,G,280.77713,33.861671,722.240470886,,0.151274,-21.5724,0.5471248306466637,33493458912.147133,722.0
980208,1001201,,,,18431034+3208400,,G,280.793121,32.144459000000005,292.012842345,,0.06489500000000001,-20.446,0.5471252692667841,11868613846.449215,722.0
980209,1001202,,,,18432185+3031570,,G,280.841064,30.532515000000004,954.1764557930001,,0.194501,-20.8121,0.5471258837762113,16627999393.750875,722.0
980210,1001203,,,,18433945+3307239,,G,280.914398,33.123314,333.956228576,,0.07374299999999999,-20.6394,0.5471264079177144,14182735381.64765,722.0
980211,1001204,,,,18433146+3316148,,G,280.881104,33.270798,852.231674267,,0.175745,-21.1448,0.5471272427679035,22590196051.025337,722.0
980212,1001205,,,,18435195+3307009,,G,280.966492,33.116932,440.129680755,,0.09569,-20.9119,0.5471279164399853,18228880587.542046,722.0
980213,1001206,,,,18433158+3430578,,G,280.881592,34.516075,416.924031426,,0.090946,-21.2923,0.5471288727716809,25877361926.241314,722.0
980214,1001207,,,,18435775+3500289,,G,280.990662,35.008041,747.5864484819998,,0.156097,-21.4683,0.5471299973987948,30431264582.386314,722.0
980217,1001210,,,,18440639+3458270,,G,281.026642,34.974178,400.267261184,,0.087523,-20.1598,0.5471316401099231,9118428562.231358,722.0
980218,1001211,,,,18440624+3310320,,G,281.026031,33.175571000000005,426.29899993,,0.092866,-21.1936,0.5471325133397265,23628709339.19772,722.0
980219,1001212,,,,18441238+3310190,,G,281.051605,33.171966999999995,491.83760757199997,,0.10616,-19.7231,0.547132738726564,6098738328.679204,722.0
980220,1001213,,,,18442378+3159450,,G,281.099091,31.995857,397.08344140800006,,0.086867,-20.6844,0.5471332850483881,14782912284.764463,722.0
980221,1001214,,,,18441472+3047370,,G,281.06134,30.793634,792.138006304,,0.16451300000000002,-21.264,0.5471342167751069,25211576308.07412,722.0
980222,1001215,,,,18444163+3007056,,G,281.173492,30.118223,376.034655135,,0.08251599999999999,-20.7851,0.5471348161914086,16219594784.68237,722.0
980224,1001217,,,,18444245+3017306,,G,281.17688,30.291836,1434.0568082999996,,0.278473,-21.5478,0.5471364339445746,32743115495.230637,722.0
980225,1001218,,,,18450533+3039266,,G,281.272217,30.657408,783.716227321,,0.162928,-21.0948,0.5471372312203155,21573469745.49994,722.0
980226,1001219,,,,18445563+3047486,,G,281.231812,30.796854,557.283641036,,0.119221,-21.9424,0.5471389716182123,47093394977.971634,722.0
980227,1001220,,,,18445403+3129326,,G,281.225159,31.492407,454.024606353,,0.098517,-20.1974,0.5471393204761024,9439739290.700262,722.0
980228,1001221,,,,18450555+3157526,,G,281.273163,31.96463,521.888472677,,0.112183,-20.9819,0.5471400390121319,19442853329.041912,722.0
980229,1001222,,,,18445279+3340196,,G,281.219971,33.672131,647.84114776,,0.136964,-21.9203,0.5471417443425937,46144505892.862335,722.0
980230,1001223,,,,18450485+3428476,,G,281.270233,34.479908,542.501615205,,0.116289,-21.676,0.547143106064894,36846818914.7868,722.0
980231,1001224,,,,18445154+3504526,,G,281.214752,35.081295000000004,527.927236742,,0.11338800000000003,-21.1739,0.5471439635933685,23203847364.245018,722.0
980235,1001228,,,,18452251+3512078,,G,281.343811,35.202168,576.118383992,,0.122942,-20.9466,0.5471464558278651,18820883220.301487,722.0
980236,1001229,,,,18452699+3426368,,G,281.362488,34.443558,389.769915547,,0.085358,-20.904,0.5471471246159849,18096725547.887917,722.0
980237,1001230,,,,18452627+3247478,,G,281.35949700000003,32.796616,380.11803237,,0.083362,-20.6616,0.5471476595849026,14475714197.813381,722.0
980238,1001231,,,,18451948+3126287,,G,281.331207,31.441332,337.458090019,,0.074477,-19.6571,0.5471478716789843,5739049888.433508,722.0
980239,1001232,,,,18454565+3103264,,G,281.440216,31.057352,379.751020231,,0.083286,-20.8885,0.5471485309872944,17840211551.91499,722.0
980240,1001233,,,,18454231+3122074,,G,281.4263,31.368732,302.31479946,,0.067078,-20.2493,0.5471488969261704,9901933378.150162,722.0
980241,1001234,,,,18460543+3250515,,G,281.522644,32.847652000000004,697.3536845819998,,0.146513,-20.9873,0.5471496190448009,19539794862.990242,722.0
980242,1001235,,,,18455871+3348045,,G,281.4946290000001,33.801266,1112.70998108,,0.222981,-21.3189,0.5471505990955157,26519174436.364483,722.0
980243,1001236,,,,18460803+3409135,,G,281.533478,34.153763,893.9956442839999,,0.183473,-21.5457,0.5471518068218879,32679845901.98086,722.0
980245,1001238,,,,18455942+3521235,,G,281.4976200000001,35.356541,456.945524509,,0.09911,-20.6613,0.5471533917862699,14471714962.706863,722.0
980247,1001240,,,,18463760+3508566,,G,281.656708,35.149059,551.832632616,,0.118141,-20.734,0.547154357238802,15473907628.208862,722.0
980248,1001241,,,,18461405+3308234,,G,281.558563,33.139851,632.566927964,,0.133997,-21.0195,0.5471551010942528,20127971090.730145,722.0
980249,1001242,,,,18464483+3235416,,G,281.686798,32.594891,883.2900984639999,,0.181498,-21.3855,0.5471561431442333,28196811434.70709,722.0
980250,1001243,,,,18462386+3203065,,G,281.599426,32.051823,732.54011946,,0.15323699999999998,-20.7562,0.5471567268158167,15793558740.379787,722.0
980924,1001918,,,,18480643+3422179,,G,282.026794,34.371651,518.074337031,,0.111421,-20.684,0.5476293035835099,14777467061.71996,722.0
980925,1001919,,,,18480028+3348189,,G,282.00119,33.805252,768.921719978,,0.160137,-21.4874,0.5476304481698269,30971340294.937405,722.0
980926,1001920,,,,18480101+3342189,,G,282.004242,33.705254,1314.94219775,,0.258225,-20.7995,0.5476310555890749,16436146363.905512,722.0
980927,1001921,,,,18475937+3320099,,G,281.997406,33.336086,366.201924126,,0.080475,-20.9466,0.5476317511393869,18820883220.301487,722.0
980928,1001922,,,,18475320+3215498,,G,281.97168,32.263851,965.2789813889999,,0.196522,-21.5953,0.547633015318323,34207394798.149467,722.0
1023090,1044173,,,,18485996+3327187,,G,282.2498470000001,33.455208,490.167727053,,0.105824,-20.7687,0.5782507767652408,15976439531.41493,722.0
1023091,1044174,,,,18483394+3258176,,G,282.1414180000001,32.971577,404.036963202,,0.088299,-20.0611,0.5782510844659874,8326068891.46283,722.0
1023092,1044175,,,,18485387+3237287,,G,282.224487,32.624653,364.45588207699996,,0.080112,-21.4902,0.5782522320078821,31051315218.140224,722.0
1023093,1044176,,,,18490067+3226337,,G,282.252808,32.442707,500.49627930699995,,0.1079,-21.484,0.5782533730155152,30874504755.874676,722.0
1096546,1117873,,,,18491781+3128593,,G,282.324219,31.483158000000003,822.6509942289999,,0.170233,-21.1841,0.6311564330450075,23422864174.108208,722.0
1096547,1117874,,,,18492614+3152223,,G,282.358917,31.872875,431.773430991,,0.093985,-21.0503,0.6311571983041905,20707134290.16428,722.0
1096548,1117875,,,,18490266+3255243,,G,282.2611080000001,32.923424,430.804197999,,0.093787,-20.7884,0.6311577995451371,16268967815.430824,722.0
1096549,1117876,,,,18492759+3329393,,G,282.36499,33.494263000000004,697.202502679,,0.146484,-21.5958,0.6311590643063831,34223151513.455227,722.0
1096550,1117877,,,,18492218+3352163,,G,282.342438,33.871216,724.494709285,,0.151704,-21.2632,0.6311599953468332,25193006574.328068,722.0
1096551,1117878,,,,18490754+3409413,,G,282.281433,34.161488,541.349279413,,0.11606,-20.8074,0.6311606072018845,16556174684.42889,722.0
1096552,1117879,,,,18492213+3414123,,G,282.3422240000001,34.236767,665.429427778,,0.140368,-21.1455,0.6311614425904948,22604765184.68345,722.0
1135300,1290169,,,90309,,,G,282.225,32.62478,358.096,,0.07878825939410003,-20.02,0.6630322942242325,8016780633.876789,722.0
1140473,1301106,,,166564,,,G,283.06,32.2846,303.389,,0.06730524365259999,-18.72,0.6657133743629577,2421029046.7361803,722.0
