,Unnamed: 0,PGC,GWGC,HyperLEDA,2MASS,SDSS-DR12,flag,RA,dec,Luminosity Distance,Distance Error,Redshift,Absolute B Magnitude,Luminosity_Rank,B Luminosity
1268,1742,49039.0,NGC5306,NGC5306,13491141-0713277,,G,207.297562,-7.224361999999998,104.800295028,,0.0229204614602,-22.2618,0.0008222782966803046,63200425179.647
1487,1962,47998.0,NGC5232,NGC5232,13360823-0829519,,G,204.034302,-8.497766,99.5777257329,,0.012625,-21.9888,0.0009568933789151133,49149601390.60018
1694,2169,49412.0,NGC5343,NGC5343,13541170-0735172,,G,208.548752,-7.588112,35.9680674082,,0.010538,-19.8126,0.001092226803098203,6622774989.04642
2516,2991,49236.0,NGC5324,NGC5324,13520588-0603299,,G,208.024536,-6.058331,41.6325451194,,0.006594,-20.6612,0.00161918528951808,14470382129.881353
2521,2996,,,NGC5345,13541422-0126111,,G,208.55928,-1.436427,108.171434676,,0.015864,-21.7686,0.0016245382775742527,40127305651.156105
2610,3085,47610.0,NGC5203,NGC5203,13321340-0847104,,G,203.055847,-8.786246,98.0872595751,,0.016714,-21.4371,0.001682513463924372,29569228952.046867
2780,3255,47709.0,NGC5211,NGC5211,13330535-0102085,,G,203.272324,-1.035706,49.65365872140001,,0.01348,-19.9548,0.0017911124727165789,7549531473.470197
2948,3423,47438.0,NGC5184,NGC5184,13301147-0139474,,G,202.547821,-1.663173,53.3234737418,,0.007856,-20.8056,0.0018918036699419327,16528749583.478384
3637,4113,,,,13525447-0106531,,G,208.226959,-1.114756,18.966190726300002,,0.011378,-17.2009,0.002341998646603909,597530392.5980749
3784,4260,48085.0,PGC048085,PGC048085,13370057-0812386,,G,204.25238,-8.210734,37.804285682199996,,0.010922,-19.3637,0.002436011487775745,4380059397.869502
3817,4293,49388.0,NGC5339,NGC5339,13540027-0755502,,G,208.50116,-7.930617999999999,37.2485172666,,0.0061681230840600005,-16.4655,0.0024590093767708943,303528866.4474202
4460,4936,47432.0,NGC5183,NGC5183,13300614-0143144,,G,202.525604,-1.7206740000000005,58.0388242991,,0.01463,-20.6836,0.002907888239463182,14772023844.400272
4648,5124,46909.0,NGC5133,NGC5133,13245289-0404550,,G,201.220413,-4.081966,91.73022181110001,,0.016829,-20.7846,0.0030303433023598737,16212127104.87799
4880,5356,47564.0,IC0892,IC0892,13314591-0242464,,G,202.941315,-2.712894,93.8595132378,,0.018029,-21.1064,0.003188130199007991,21805196262.96492
5058,5534,49234.0,NGC5327,NGC5327,13520418-0212233,,G,208.017441,-2.206488,57.6670798566,,0.0138415269208,-20.6446,0.003317575855943081,14250824770.912075
5297,5773,49583.0,NGC5369,NGC5369,13563762-0528114,,G,209.156754,-5.469836,41.9325966008,,0.01678,-19.1338,0.003475153917164729,3544214516.162008
5714,6190,,,UGC08786,,,G,208.219,-1.89557,108.26043484,,0.0244322522161,-19.7923,0.003744062776579826,6500099430.578822
5850,6326,,,,13592475-0312330,,G,209.853165,-3.209176,108.763335869,,0.020716,-21.1894,0.0038284272420613524,23537481951.034027
6072,6548,,,49017,13485945-0711417,,G,207.247726,-7.1949320000000005,111.693423846,,0.0254461327231,-20.1701,0.00397501248602515,9205343521.959074
7097,7574,48043.0,NGC5241,NGC5241,13363986-0824065,,G,204.166092,-8.401832,95.16618529450001,,0.017646000000000002,-21.1804,0.004640462310935527,23343178983.78841
8505,8984,47360.0,PGC047360,PGC047360,13292892-0340496,,G,202.370514,-3.680454,93.5008339501,,0.021132,-20.6951,0.0055372345662582385,14929319073.57081
8948,9427,48394.0,PGC048394,PGC048394,13404226-0745034,,G,205.176117,-7.7509679999999985,95.4364511134,,0.019084,-21.1586,0.005810001903864095,22879156025.17856
9511,9990,46561.0,NGC5095,NGC5095,13203685-0217217,,G,200.15358,-2.289367,86.6633478071,,0.023274,-20.6102,0.006180986151793465,13806385642.024502
9755,10234,47566.0,IC0893,IC0893,13314738-0236414,,G,202.947418,-2.611505,91.1328818648,,0.021311,-20.4914,0.0063497221590365326,12375421508.920336
10087,10566,170267.0,PGC170267,PGC170267,13345943-0805291,,G,203.747635,-8.091441,95.52506827360001,,0.022228,-20.3746,0.0065551683537544815,11113222256.147991
10090,10569,48996.0,PGC048996,PGC048996,13485125-0738537,,G,207.213577,-7.648267999999999,101.401910725,,0.013558,-21.2022,0.006556827386034821,23816613010.965557
11454,11934,48207.0,IC0903,IC0903,13382611-0013390,,G,204.60881,-0.227511,49.714710483199994,,0.020446,-19.0854,0.0074483782459779215,3389690139.37891
12175,12656,49413.0,PGC049413,PGC049413,13541219-0450490,,G,208.550827,-4.846954,57.7457981432,,0.016893000000000002,-19.9066,0.007902704051790405,7221709258.193756
14168,14652,,,170299,13483727-0724277,,G,207.155319,-7.407711999999999,109.524524975,,0.031257,-20.5176,0.009156330506225576,12677686262.86362
14927,15411,46717.0,IC4229,IC4229,13222614-0225062,,G,200.608917,-2.4183950000000003,102.76967930299999,,0.023709,-20.9883,0.009642938594999404,19557799969.52404
15054,15538,,,49111,13502073-0827216,,G,207.586411,-8.456014999999999,165.02168210899998,,0.025356,-21.4647,0.00972708908951504,30330530048.8463
16677,17161,,,47477,13303362-0605323,,G,202.640121,-6.092333,128.60407359299998,,0.026410000000000003,-21.0903,0.010765090618832214,21484240236.20499
17366,17851,,,UGC08783,13523978-0159517,,G,208.165756,-1.997696,107.25488821,,0.050217000000000005,-19.7491,0.011191556522299691,6246546827.063001
17550,18035,,,,13562484-0014514,,G,209.103516,-0.247621,131.356280761,,0.026866,-21.4353,0.011314381492057385,29520247885.798443
17794,18279,170266.0,PGC170266,PGC170266,13345440-0826327,,G,203.7267,-8.442418,96.3980902149,,0.015012,-20.5663,0.011483905502840076,13259281776.037209
19372,19857,,,,13485179-0729597,,G,207.215805,-7.499935000000002,98.16265194709999,,0.036218,-19.7867,0.012468185374030612,6466659590.7613535
19465,19950,184124.0,PGC184124,PGC184124,13462001-0325407,,G,206.583405,-3.427989,102.192297133,,0.032568,-20.2501,0.012519832240328798,9909232080.901691
19608,20093,159340.0,PGC159340,PGC159340,13395060-0738321,,G,204.960846,-7.6422539999999985,100.70494776,,0.026902,-20.2053,0.01260401291880114,9508674917.589636
19808,20293,,,,13562737-0017174,,G,209.114075,-0.28817600000000004,134.676596338,,0.030082,-20.3075,0.01273228168708475,10447202192.208004
21244,21729,48101.0,UGC08607,UGC08607,13371681-0209157,,G,204.320068,-2.154364,96.8812443051,,0.023915,-20.0572,0.013613726669192295,8296215029.491515
21528,22013,,,49779,13590666-0223050,,G,209.777771,-2.384734,108.625363396,,0.023319,-19.9467,0.013775023488828187,7493418703.737659
22487,22973,47540.0,NGC5196,NGC5196,13311969-0136537,,G,202.832062,-1.614923,96.40695471219999,,0.019812,-20.3695,0.014358769322043254,11061142822.180763
23654,24142,170274.0,PGC170274,PGC170274,13365212-0821295,,G,204.217178,-8.358213000000001,100.957966236,,0.03192,-20.0727,0.015094772871382847,8415501466.3408375
25684,26172,47995.0,PGC047995,PGC047995,13361233-0458482,,G,204.051376,-4.980081,100.19453794299999,,0.030974,-20.1132,0.016308200234380763,8735343753.012459
27530,28018,47757.0,UGC08537,UGC08537,13334073-0153540,,G,203.419724,-1.898361,60.9401025259,,0.03263,-18.9565,0.01744589853178573,3010232220.6633787
27682,28170,,,49703,13580661-0405094,,G,209.527557,-4.085962,112.335043697,,0.018821,-20.7676,0.017544142885865033,15960261399.072824
27827,28315,,,159415,13425627-0503500,,G,205.734467,-5.063911,234.460661775,,0.050305,-21.7473,0.017636318688670386,39347758752.94
28175,28663,48021.0,PGC048021,PGC048021,13362184-0829089,,G,204.091034,-8.485818,105.45821114700001,,0.032605,-20.1094,0.017858240055580957,8704824106.561775
28866,29356,165622.0,PGC165622,PGC165622,13421251-0505304,,G,205.552139,-5.091779,98.22917623200001,,0.027743,-20.3922,0.018260309504015457,11294837836.49528
28955,29445,,,159509,13525284-0951295,,G,208.2202,-9.858217,163.611987747,,0.041834,-20.7851,0.01831419609696345,16219594784.68237
29207,29697,,,48045,13364424-0329521,,G,204.184372,-3.497817,235.04444700599998,,0.0528034764017,-21.2357,0.018469375927451362,24562920352.91602
29804,30294,,,46695,13221471-0305179,,G,200.56131,-3.088312,155.57398452200002,,0.030032,-20.7607,0.01882738539837655,15859153403.301594
29805,30295,170294.0,PGC170294,PGC170294,13453653-0719350,,G,206.402237,-7.326408,105.91172489,,0.032233,-20.1757,0.018827727353054914,9252945411.082613
30494,30984,,,1036219,13511281-0608554,,G,207.803375,-6.148745,103.30719023700001,,0.027771,-19.5577,0.019227475905488463,5236968962.345367
31609,32099,,,170302,13493818-0606218,,G,207.409088,-6.106066,158.68081344,,0.037214,-21.0976,0.01987821636945639,21629177266.37841
31853,32343,47680.0,PGC047680,PGC047680,13325011-0304578,,G,203.208801,-3.082724,57.43968374560001,,0.024939,-19.1511,0.02001899473533738,3601139953.7080045
31890,32380,,,49695,13580707-0023334,,G,209.529465,-0.39263,130.638852227,,0.025753,-21.1214,0.020039994103649282,22108536759.24303
32171,32661,159283.0,PGC159283,PGC159283,13342198-0816282,,G,203.591614,-8.274521,93.97908275309999,,0.025287,-19.4572,0.020199123025979763,4773973456.706175
32427,32917,,,1036548,13365048-0607055,,G,204.210342,-6.118216,203.14914970900003,,0.04689,-20.9321,0.02035350665365244,18571201406.99773
32734,33224,,,1060142,13202270-0418047,,G,200.094604,-4.301312,156.01246010399998,,0.023089,-21.0998,0.020534474713866296,21673048357.422413
33761,34251,46924.0,PGC046924,PGC046924,13250539-0054110,,G,201.272476,-0.903074,83.24619579729999,,0.027672,-19.4808,0.021124594362124084,4878878467.457977
34192,34682,3082200.0,PGC3082200,PGC3082200,13204938-0437397,,G,200.205765,-4.627697,99.6487191263,,0.033897000000000004,-19.7784,0.021362226913858254,6417413152.024406
34672,35162,48813.0,PGC048813,PGC048813,13462215-0325057,,G,206.592316,-3.4182660000000005,106.07180513600001,,0.022429,-19.998,0.02164184617974236,7855973322.609913
34712,35202,159333.0,PGC159333,PGC159333,13382339-0918398,,G,204.597488,-9.311072,101.060067555,,0.032333999999999995,-19.6439,0.02166228591296898,5669698958.984376
35046,35536,,,3274956,13411045-0510080,,G,205.293579,-5.1689050000000005,224.20567703400002,,0.04751,-21.0752,0.021856937359017267,21187513877.32705
35501,35992,49362.0,UGC08801,UGC08801,13533195-0111401,,G,208.383163,-1.194481,106.254129279,,0.032697000000000004,-20.5097,0.02211912748237696,12585776059.0117
36104,36595,,,NGC5192,13305167-0146433,,G,202.715332,-1.778701,160.065643094,,0.033187,-21.2085,0.0224785295801197,23955210971.19841
36198,36689,,,UGC08844,13555952-0115424,,G,208.998032,-1.261804,109.689252363,,0.031226,-19.9958,0.02252932648217864,7840071077.794492
36833,37324,47546.0,NGC5197,NGC5197,13312516-0141347,,G,202.854843,-1.692978,95.6712924353,,0.026566000000000003,-19.2789,0.02289489567381514,4050979076.1485095
37289,37780,,,3082366,13515323-0900508,,G,207.971802,-9.014133,221.98035677400003,,0.037039,-21.0036,0.023140776179863348,19835356023.353737
37354,37845,,,46975,13254519-0351518,,G,201.438293,-3.864389,157.33278190299998,,0.036452,-20.7651,0.023177517670487462,15923553816.479548
37877,38368,,,170295,13453976-0530328,,G,206.41568,-5.509115,229.220480355,,0.045009,-21.4613,0.023494265610938318,30235698078.406113
38965,39457,,,1006959,13212649-0811282,,G,200.360413,-8.191187,212.859460173,,0.033827,-21.4355,0.02411423089445575,29525686217.28969
41630,42123,46864.0,PGC046864,PGC046864,13242620-0305069,,G,201.109177,-3.085262,97.45315313569999,,0.021894,-19.707,0.024925597135823777,6008969504.834889
41635,42128,46978.0,PGC046978,PGC046978,13255059-0330118,,G,201.460831,-3.503278,102.449884469,,0.023146,-19.6496,0.024927456397182454,5699542546.8916855
41645,42138,47265.0,PGC047265,PGC047265,13282882-0006402,,G,202.120102,-0.111191,230.145702618,,0.052042999999999985,-21.208,0.024930973840539283,23944181728.63385
41649,42142,47308.0,PGC047308,PGC047308,13290322-0002371,,G,202.263443,-0.043651,227.736041564,,0.051535,-21.0692,0.024932619239088412,21070750275.566788
41652,42145,47375.0,PGC047375,PGC047375,13295035-0125441,,G,202.459824,-1.42892,115.808423296,,0.026063,-20.7977,0.02493420801954083,16408920088.400562
41655,42148,47442.0,PGC047442,PGC047442,13300817-0524544,,G,202.534073,-5.415118,90.98688398600001,,0.0202988201494,-20.0649,0.024935432293013374,8355260598.932313
41656,42149,47458.0,PGC047458,PGC047458,13302377-0254154,,G,202.599075,-2.90428,102.321087994,,0.023066,-20.1888,0.024935778398552457,9365263475.334068
41663,42156,47569.0,PGC047569,PGC047569,13314850-0153364,,G,202.952118,-1.893449,130.253304571,,0.029676,-20.3219,0.02493778905100557,10586685216.489435
41664,42157,47601.0,PGC047601,PGC047601,13320939-0244575,,G,203.039139,-2.749318,87.61326912620001,,0.0193210596605,-19.4928,0.02493797136019065,4933100917.408318
41667,42160,47622.0,PGC047622,PGC047622,13322306-0229095,,G,203.096115,-2.48598,137.061384178,,0.031308,-19.9776,0.024938882200888145,7709744751.677702
41674,42167,47684.0,PGC047684,PGC047684,13325313-0115308,,G,203.221405,-1.258556,83.88605426939999,,0.018257,-19.4394,0.02494075091935539,4696345072.615826
41681,42174,47758.0,PGC047758,PGC047758,13334061-0244321,,G,203.41922,-2.74225,108.90131475,,0.024462,-20.1682,0.024942667380156974,9189248582.908978
41686,42179,47838.0,PGC047838,PGC047838,13343545-0021118,,G,203.647736,-0.353295,55.2191579875,,0.013832,-18.2254,0.024943616791761068,1535182460.7478776
41693,42186,47949.0,PGC047949,PGC047949,13355305-0455373,,G,203.971069,-4.92703,57.7676647216,,0.014343,-19.3764,0.024946365181672085,4431594349.987702
41703,42196,48113.0,PGC048113,PGC048113,13372217-0144356,,G,204.342392,-1.743223,113.09268937600001,,0.02536,-19.6392,0.024950278625436927,5645208671.847054
41707,42200,48188.0,PGC048188,PGC048188,13381535-0023546,,G,204.56398,-0.398504,95.5516539432,,0.0212942206471,-18.7312,0.02495103876343329,2446132624.887066
41709,42202,48272.0,PGC048272,PGC048272,13391323-0107160,,G,204.80513,-1.121133,76.92140743899999,,0.016472999999999998,-19.4132,0.02495146575095365,4584373569.427173
41713,42206,48321.0,PGC048321,PGC048321,13394951-0019490,,G,204.956299,-0.330285,126.88857315,,0.028707,-19.3621,0.02495286470688582,4373609457.463857
41714,42207,48356.0,PGC048356,PGC048356,13400750-0252540,,G,205.031265,-2.881668,110.70898433,,0.024854,-19.9289,0.024953137132883343,7371570103.078514
41716,42209,48437.0,PGC048437,PGC048437,13411572-0413330,,G,205.315506,-4.225847,138.193801605,,0.031484,-19.7734,0.024953407051630797,6387927816.908023
41730,42223,48786.0,PGC048786,PGC048786,13453805-0559050,,G,206.408569,-5.9847410000000005,25.533867332800003,,0.0063,-18.2716,0.02495628867563628,1601916962.1363487
41732,42225,48809.0,PGC048809,PGC048809,13461327-0323047,,G,206.555298,-3.384656,89.32390772219999,,0.019785,-19.6508,0.024956971354132444,5705845396.552084
41751,42244,49235.0,PGC049235,PGC049235,13520385-0207343,,G,208.016052,-2.12621,153.341886652,,0.034738,-20.1213,0.024961866150889026,8800756397.350994
41756,42249,49286.0,PGC049286,PGC049286,13523707-0752566,,G,208.154465,-7.882391,50.0156277949,,0.012271,-18.9185,0.02496341609094202,2906698590.298843
41761,42254,49360.0,PGC049360,PGC049360,13533068-0103021,,G,208.377869,-1.050592,146.330775873,,0.033219,-20.7217,0.024964652007780284,15299597302.717497
43911,44404,158730.0,PGC158730,PGC158730,13213599-0401554,,G,200.399979,-4.032078,126.50350329700001,,0.028914,-19.7165,0.02556106461813016,6061777620.466959
43924,44417,159000.0,PGC159000,PGC159000,13260741-0454287,,G,201.530884,-4.907993,101.441869004,,0.022979,-20.1091,0.025565571497728062,8702419207.039219
43933,44426,159215.0,PGC159215,PGC159215,13320325-0349485,,G,203.01358,-3.830152,185.11619297299998,,0.041713,-21.0122,0.025568047083289774,19993093637.122902
43934,44427,159218.0,PGC159218,PGC159218,13320766-0851064,,G,203.031952,-8.851801,114.465855351,,0.026061,-19.2924,0.0255681986656098,4101663235.323378
43936,44429,159323.0,PGC159323,PGC159323,13380908-0719575,,G,204.537872,-7.332664,215.751050682,,0.048936,-20.9058,0.025569141944546885,18126752291.442703
43937,44430,159372.0,PGC159372,PGC159372,13410217-0808561,,G,205.259048,-8.148916999999999,160.282927284,,0.036066,-20.5214,0.025569612107656174,12722135007.355034
44195,44688,170245.0,PGC170245,PGC170245,13231863-0938374,,G,200.827637,-9.643734,31.432649367699998,,0.00791490395745,-17.5869,0.02565730345721661,852628803.7121477
44200,44693,170261.0,PGC170261,PGC170261,13300262-0648543,,G,202.510941,-6.815111,120.532267007,,0.027414,-20.6135,0.025659143242340414,13848412777.219795
44202,44695,170291.0,PGC170291,PGC170291,13442675-0803204,,G,206.111481,-8.055667,134.155874457,,0.03048,-20.658,0.025660405845074376,14427796231.29485
44204,44697,170301.0,PGC170301,PGC170301,13483867-0746347,,G,207.161163,-7.776323,133.11469833,,0.030155,-20.3531,0.02566098403280977,10895320246.459377
44205,44698,170310.0,PGC170310,PGC170310,13562136-0946080,,G,209.089035,-9.768907,145.168313905,,0.032882,-20.0154,0.025661279050833756,7982887335.373697
44633,45126,214178.0,PGC214178,PGC214178,13524834-0157191,,G,208.201447,-1.955314,241.25468079400002,,0.054377,-20.3864,0.02577502614765828,11234661715.406542
45802,46295,987396.0,PGC987396,PGC987396,13312366-0943008,,G,202.848587,-9.716891,164.48673916200002,,0.036804,-20.4097,0.026098814987473032,11478364187.524843
45805,46298,988141.0,PGC988141,PGC988141,13220599-0939363,,G,200.524963,-9.660104,98.6771455626,,0.022648301324200003,-18.9011,0.026099631523017308,2860487142.423962
45817,46310,992475.0,PGC992475,PGC992475,13340521-0919252,,G,203.521729,-9.323694,188.66805844599997,,0.042421,-20.4475,0.026103347054769768,11885022274.370214
45834,46327,996221.0,PGC996221,PGC996221,13341743-0901222,,G,203.572632,-9.022858,92.65965970159999,,0.0209489804745,-18.5945,0.026108655593985574,2156750959.898167
45855,46348,1000833.0,PGC1000833,PGC1000833,13424301-0839374,,G,205.679245,-8.660411,90.5975919451,,0.020384,-19.4036,0.026115006949456128,4544017549.503343
45856,46349,1001009.0,PGC1001009,PGC1001009,13364222-0838585,,G,204.175949,-8.649609,116.89719340399999,,0.026501,-20.02,0.026115303220051213,8016780633.876789
45859,46352,1001130.0,PGC1001130,PGC1001130,13355120-0838178,,G,203.963364,-8.638278,169.032136305,,0.037761,-19.9748,0.026115946387354518,7689887742.720203
45863,46356,1002712.0,PGC1002712,PGC1002712,13343182-0830587,,G,203.632614,-8.516309,58.8437085392,,0.014644999999999997,-17.5585,0.02611700471546886,830615440.4079219
45897,46390,1011781.0,PGC1011781,PGC1011781,13480012-0752044,,G,207.000504,-7.867896000000001,98.78360374350001,,0.0225949612975,-18.0734,0.02612711330117427,1334627287.2040832
45902,46395,1013535.0,PGC1013535,PGC1013535,13402564-0745204,,G,205.106873,-7.7556850000000015,172.488692843,,0.038463,-20.6048,0.026128476129697733,13737888904.376802
45911,46404,1016275.0,PGC1016275,PGC1016275,13253013-0735492,,G,201.375549,-7.597,142.831206579,,0.032455,-19.9051,0.026131019435985902,7211738986.948661
45933,46426,1022817.0,PGC1022817,PGC1022817,13483248-0712182,,G,207.135361,-7.20507,187.03772541200001,,0.041964,-20.7246,0.026137198210044118,15340517131.42115
45938,46431,1025671.0,PGC1025671,PGC1025671,13205405-0700405,,G,200.225235,-7.0112570000000005,82.9770560824,,0.0181807590904,-18.3448,0.02613929156869018,1713641613.982067
45945,46438,1027447.0,PGC1027447,PGC1027447,13223842-0652594,,G,200.660095,-6.883185000000001,86.173044526,,0.0190629695315,-18.5869,0.026141132318961584,2141706723.1587906
45964,46457,1031315.0,PGC1031315,PGC1031315,13201709-0634219,,G,200.071213,-6.572754,95.1528941749,,0.0214481507241,-18.7521,0.026145294835513696,2493675853.555075
45975,46468,1033392.0,PGC1033392,PGC1033392,13263700-0623275,,G,201.65419,-6.390976,173.36592813099998,,0.038869,-20.2478,0.026147961746308884,9888262797.114376
45998,46491,1040545.0,PGC1040545,PGC1040545,13273030-0546376,,G,201.876251,-5.7771360000000005,1.94507207534,,0.0031668015834,-8.52468,0.026153558855229613,202242.3020288869
46025,46518,1047663.0,PGC1047663,PGC1047663,13205275-0513036,,G,200.219818,-5.217676,48.4503372093,,0.0117213658607,-16.8365,0.026162682497281046,427169267.47632384
46048,46541,1053008.0,PGC1053008,PGC1053008,13262942-0449170,,G,201.622589,-4.821389,127.461791318,,0.029126,-19.9009,0.0261671502061294,7183895396.236485
46050,46543,1053498.0,PGC1053498,PGC1053498,13362099-0447091,,G,204.087479,-4.785874,225.18954658799998,,0.050982,-20.7417,0.026167954488563572,15584038053.244131
46064,46557,1057916.0,PGC1057916,PGC1057916,13332121-0427315,,G,203.338379,-4.458758,90.9514916586,,0.020249,-19.343,0.026170465115628417,4297342811.53681
46084,46577,1062761.0,PGC1062761,PGC1062761,13241291-0406249,,G,201.053818,-4.1069309999999986,98.6061755803,,0.0222316611158,-18.3695,0.026176126327030917,1753072995.9714372
46091,46584,1064093.0,PGC1064093,PGC1064093,13245750-0400430,,G,201.239624,-4.011965,87.19791659190003,,0.0192423096212,-17.2125,0.02617862263365257,603948629.3763808
46113,46606,1067733.0,PGC1067733,PGC1067733,13324745-0343108,,G,203.197723,-3.719669,131.858581781,,0.030133,-18.5735,0.02618464032453364,2115436531.8951454
46126,46619,1070338.0,PGC1070338,PGC1070338,13210651-0330236,,G,200.277161,-3.506563,97.6039073175,,0.0219464809732,-17.8373,0.02618760051208906,1073791594.4006386
46127,46620,1070905.0,PGC1070905,PGC1070905,13262761-0327590,,G,201.615051,-3.466389,122.35145628299999,,0.027817,-19.865,0.026187857367399904,6950243175.887948
46131,46624,1072181.0,PGC1072181,PGC1072181,13253124-0322253,,G,201.380188,-3.373718,154.877975561,,0.034745,-20.3959,0.02618911108807974,11333394337.443909
46138,46631,1073319.0,PGC1073319,PGC1073319,13390436-0317340,,G,204.768204,-3.292799,140.374439495,,0.031928,-19.8624,0.026190857071119792,6933619420.807001
46173,46666,1089942.0,PGC1089942,PGC1089942,13223734-0230502,,G,200.655624,-2.513948,193.824847753,,0.044074,-20.167,0.026199912079973544,9179097860.5734
46206,46699,1112286.0,PGC1112286,PGC1112286,13384336-0142150,,G,204.680695,-1.7041669999999998,96.1897822249,,0.0214731407366,-17.9456,0.02620759301573977,1186424209.287468
46207,46700,1112505.0,PGC1112505,PGC1112505,13320744-0141485,,G,203.031021,-1.696818,180.00538080299995,,0.040513,-20.3674,0.02620800100482976,11039769351.86034
47762,48255,3082313.0,PGC3082313,PGC3082313,13404494-0534252,,G,205.187256,-5.573677,147.83181343200002,,0.033533999999999994,-19.7018,0.02651079992588344,5980259091.910025
48091,48584,3108164.0,PGC3108164,PGC3108164,13285010-0054301,,G,202.208786,-0.908378,93.8550848309,,0.0208956404478,-17.6223,0.026593720299747367,880886592.7549412
48136,48629,3274040.0,PGC3274040,PGC3274040,13253263-0510093,,G,201.385971,-5.1692730000000005,72.3066676329,,0.0157266978633,-15.7959,0.02660003306571499,163817389.12888056
48137,48630,3274950.0,PGC3274950,PGC3274950,13411852-0559160,,G,205.327179,-5.98779,86.4822351788,,0.019156,-19.3776,0.02660019702218139,4436495036.790925
50191,50684,47395.0,UGC08481,UGC08481,13294853-0017381,,G,202.452209,-0.29392,65.0717584926,,0.015289,-18.575,0.02716351004552436,2118361135.248496
50202,50695,47589.0,NGC5202,NGC5202,13320050-0141555,,G,203.002106,-1.698764,122.248622618,,0.027665,-20.3152,0.027167419426987,10521556702.103086
50204,50697,47690.0,UGC08526,UGC08526,13325513-0109338,,G,203.229736,-1.159389,49.8411790587,,0.012384,-19.3299,0.02716783468628809,4245804568.4016366
50236,50729,48443.0,IC0908,IC0908,13411893-0420390,,G,205.328888,-4.344178,107.272682535,,0.024213,-20.5504,0.02717847090924541,13066521879.236444
51365,51858,49167.0,PGC049173,49173,13510226-0009150,,G,207.75943,-0.154171,117.432799463,,0.026333,-20.5199,0.027526390739293385,12704570863.977741
52323,52816,,,159113,13304347-0104493,,G,202.681152,-1.080368,194.17259047099998,,0.044124,-20.4029,0.02786432075474124,11406699484.99021
52402,52895,,,1083114,13422098-0246414,,G,205.587418,-2.778167,168.13795851700002,,0.0376347488174,-19.0783,0.027893011752191884,3367596116.338592
52748,53241,,,46772,13231754-0209033,,G,200.82309,-2.150938,144.53320095,,0.032628,-20.2698,0.02802793604187428,10090669919.466507
53017,53510,,,118916,13572844-0257453,,G,209.368515,-2.962607,227.763781947,,0.051504,-20.1964,0.028150910214422068,9431048972.165194
53035,53528,,,158859,13233907-0022563,,G,200.912796,-0.382311,227.509503858,,0.051495000000000006,-20.199,0.028156137811278462,9453660459.57965
53061,53554,,,1105484,13523697-0157287,,G,208.154083,-1.957974,111.114302364,,0.0248778724389,-17.5088,0.028162331818350837,793450795.6952641
54091,54584,,,118935,13585957-0237320,,G,209.74823,-2.625582,224.65369374099998,,0.050841,-20.6306,0.028496243463338844,14068247494.42013
54347,54840,,,118541,13430409-0306510,,G,205.767059,-3.114185,213.982639215,,0.048627,-20.1109,0.02859164109899997,8716858576.700022
54352,54845,,,118580,13464505-0325114,,G,206.687714,-3.419846,172.393257142,,0.03855,-19.5806,0.028593542237534023,5348598522.191815
54612,55105,,,46640,13213050-0208434,,G,200.377106,-2.145412,196.32852291400002,,0.04474,-20.9219,0.02867222685654709,18397550342.924187
54661,55154,,,1077810,13325525-0301347,,G,203.230225,-3.026333,209.257780543,,0.0476775838388,-19.8934,0.028696022425642037,7134441808.179712
54776,55269,,,105298,13522742-0255216,,G,208.114258,-2.922693,159.635646243,,0.035985617992800006,-18.8756,0.028737340118161068,2794087484.47934
55035,55528,,,49807,13594523-0302571,,G,209.938461,-3.04921,151.12494042,,0.034326,-20.0777,0.02883609163776218,8454345656.197006
55108,55601,,,1151187,13233472-0007513,,G,200.894699,-0.130925,199.869959373,,0.045679,-20.3647,0.0288644491797827,11012349850.281187
55141,55634,,,3107282,13382860-0106470,,G,204.619202,-1.113065,211.92990874,,0.048225,-20.251,0.028874569591110764,9917449552.31416
55201,55694,,,48968,13482260-0046006,,G,207.094193,-0.766834,201.557293421,,0.045984,-20.377,0.028885375992707525,11137815001.346634
55897,56390,,,48143,13374131-0140315,,G,204.42215,-1.675441,187.0696847,,0.042191,-20.494,0.02921095365364975,12405092300.422314
56217,56710,,,118930,13584450-0248371,,G,209.685425,-2.810314,176.531462515,,0.039385,-20.1901,0.02936199731435085,9376483635.547285
56265,56758,,,105428,13591300-0310520,,G,209.804199,-3.181122,184.313236381,,0.041343,-20.3388,0.02938575833987151,10752761175.477259
57601,58094,,,105294,13512183-0325066,,G,207.840973,-3.4185190000000003,161.428447003,,0.0363098581549,-18.4499,0.029832488859598,1887817466.6745586
58425,58918,,,1098517,13273894-0212479,,G,201.912262,-2.213327,189.52694477900002,,0.042911000000000005,-20.2514,0.030156005928741313,9921103948.877485
59402,59895,,,3301185,13442513-0117579,,G,206.104736,-1.299417,190.674010227,,0.043117,-19.3865,0.030465743656676692,4473011348.244489
61148,61641,,,49706,13581316-0122556,,G,209.554871,-1.38212,161.908513462,,0.036511,-20.3333,0.03101902851352168,10698428782.416956
65003,65496,,,47465,13303201-0036133,,G,202.633377,-0.603701,199.39326446599998,,0.045511,-21.0076,0.032733158299569284,19908566952.21137
65021,65514,,,47695,13325655-0301395,,G,203.235626,-3.02765,185.878277043,,0.041918,-21.1521,0.03274082893998129,22742594082.823242
65043,65536,,,48006,13361276-0030412,,G,204.053177,-0.511471,214.770016333,,0.048816000000000005,-20.3409,0.03275118431560623,10773578985.571129
65044,65537,,,48022,13362493-0007191,,G,204.103882,-0.12198699999999997,203.906360089,,0.046604,-19.9752,0.032751468610166416,7692721323.994472
65597,66090,,,105285,13492188-0237178,,G,207.341187,-2.62163,234.933241882,,0.0530378365189,-19.3247,0.03295972192987295,4225518427.448717
65609,66102,,,118141,13364150-0332201,,G,204.172958,-3.538929,230.289135312,,0.052068,-20.3744,0.0329627624973373,11111175313.49198
65610,66103,,,118149,13371244-0329477,,G,204.301834,-3.4965870000000003,235.294672191,,0.053129,-20.6111,0.03296327315346752,13817834922.694952
65612,66105,,,118887,13545851-0233555,,G,208.74382,-2.565439,170.53965321200002,,0.038099,-20.3241,0.03296385233264427,10608158498.864843
65613,66106,,,118933,13585218-0300311,,G,209.717438,-3.008642,190.363210716,,0.042924,-19.4209,0.032964022959956533,4617001333.651452
65614,66107,,,118944,13594583-0310201,,G,209.940979,-3.1722650000000003,202.63526576900003,,0.046195,-19.6936,0.032964242305366015,5935263438.321449
65624,66117,,,126155,13535615-0231480,,G,208.483963,-2.530012,232.024702307,,0.052413,-20.6637,0.03296903400959969,14503739805.768894
65724,66217,,,159255,13335111-0113580,,G,203.462997,-1.232802,205.857568928,,0.046999,-20.8768,0.03300923556674259,17648995809.90036
65935,66428,,,1093590,13505381-0223069,,G,207.724213,-2.3852740000000003,240.530560578,,0.0542258071129,-18.6059,0.03308836115840633,2179515691.0815554
65941,66434,,,1098456,13283332-0212562,,G,202.138855,-2.215634,177.819507888,,0.039968,-20.1339,0.033090612140846805,8903484356.957722
65953,66446,,,1105744,13584553-0156521,,G,209.689743,-1.947813,180.62498640599998,,0.040416,-19.8909,0.03309460878392973,7118033047.359144
65954,66447,,,1106302,13275781-0155299,,G,201.990906,-1.924993,208.310876363,,0.047508,-21.0496,0.033095373549890963,20693788210.04864
65976,66469,,,1121702,13581430-0118486,,G,209.559601,-1.313509,159.51344747,,0.036098000000000005,-19.663,0.033103059964497784,5770321353.329305
66025,66518,,,1130318,13294147-0057471,,G,202.422821,-0.96309,203.82833626099998,,0.046610000000000006,-20.1353,0.033121524328198565,8914972338.941107
66033,66526,,,1130853,13205466-0056286,,G,200.227783,-0.941289,211.94371201400003,,0.048266,-20.9801,0.033125110563158526,19410646480.209026
66049,66542,,,1143113,13301959-0026464,,G,202.581635,-0.446226,232.001555411,,0.052435,-20.0185,0.033130558322623266,8005712689.353616
66056,66549,,,1143703,13563697-0025194,,G,209.154083,-0.422061,183.70203061200002,,0.041217,-19.4076,0.033132925548970044,4560789204.378247
76444,76937,,,3301568,13492348-0155178,,G,207.347839,-1.921631,206.37196611299998,,0.0470456935228,-19.0433,0.036456717515090775,3260768748.2820177
76445,76938,,,3301915,13363041-0222541,,G,204.126724,-2.381708,237.64956789400003,,0.05363,-19.5817,0.03645691537989506,5354020133.566084
76723,77216,,,1075347,13314978-0309514,,G,202.957458,-3.164282,188.453373037,,0.042588,-19.02,0.036558162799663785,3191537855.1007576
76770,77263,,,1135880,13200442-0044276,,G,200.018433,-0.741001,151.152021804,,0.0337951068976,-19.2771,0.0365740755513919,4044268678.835761
77922,78415,,,1124874,13234575-0110475,,G,200.940643,-1.179877,219.968712848,,0.049918,-20.6228,0.0369931736405875,13967542452.02048
81920,82413,,,46527,13201926-0339315,,G,200.080276,-3.658776,129.840912571,,0.029734,-20.4261,0.03901745471673264,11653060467.357649
81945,82438,,,46972,13254291-0351098,,G,201.428833,-3.852723,231.746950261,,0.052388,-20.8271,0.03902971124120252,16859317907.346622
82018,82511,,,47555,13313176-0201064,,G,202.882339,-2.018451,141.431597379,,0.032145,-20.6647,0.03906095037787072,14517104397.473791
82030,82523,,,48115,13372078-0334576,,G,204.336594,-3.582667,194.20462130599998,,0.044064,-20.8873,0.03906709554661316,17820504713.83806
82065,82558,,,48818,13463974-0938460,,G,206.665619,-9.646133,98.48641761389999,,0.022698,-20.2429,0.039085595842591636,9843736956.371138
82072,82565,,,49038,13491220-0225468,,G,207.300873,-2.429687,191.277413352,,0.043246,-20.5353,0.039088712550044986,12886055573.805323
82088,82581,,,49419,13541643-0132381,,G,208.568466,-1.543926,212.76741351799998,,0.048347,-20.9035,0.03909841786281541,18088393616.437656
82092,82585,,,49474,13550331-0157435,,G,208.763794,-1.962105,194.708005103,,0.044115,-20.6439,0.039100654637763216,14241639885.8168
87289,87782,,,105103,13242530-0536529,,G,201.105453,-5.614707,207.391816725,,0.0472552736276,-19.604,0.04154198341239264,5465123745.198729
87292,87785,,,105196,13363656-0345071,,G,204.152374,-3.751985,217.65869494,,0.0494033647017,-19.0589,0.041543097680650315,3307958100.325395
87305,87798,,,105286,13501556-0333280,,G,207.564865,-3.557805,165.629270869,,0.037092,-19.9637,0.04154921964159386,7611670851.589085
87315,87808,,,105417,13565265-0246237,,G,209.219391,-2.773254,177.136732819,,0.039574,-19.5875,0.04155302893773255,5382697825.162904
88188,88681,,,118136,13360508-0352103,,G,204.021179,-3.869529,239.21269512,,0.053964,-20.9629,0.041867630388990884,19105570041.35879
88204,88697,,,118486,13492723-0345478,,G,207.36348,-3.763298,160.563608507,,0.0361473180737,-17.7282,0.04187110652013079,971135879.8935024
88205,88698,,,118496,13500955-0346081,,G,207.539825,-3.768917,166.935533341,,0.037346,-19.7397,0.04187133537942265,6192699408.266866
88218,88711,,,118893,13551837-0327525,,G,208.826553,-3.464597,230.20122421099998,,0.052026,-20.5735,0.041876471186433235,13347502165.809477
88220,88713,,,118941,13591427-0305410,,G,209.809479,-3.094733,128.465184856,,0.029036000000000006,-19.2459,0.04187724390634417,3929705457.501849
88223,88716,,,119003,13571192-0615597,,G,209.299667,-6.26661,171.062004323,,0.038302,-19.0088,0.041877815383873966,3158784512.4766364
88766,89259,,,126087,13370828-0610366,,G,204.284515,-6.176845,242.72197130900003,,0.054707967354,-20.2855,0.04206036150490591,10237643446.43277
88767,89260,,,126090,13384322-0613198,,G,204.680084,-6.222188,243.864676615,,0.0549507274754,-20.2657,0.0420607330132306,10052636988.53004
88769,89262,,,126173,13572971-0553423,,G,209.373825,-5.895107,254.32508946099998,,0.057177,-20.2779,0.042061160262457466,10166231617.007221
88770,89263,,,126177,13591155-0640594,,G,209.798126,-6.68317,205.949419565,,0.0468367434184,-19.8198,0.04206140664421552,6666839501.7988615
96040,96533,,,158800,13222531-0850464,,G,200.605469,-8.846242,138.432022302,,0.031799,-20.0482,0.0463889935481186,8227729403.013266
96042,96535,,,158791,13221610-0255139,,G,200.567123,-2.920534,194.982611448,,0.044371,-19.915,0.04639007333629668,7277798045.368272
96048,96541,,,158829,13230090-0431505,,G,200.753769,-4.530713,215.276616897,,0.048918,-20.875,0.04639297904911751,17619760464.116383
96064,96557,,,159020,13262055-0910255,,G,201.585632,-9.173751,204.95757083799998,,0.046592,-20.0923,0.046401411023502134,8568799875.647251
96080,96573,,,159118,13305270-0504303,,G,202.719604,-5.075089,188.21586561599997,,0.042493,-20.1763,0.046409128561992655,9258060190.819077
96110,96603,,,159338,13394075-0558309,,G,204.91983,-5.975267,155.686987754,,0.035302999999999994,-20.9343,0.04642808624577149,18608869916.42324
96111,96604,,,159344,13395431-0755401,,G,204.976303,-7.927808,225.73934856099999,,0.051062,-20.764,0.046428674125587786,15907429237.502163
96130,96623,,,159424,13431428-0936496,,G,205.80954,-9.613785,139.704345806,,0.03178,-20.603,0.0464385213595841,13715132259.364908
96134,96627,,,159439,13463302-0728481,,G,206.637619,-7.480042,251.949088662,,0.056674,-20.7206,0.046441482574847565,15284104557.324594
96136,96629,,,159444,13465739-0859071,,G,206.739166,-8.98531,228.72559308,,0.051688,-20.6246,0.04644211232129659,13990717905.1812
97344,97837,,,170243,13201412-0359395,,G,200.058868,-3.994333,152.696053698,,0.034105,-20.4151,0.04707074478885003,11535594996.847118
97356,97849,,,170290,13441567-0944323,,G,206.065308,-9.742332,165.257448784,,0.0369665284833,-20.4208,0.04707855170517521,11596314895.000835
97357,97850,,,170300,13483825-0845397,,G,207.159393,-8.761045,185.462987008,,0.041438,-21.2763,0.047079494047179184,25498815114.786285
97358,97851,,,170303,13510978-0745104,,G,207.790756,-7.752914,127.699171312,,0.028787,-20.4249,0.047079924225529535,11640188143.783405
97359,97852,,,170305,13513703-0850098,,G,207.904312,-8.836077000000003,110.931679716,,0.025316,-21.1483,0.04708076177129997,22663135740.89597
97362,97855,,,170318,13590382-0954434,,G,209.765945,-9.912063,220.53147945,,0.049912,-21.3054,0.047082215711681634,26191477601.884285
99118,99611,,,184055,13441314-0534518,,G,206.054779,-5.581079,227.786899111,,0.051518,-20.8706,0.048048514215550855,17548499998.82919
99130,99623,,,184111,13454503-0758302,,G,206.437653,-7.975061,247.17422569400003,,0.055652,-21.067,0.048055746827777766,21028098370.377357
99132,99625,,,184127,13470124-0839301,,G,206.755188,-8.658365,249.705079483,,0.056192,-21.0841,0.0480571453848351,21361906015.54785
99142,99635,,,184172,13501602-0659356,,G,207.566788,-6.993241,202.511395287,,0.046095,-20.7702,0.048062292752621937,15998527052.323181
99145,99638,,,184188,13503219-0728536,,G,207.634125,-7.4815580000000015,153.292202401,,0.034953,-19.8706,0.048064104105807734,6986183681.991935
99160,99653,,,184261,13551684-0947252,,G,208.820206,-9.790348,253.23471582,,0.056945,-21.1746,0.048073352446995336,23218812261.09092
99164,99657,,,184268,13553020-0415185,,G,208.875854,-4.2551510000000015,232.25155047299998,,0.052463,-21.2518,0.04807616689200814,24929869206.373955
118124,118617,,,983893,13482477-0959002,,G,207.103241,-9.983408,172.856829132,,0.03857,-20.5674,0.05734954166910267,13272722058.121016
118245,118738,,,986754,13515913-0945438,,G,207.996384,-9.762186,175.466832885,,0.039207,-20.247,0.057402466908192624,9880979539.411306
118268,118761,,,987299,13495250-0943278,,G,207.46875,-9.7244,230.67782299700002,,0.052101,-20.932,0.0574102771656527,18569491014.904568
118362,118855,,,989394,13360059-0933579,,G,204.002472,-9.566098,220.780603776,,0.049973,-20.7548,0.057450973659738974,15773206897.282022
118442,118935,,,991550,13484864-0923597,,G,207.202698,-9.399935,168.67352672799998,,0.037701,-20.0982,0.057488902659805725,8615490343.53293
118497,118990,,,992940,13201970-0917099,,G,200.082123,-9.286085,193.26670820799998,,0.043662,-20.0898,0.05751454042859557,8549092182.81589
118659,119152,,,996640,13514978-0859278,,G,207.957458,-8.991078,173.39774955599998,,0.038727,-20.7162,0.057589196287186985,15222290300.288074
118693,119186,,,997307,13505849-0856174,,G,207.743744,-8.938183,256.824029828,,0.057715,-20.2532,0.05760537560288831,9937565404.474249
118701,119194,,,997452,13483737-0855337,,G,207.155716,-8.926044000000003,236.907687997,,0.053446,-20.8579,0.0576081567271289,17344428724.302883
118755,119248,,,998837,13211237-0848515,,G,200.301575,-8.81431,157.871019559,,0.035212,-20.7785,0.057633106438166375,16121297779.982487
118986,119479,,,1004875,13515834-0820528,,G,207.993103,-8.348021000000001,192.909915935,,0.043389,-20.7378,0.05773473369749301,15528160096.063725
119214,119707,,,1012432,13303225-0749344,,G,202.634415,-7.826223,238.86475448099998,,0.05388,-21.0828,0.057842314593903016,21336343766.705917
119217,119710,,,1012569,13511456-0749044,,G,207.810669,-7.817911,193.74706837,,0.043673,-20.8842,0.0578434804743606,17769696079.556732
119274,119767,,,1014568,13212892-0741442,,G,200.370514,-7.695631,195.330479957,,0.04426,-20.8599,0.05787326708117994,17376407787.487484
119330,119823,,,1016377,13370971-0735286,,G,204.290497,-7.591289,157.681042663,,0.035584,-20.1609,0.057897973268022485,9127671464.984915
119373,119866,,,1017687,13493546-0730578,,G,207.397751,-7.516064,101.144414787,,0.023203,-19.8937,0.057915133175364265,7136413399.6750765
119381,119874,,,1017884,13484379-0730107,,G,207.182465,-7.5029910000000015,162.338824615,,0.036476,-20.5161,0.05791847431322685,12660183485.296446
119432,119925,,,1019347,13491652-0725017,,G,207.318848,-7.41714,100.46082769700001,,0.023006,-18.553,0.05794106516727907,2075869270.4951966
119456,119949,,,1019980,13465136-0722481,,G,206.714005,-7.38003,238.83228188099997,,0.053867,-20.5145,0.0579516447700581,12641540489.485834
119495,119988,,,1021021,13490241-0718597,,G,207.260056,-7.316597,246.35582977200002,,0.055477,-20.7118,0.05797071106248568,15160726041.696518
119586,120079,,,1023865,13460136-0708222,,G,206.505692,-7.139503,213.816899883,,0.048518,-20.4182,0.05801286422783671,11568578556.317638
119615,120108,,,1024753,13571206-0704327,,G,209.300262,-7.0757759999999985,197.198630342,,0.044617,-20.7505,0.058027122212683614,15710861496.73956
119619,120112,,,1024840,13571307-0704187,,G,209.304474,-7.0718869999999985,130.307098972,,0.029369,-19.9718,0.05802900952609634,7668669125.762961
119654,120147,,,1025621,13481824-0700512,,G,207.076004,-7.014245,229.909746275,,0.051958,-20.6118,0.05804576631872022,13826746482.532612
119662,120155,,,1025801,13280811-0700131,,G,202.033829,-7.0036570000000005,178.038027113,,0.039853,-20.9276,0.058049870925552687,18494389507.562325
119873,120366,,,1031258,13483313-0634372,,G,207.138046,-6.5770149999999985,221.265066485,,0.050115,-21.1956,0.05814778147079694,23672275143.5803
119937,120430,,,1032828,13234868-0626236,,G,200.952835,-6.439915,204.264375962,,0.046582,-21.348000000000006,0.058177671701906575,27239554471.208767
120215,120708,,,1039561,13435549-0551333,,G,205.981216,-5.859264,230.02078245099997,,0.051993,-20.7468,0.05830472564234609,15657412739.185963
120359,120852,,,1042923,13585282-0534501,,G,209.720093,-5.580586,166.277798224,,0.037327,-20.1532,0.058373463761421274,9063167365.688791
120524,121017,,,1046734,13451786-0517230,,G,206.324432,-5.289732,201.841659608,,0.0460103930052,-20.4451,0.058447166315300274,11858779665.345057
120534,121027,,,1046966,13323577-0516218,,G,203.149078,-5.272728,184.509394527,,0.041505,-19.9971,0.058453952285945736,7849463963.943136
120568,121061,,,1047814,13493352-0512268,,G,207.389694,-5.207465,82.659415081,,0.018143,-19.3735,0.05846822455210837,4419773361.155836
120680,121173,,,1051446,13371468-0456287,,G,204.311188,-4.941308,199.842455822,,0.045515,-21.2234,0.058516255085427536,24286224204.49582
120761,121254,,,1053614,13404201-0446422,,G,205.175049,-4.778398,208.58204879299998,,0.047485,-21.1944,0.05855413664695463,23646126031.401543
120764,121257,,,1053693,13582115-0446256,,G,209.58815,-4.773785,208.46714244900002,,0.047418,-19.1412,0.05855511099389993,3568453155.7100186
120836,121329,,,1055879,13300750-0436294,,G,202.531265,-4.608173000000002,222.22497575,,0.050365,-20.658,0.05858753127758212,14427796231.29485
120842,121335,,,1056204,13572422-0435053,,G,209.350952,-4.584829,196.227788882,,0.044472000000000005,-19.7478,0.058590435036217865,6239072035.989585
120915,121408,,,1058097,13444549-0426439,,G,206.189545,-4.445528,233.807500378,,0.0528034764017,-19.1543,0.05862111201432967,3611769281.8746977
120919,121412,,,1058119,13285065-0426381,,G,202.211044,-4.443933,208.310876363,,0.0474661137331,-18.4036,0.05862263119523326,1809005969.57821
121000,121493,,,1060372,13515201-0417073,,G,207.966736,-4.285375,246.318634717,,0.055466,-19.9435,0.058657718544120316,7471365798.2843485
121095,121588,,,1063369,13251609-0403493,,G,201.317047,-4.063722,178.89403973,,0.04019,-20.047,0.05870460833458964,8218640803.889046
121121,121614,,,1063856,13584620-0401421,,G,209.69252,-4.028368,216.43748976700002,,0.049102,-20.6217,0.058717891990225486,13953398577.858824
121147,121640,,,1064663,13201018-0358006,,G,200.042435,-3.966834,187.206656715,,0.042336,-19.5876,0.058727958997648926,5383193612.785291
121233,121726,,,1068002,13341762-0341448,,G,203.573425,-3.695801,210.508485702,,0.047921,-20.3383,0.0587679332633055,10747810485.984913
121245,121738,,,1068531,13535868-0339090,,G,208.494522,-3.652512,237.510452775,,0.053584000000000014,-20.1274,0.058771917426483675,8850340914.246086
121441,121934,,,1076606,13300815-0305444,,G,202.533997,-3.0956740000000003,214.217451055,,0.048705,-20.4563,0.058868515439208575,11981742998.851713
121444,121937,,,1076731,13594523-0305191,,G,209.938461,-3.088654,220.15321581900002,,0.049887,-20.1786,0.05886969494909314,9277693052.065195
121479,121972,,,1078125,13351265-0300361,,G,203.802719,-3.010033,208.53608576599999,,0.047524,-20.6669,0.05888743986320478,14546549863.700941
121905,122398,,,1103606,13312310-0201357,,G,202.846252,-2.026589,181.14445520099997,,0.040781,-19.8361,0.059088949838565816,6767682874.665583
122049,122542,,,1112159,13570472-0142327,,G,209.269699,-1.7090869999999998,206.53273202,,0.0470456935228,-19.4549,0.059153866983110814,4763871079.106208
122067,122560,,,1112743,13582851-0141166,,G,209.618805,-1.687949,218.622156535,,0.049562,-20.7485,0.059163504251960826,15681947659.1597
122279,122772,,,1123930,13530960-0113150,,G,208.290039,-1.220861,237.236876724,,0.053516,-20.3679,0.05924889023210739,11044854524.34263
122387,122880,,,1131998,13205846-0053456,,G,200.243622,-0.8960100000000001,211.15241902900001,,0.0481034640517,-19.443,0.05929025291362215,4711942694.202774
122395,122888,,,1132617,13301906-0052144,,G,202.579453,-0.8706709999999999,167.820291858,,0.0376347488174,-18.1442,0.05929249722620983,1424557554.0046616
122443,122936,,,1135004,13543388-0046361,,G,208.641174,-0.776696,173.67506417599998,,0.038838,-20.4687,0.05930983931482471,12119368757.3412
122529,123022,,,1138684,13582155-0037306,,G,209.589828,-0.625174,123.20555864200001,,0.027724423862200004,-18.1432,0.05934480141105355,1423246092.0527372
129539,130032,,,2816877,13285245-0426291,,G,202.218567,-4.441433,175.748879215,,0.03938,-20.8905,0.061728681393443875,17873104722.48371
130625,131118,,,3082225,13243649-0638008,,G,201.152069,-6.633578,180.237718679,,0.0404,-20.0352,0.062310781993389165,8129802588.69862
130626,131119,,,3082228,13251994-0924401,,G,201.333084,-9.411165,199.19160713,,0.045152,-20.8294,0.06231140637276579,16895070175.35493
130654,131147,,,3082272,13342674-0423088,,G,203.61145,-4.385793,217.30380707400002,,0.049325,-20.7303,0.06232561401667416,15421264993.850428
130670,131163,,,3082310,13401955-0447427,,G,205.081497,-4.795202,197.445967109,,0.04488,-20.6702,0.06233508605752953,14590830085.44758
130693,131186,,,3082351,13491403-0726357,,G,207.308487,-7.443250999999999,157.45037207200002,,0.035706,-20.8717,0.06234684630878338,17566288050.55905
130700,131193,,,3082362,13513616-0843028,,G,207.900681,-8.717464999999999,138.256726018,,0.031299,-20.4804,0.06234994823039396,12250674476.637829
130707,131200,,,3082378,13560917-0507414,,G,209.038223,-5.128188,196.87345731099998,,0.044635,-20.7789,0.06235389351293308,16127238179.769016
131390,131883,,,3092590,13411980-0232240,,G,205.332504,-2.540011,214.327956607,,0.048707,-20.2044,0.06266797335526947,9500796151.593037
131429,131922,,,3092752,13430127-0436120,,G,205.75531,-4.603353,218.829637612,,0.049628,-19.8135,0.06268476940570929,6628267086.082738
131430,131923,,,3092755,13581453-0441306,,G,209.560562,-4.6918419999999985,228.04582244099998,,0.051564,-20.4631,0.06268521498864428,12057020518.78537
131447,131940,,,3092855,13385827-0543400,,G,204.742828,-5.727799,233.44160106400003,,0.052728,-21.1859,0.06269200294271296,23461728240.09684
131476,131969,,,3092958,13452303-0634020,,G,206.345978,-6.567242,228.665471653,,0.051697,-20.356,0.06270594323215223,10924460532.267906
131477,131970,,,3092959,13461890-0622051,,G,206.578766,-6.368103,247.24863525799998,,0.055669,-20.7707,0.06270653475094898,16005896343.01499
131478,131971,,,3092961,13501145-0652096,,G,207.547729,-6.8693550000000005,110.87377731299999,,0.025137,-19.6991,0.06270675521031277,5965405908.08092
131525,132018,,,3093122,13473181-0854297,,G,206.882568,-8.908251,171.461775214,,0.038224,-20.5958,0.06272772184338869,13624482016.445284
132126,132619,,,3099230,13350562-0451151,,G,203.773438,-4.854198,237.78868884599999,,0.05366,-20.96,0.06300773606528755,19054607179.632526
133222,133715,,,3274028,13254740-0516158,,G,201.44754,-5.271056,109.934134262,,0.0248778724389,-16.6457,0.06327817439769604,358327384.8484131
133223,133716,,,3274579,13462646-0530407,,G,206.610275,-5.51132,216.552678271,,0.049131,-19.8298,0.06327842305919643,6728527008.20054
143689,144182,,,159337,13393999-0752039,,G,204.916641,-7.867767,240.242812978,,0.05417,-20.2683,0.06849075543197143,10076738769.299023
143692,144185,,,159417,13425707-0456540,,G,205.737808,-4.948355,183.06358319900002,,0.041085,-20.853,0.06849240235655549,17266328527.43242
143697,144190,,,159495,13523214-0923156,,G,208.133942,-9.38767,198.71043052,,0.044894,-20.5521,0.0684942767549932,13086996913.904196
144868,145361,,,184243,13550243-0942412,,G,208.760162,-9.711467,145.046686352,,0.032904,-20.2835,0.06899094519381793,10218802368.884386
144902,145395,,,184090,13450302-0636257,,G,206.262619,-6.607145,247.220731478,,0.055664,-20.7344,0.06900212389365575,15479609476.709269
159496,159989,,,984060,13503124-0958126,,G,207.630188,-9.970169,158.698911806,,0.035953,-19.6199,0.07453072279742458,5545746323.943415
159505,159998,,,984324,13582437-0956590,,G,209.601562,-9.949729,247.00681023,,0.055611,-20.2825,0.07453396917347332,10209394837.076807
159519,160012,,,984739,13464738-0955150,,G,206.697418,-9.920861,234.53478752599997,,0.052929,-19.888,0.07453915578703639,7099046158.552879
159540,160033,,,985591,13483296-0951192,,G,207.137344,-9.855347,200.75019718599998,,0.045448,-19.8573,0.07454588020568023,6901126686.795492
159978,160471,,,1007176,13352071-0810371,,G,203.836304,-8.176994,164.776866331,,0.036831,-19.2425,0.07470920748705223,3917418771.077847
159992,160485,,,1007767,13271561-0808200,,G,201.815079,-8.138898,231.001764385,,0.052197,-20.2381,0.07471435434404795,9800314211.685413
159993,160486,,,1007775,13573607-0808181,,G,209.40033,-8.138373,261.97227124299997,,0.058814,-21.0283,0.07471510425302033,20291773219.266014
159994,160487,,,1007829,13361920-0808099,,G,204.080032,-8.136097,106.939056706,,0.024475,-18.6047,0.0747151847108938,2177108132.0296364
160077,160570,,,1012316,13233374-0749584,,G,200.89061,-7.832901,214.42004743299998,,0.048668,-19.8223,0.07474656663806696,6682208154.077646
160209,160702,,,1018994,13422724-0726184,,G,205.613541,-7.43847,212.169173793,,0.048162,-19.9214,0.07479266607908805,7320824571.427228
160213,160706,,,1019206,13572922-0725341,,G,209.37175,-7.426150999999999,236.97259586400003,,0.053466,-20.9555,0.07479478582905373,18975795877.20857
160239,160732,,,1020079,13362767-0722256,,G,204.115311,-7.373778,209.96124283900002,,0.047702,-19.6287,0.07480492050007165,5590877800.339455
160243,160736,,,1020177,13563792-0722052,,G,209.158035,-7.368125999999998,194.012441104,,0.043736,-19.8251,0.07480614400609689,6699463109.105696
160278,160771,,,1021479,13563288-0717142,,G,209.137024,-7.287294,154.358330685,,0.035037,-20.1257,0.07481979642862832,8836494266.444935
160291,160784,,,1022030,13310266-0715102,,G,202.761124,-7.252842,235.11858583,,0.053082,-20.4164,0.07482409990575621,11549415347.375462
160316,160809,,,1023597,13552444-0709272,,G,208.851868,-7.157564,249.43515468900003,,0.056134,-20.7408,0.07483267808533423,15571125319.328238
160421,160914,,,1027365,13572378-0653191,,G,209.349106,-6.888649000000001,135.327624123,,0.030560000000000007,-20.2519,0.07486988835457856,9925673838.264414
160555,161048,,,1032271,13415122-0629218,,G,205.463425,-6.4894,217.239286153,,0.049266,-19.7477,0.07492007427492403,6238497422.681314
160556,161049,,,1032276,13531713-0629199,,G,208.321411,-6.488872,126.81245079600001,,0.028588,-20.1658,0.07492041312575094,9168958351.033155
160665,161158,,,1036826,13375166-0605390,,G,204.465256,-6.09419,234.69231026,,0.052993,-19.8135,0.0749591220104568,6628267086.082738
160677,161170,,,1037414,13515083-0602398,,G,207.961823,-6.044412,196.745229122,,0.044586,-20.6415,0.0749639192770553,14210193769.96011
160742,161235,,,1039361,13370251-0552417,,G,204.260468,-5.878256,244.90552944900003,,0.055175,-20.447,0.0749864285649232,11879550279.416513
160989,161482,,,1049266,13472374-0506174,,G,206.848953,-5.10486,233.00627994200002,,0.052629,-19.8638,0.07507664492923702,6942565726.746554
160993,161486,,,1049476,13595987-0505231,,G,209.999481,-5.089756,233.057218814,,0.052631,-19.8493,0.07507770106624014,6850464182.980277
161040,161533,,,1051684,13501632-0455190,,G,207.568039,-4.921971,204.97593563900003,,0.046711,-20.4465,0.07509537152632212,11874080803.82956
161257,161750,,,1060373,13523962-0417067,,G,208.1651,-4.285196,89.92972298299999,,0.019965,-18.7105,0.07517518948611339,2399937876.8098817
183285,183778,,,3092857,13513750-0552376,,G,207.90625,-5.877129,129.76919795700002,,0.029355000000000006,-19.7509,0.08407133374838502,6256911324.175081
183307,183800,,,3092956,13260977-0647270,,G,201.540726,-6.790836,119.20544566,,0.02715,-19.3655,0.08407767136586956,4387326951.325304
183320,183813,,,3093053,13243652-0756288,,G,201.152191,-7.941356,251.74417908599997,,0.056636,-20.6848,0.08408262345502816,14788359514.272854
226595,227088,,,,13411740-0243030,,G,205.322525,-2.7175130000000003,176.90462295400002,,0.039657,-20.1107,0.09881191422154996,8715253019.892483
227445,227938,,,,13204331-0127027,,G,200.180496,-1.450755,146.94823109700002,,0.032989,-20.3478,0.099084313356087,10842264554.76976
231622,232115,,,,13254007-0348573,,G,201.416992,-3.815936,149.405759518,,0.033497000000000006,-19.9868,0.1005605017094684,7775350940.058388
231623,232116,,,,13273603-0245186,,G,201.900146,-2.75519,235.29003821900002,,0.053139,-20.278,0.10056087745043632,10167168004.66378
231624,232117,,,,13291996-0341426,,G,202.333206,-3.695178,130.177097471,,0.029743,-19.4367,0.10056105057892976,4684680749.111337
233855,234348,,,,13315537-0159434,,G,202.980743,-1.995392,80.7807505366,,0.017439,-19.2575,0.1012995254042846,3971915494.6944213
236574,237067,,,,13370390-0449307,,G,204.266281,-4.825201,242.717326965,,0.054709,-19.6545,0.1022217591084785,5725323093.941775
238352,238845,,,,13223559-0959144,,G,200.6483,-9.987352,195.129077794,,0.04409,-19.5986,0.10280808688060822,5438009976.462061
238353,238846,,,,13263662-0928295,,G,201.652618,-9.474865,51.996378295,,0.012692,-18.0719,0.10280813613540707,1332784704.5704176
239166,239659,,,,13490469-0718357,,G,207.269577,-7.309928999999999,255.527706117,,0.057439,-19.7622,0.10309726973520912,6322371336.632834
240440,240933,,,,13321286-0847364,,G,203.053604,-8.793467999999999,202.86925633400003,,0.046082,-19.6541,0.10353866405306464,5723214195.461704
240441,240934,,,,13322810-0657424,,G,203.117111,-6.961797,237.176600288,,0.053523,-19.5684,0.103538859508859,5288834778.369026
240443,240936,,,,13351751-0641331,,G,203.822983,-6.692551,157.812215944,,0.035578,-20.2177,0.1035395310099826,9617894302.272495
240444,240937,,,,13355154-0714238,,G,203.964783,-7.239945,236.01301617,,0.053270000000000005,-20.5327,0.10354000609195382,12855234403.034971
240445,240938,,,,13363804-0824515,,G,204.158508,-8.414332,109.502265217,,0.025008,-18.5891,0.1035400854020634,2146050809.3662267
240447,240940,,,,13373179-0833370,,G,204.382477,-8.560305,250.128625997,,0.056284,-20.0128,0.1035405280101534,7963793677.706709
241036,241529,,,,13502759-0957536,,G,207.61496,-9.964896,151.982633031,,0.034844,-19.086,0.103741386981093,3391563869.0582194
241037,241530,,,,13501153-0716076,,G,207.548065,-7.268799,216.151839835,,0.049010000000000005,-20.0168,0.10374168237977263,7993187490.033027
241038,241531,,,,13511477-0942244,,G,207.811569,-9.7068,219.53056001099998,,0.049693,-19.2785,0.10374183203384862,4049486915.186357
241039,241532,,,,13535230-0737025,,G,208.467957,-7.617367,175.425892775,,0.039224,-19.3355,0.10374198975449556,4267760111.703541
241040,241533,,,,13543536-0838466,,G,208.647354,-8.6463,110.51747962299999,,0.025256,-19.7702,0.10374222513394886,6369128337.823959
241041,241534,,,,13551697-0935072,,G,208.820724,-9.585348,188.74114614200002,,0.042117,-20.6593,0.10374275897079957,14445081616.341959
241043,241536,,,,13561918-0922320,,G,209.079941,-9.375575,127.802191075,,0.028662,-18.5527,0.10374317451689104,2075295765.8549829
241046,241539,,,,13565277-0933547,,G,209.219879,-9.565218,216.80149932900002,,0.049105,-20.1643,0.10374401998788964,9156299713.233377
241048,241541,,,,13581366-0916495,,G,209.556931,-9.280437,152.100020038,,0.034574,-20.0436,0.1037446065140586,8192944256.5317545
241050,241543,,,,13585112-0843054,,G,209.713013,-8.718174000000001,248.969818181,,0.056033000000000006,-19.8967,0.10374532251128517,7156159306.023803
241051,241544,,,,13591121-0827584,,G,209.796722,-8.466225999999999,118.589142449,,0.026504000000000003,-18.4862,0.10374539465002472,1952000839.0127454
267051,267544,,,1148794,13493441-0013208,,G,207.393387,-0.222465,134.860665925,,0.0306127653064,-18.0894,0.11196721169032184,1354440713.897742
269623,270168,46812.0,PGC046812,PGC046812,,,G,200.948,-1.54774,95.27694696530001,,0.0212786806393,-15.6249,0.11225595615645613,139945842.17526013
269628,270174,46977.0,PGC046977,PGC046977,,,G,201.417,-3.81586,88.090555741,,0.0194749897375,-20.1246,0.11225653726271828,8827546216.824636
269633,270179,47058.0,PGC047058,PGC047058,,,G,201.661,-3.26287,64.1116989772,,0.015084097542000003,-19.6047,0.11225711878833004,5468648376.774415
269640,270186,47278.0,PGC047278,PGC047278,,,G,202.194,-2.03921,48.066777693599995,,0.011836025918,-18.3892,0.11225961605956597,1785171726.9970672
269646,270193,47580.0,PGC047580,PGC047580,,,G,203.007,-2.51931,43.4376883583,,0.0105835852918,-16.3593,0.11226073043241487,275245355.877125
269647,270194,47584.0,PGC047584,PGC047584,,,G,202.981,-1.99575,92.2878491343,,0.0205189002595,-19.8157,0.11226097588553087,6641711393.52064
269655,270202,47976.0,PGC047976,PGC047976,,,G,203.987,-1.36826,59.4256419775,,0.0147451573726,-17.0599,0.11226147067271387,524759125.9222987
269656,270203,47990.0,PGC047990,PGC047990,,,G,204.019,-1.592,56.639569361499994,,0.014146027073,-18.2456,0.11226152847280857,1564011708.6796525
269658,270205,48018.0,PGC048018,PGC048018,,,G,204.08900000000003,-0.46063,48.489567836499994,,0.012026916013499998,-17.7982,0.11226173302046362,1035809762.6819444
269664,270212,48179.0,PGC048179,PGC048179,,,G,204.543,-9.80192,0.0642420094418,,0.00268758134379,-6.3891,0.11226197112294103,28290.45940731472
269668,270216,48244.0,PGC048244,PGC048244,,,G,204.689,-0.41676,50.1639177179,,0.0125038262519,-18.412,0.11226225872890967,1823055960.6810753
269669,270217,48255.0,PGC048255,PGC048255,,,G,204.706,-1.69379,46.3675415889,,0.011389985695,-17.1011,0.11226227887211362,545054588.4127792
269671,270219,48326.0,PGC048326,PGC048326,,,G,204.965,-0.75303,96.384793519,,0.0214949807475,-17.94,0.11226236485363256,1180320635.6517322
269675,270223,48457.0,PGC048457,PGC048457,,,G,205.355,-3.70248,98.0517814802,,0.022012421006200003,-18.9773,0.11226263988618718,3068456705.714781
269684,270232,48855.0,PGC048855,PGC048855,,,G,206.721,-1.52737,60.4716716196,,0.0151347075674,-16.1878,0.1122636695242228,235028213.8091541
269689,270237,49036.0,PGC049036,PGC049036,,,G,207.291,-7.23143,99.2893326593,,0.022664051332,-19.5045,0.11226425559791503,4986547955.557978
269702,270250,49498.0,PGC049498,PGC049498,,,G,208.895,-5.97317,14.144395008399998,,0.00392784196392,-15.3729,0.11226495076921404,110958352.56482396
269703,270251,49521.0,PGC049521,PGC049521,,,G,208.939,-6.00232,21.0371320611,,0.00531216265608,-17.2149,0.11226497313831604,605285123.3664259
270743,271361,91314.0,PGC091314,PGC091314,,,G,207.216,-7.50002,94.73646958040001,,0.0214229507115,-20.8026,0.11239488591219217,16483141998.825794
270843,271461,92962.0,PGC092962,PGC092962,,,G,205.17,-5.05956,93.9347971789,,0.0210306705153,-18.6741,0.11240603624798988,2320812206.45906
271139,271801,105099.0,PGC105099,PGC105099,,,G,202.074,-3.41125,90.8276218859,,0.0201824800912,-16.9811,0.11244064244404127,488022673.7659384
271140,271802,105108.0,PGC105108,PGC105108,,,G,202.117,-6.3931,58.1175529021,,0.0143329271665,-16.1215,0.11244065061529224,221105731.24506393
271141,271803,105120.0,PGC105120,PGC105120,,,G,200.108,-6.55328,98.0429120232,,0.0222129711065,-17.5671,0.11244068155587933,837220781.7678407
271181,271853,117913.0,PGC117913,PGC117913,,,G,200.723,-3.46505,59.478153114499996,,0.0143931971966,-16.8618,0.11244153255417837,437240115.145246
271187,271863,118217.0,PGC118217,PGC118217,,,G,202.951,-2.81664,92.19047797809999,,0.020515750257900003,-16.8734,0.11244164512051376,441936630.37315583
271220,271913,126045.0,PGC126045,PGC126045,,,G,201.111,-3.47295,34.5060377935,,0.00858396429198,-15.3695,0.11244237851512183,110611428.22180808
271221,271914,126052.0,PGC126052,PGC126052,,,G,200.292,-3.7415,101.055628294,,0.022829951415,-17.1628,0.11244239983616992,576925851.8748589
271224,271919,126079.0,PGC126079,PGC126079,,,G,205.455,-3.84675,92.1329419991,,0.0205126002563,-17.5221,0.1124424751988917,803230146.7463285
271225,271920,126082.0,PGC126082,PGC126082,,,G,203.198,-3.5717,96.30944671200001,,0.0215953607977,-18.1583,0.11244252853343123,1443178332.9530602
271226,271922,126156.0,PGC126156,PGC126156,,,G,208.548,-3.44085,55.8790143459,,0.0139904169952,-16.6762,0.11244254215316282,368536069.7484784
271560,272262,135830.0,PGC135830,PGC135830,,,G,203.112,-1.37022,49.5315591698,,0.0122877361439,-16.1544,0.11245774878234742,227908225.65334916
271561,272263,135831.0,PGC135831,PGC135831,,,G,203.565,-0.28824,49.30045666189999,,0.0122623261312,-16.0243,0.1124577562538603,202171531.03758863
271564,272266,135838.0,PGC135838,PGC135838,,,G,209.931,-0.5256,54.817201712700005,,0.013771596885799998,-15.8846,0.1124577810489395,177762438.83600694
271644,272349,140186.0,PGC140186,PGC140186,,,G,202.817,-1.6438700000000002,91.9691919408,,0.0204277602139,-16.8982,0.11247228473079597,452147360.59959465
272036,272753,170281.0,PGC170281,PGC170281,,,G,205.087,-9.27589,95.74219161959999,,0.0218242609121,-19.8055,0.11252396849440054,6579607697.293394
272063,272780,184042.0,PGC184042,PGC184042,,,G,205.922,-8.1691,97.56843505020001,,0.0222505611253,-19.0965,0.11252538861162166,3424522310.891527
274332,275064,990590.0,PGC990590,PGC990590,,,G,201.652,-9.47458,13.0123592756,,0.00394401197201,-15.0818,0.11259270931438288,84863316.46024486
274374,275106,994586.0,PGC994586,PGC994586,,,G,203.502,-9.1504,39.6895138829,,0.00979545489773,-17.3334,0.11259402880436233,675087396.4501367
274375,275107,994601.0,PGC994601,PGC994601,,,G,205.321,-9.14979,98.1759566838,,0.022497941249,-19.17,0.11259416422615225,3664375746.478348
274408,275140,998707.0,PGC998707,PGC998707,,,G,203.755,-8.824580000000003,92.12409041030001,,0.0207921103961,-18.9319,0.1125951904874662,2942794935.786686
274452,275184,1002867.0,PGC1002867,PGC1002867,,,G,204.295,-8.50408,87.2553554368,,0.0195003997502,-18.194000000000006,0.1125966288502664,1491420128.0944061
274516,275248,1014890.0,PGC1014890,PGC1014890,,,G,201.662,-7.67733,87.1139695473,,0.0193775496888,-18.1304,0.11259850441236224,1406565626.6131227
274542,275274,1019587.0,PGC1019587,PGC1019587,,,G,202.056,-7.40135,60.4716716196,,0.0148591874296,-17.3778,0.11259956534363826,703266612.7863245
274560,275292,1023628.0,PGC1023628,PGC1023628,,,G,207.368,-7.1582,97.5994732607,,0.022194071097,-19.1472,0.11260028601368274,3588227745.495587
274567,275299,1025970.0,PGC1025970,PGC1025970,,,G,207.453,-6.993289999999999,99.74633783450001,,0.0227642213821,-18.1445,0.11260047480935285,1424951228.1888196
274572,275304,1027288.0,PGC1027288,PGC1027288,,,G,207.405,-6.8947,97.9586535157,,0.0222631611316,-19.2052,0.11260087149266072,3785123028.3850226
274604,275337,1032499.0,PGC1032499,PGC1032499,,,G,209.995,-6.46881,34.861713017199996,,0.00846888423444,-16.6317,0.11260236229130095,353736602.27478534
274634,275367,1036567.0,PGC1036567,PGC1036567,,,G,200.41,-6.11685,89.9783705341,,0.0200569000285,-16.2607,0.11260309904282442,251350642.67089155
274642,275375,1037866.0,PGC1037866,PGC1037866,,,G,205.123,-6.00694,94.0322263251,,0.0211092105546,-17.5864,0.11260352344574233,852236244.0346321
274653,275386,1040180.0,PGC1040180,PGC1040180,,,G,201.847,-5.80631,28.6093550931,,0.00702723351362,-14.0425,0.11260371280331392,32583670.10020087
274694,275427,1045718.0,PGC1045718,PGC1045718,,,G,206.478,-5.3622,59.381883438100004,,0.0147926173963,-16.6383,0.1126046659471266,355893453.97065467
274698,275431,1046235.0,PGC1046235,PGC1046235,,,G,203.044,-5.32613,91.97804306100001,,0.0205501902751,-16.7084,0.11260476619198158,379629541.1390724
274703,275436,1047381.0,PGC1047381,PGC1047381,,,G,204.268,-5.23884,97.51522745129999,,0.0219811309906,-18.7154,0.11260492136595993,2410793434.223709
274718,275451,1050447.0,PGC1050447,PGC1050447,,,G,200.93400000000003,-5.0148,32.884389803699996,,0.008187274093640002,-14.4549,0.11260530758493738,47638710.79106228
274734,275467,1053139.0,PGC1053139,PGC1053139,,,G,205.477,-4.81025,94.7408993183,,0.021222190611099995,-18.0827,0.11260580197326513,1346108293.5303972
274740,275473,1054048.0,PGC1054048,PGC1054048,,,G,201.933,-4.74895,93.2307464218,,0.0208549004275,-16.6578,0.11260585721229653,362343103.6855008
274759,275492,1057028.0,PGC1057028,PGC1057028,,,G,205.393,-4.52562,100.048088829,,0.0225731212866,-18.111,0.11260658928543163,1381656231.1673274
274774,275507,1059743.0,PGC1059743,PGC1059743,,,G,204.056,-4.33018,97.12950114280001,,0.0218305609153,-16.4868,0.11260717597846205,309542296.28071165
274776,275509,1060421.0,PGC1060421,PGC1060421,,,G,205.412,-4.2805800000000005,55.997018117399996,,0.0139778169889,-15.5608,0.11260722132713676,131922842.395536
274789,275522,1062238.0,PGC1062238,PGC1062238,,,G,209.536,-4.14506,57.702065491999996,,0.014444017222,-15.765999999999998,0.1126075535160478,159367588.102877
274791,275524,1062310.0,PGC1062310,PGC1062310,,,G,208.344,-4.14037,60.98388505720001,,0.0152012776006,-16.6461,0.11260758981431895,358459421.8561969
274793,275526,1062572.0,PGC1062572,PGC1062572,,,G,201.279,-4.12215,87.8916768239,,0.0194310997155,-16.6697,0.11260763202677435,366336338.191184
274804,275537,1063855.0,PGC1063855,PGC1063855,,,G,209.03,-4.0286,43.237542773,,0.0105325552663,-15.4493,0.11260805890473286,119047423.34500995
274810,275543,1064358.0,PGC1064358,PGC1064358,,,G,202.61900000000003,-3.99141,90.743570386,,0.0201795400898,-16.7891,0.11260816472410085,408921551.60005885
274818,275551,1065046.0,PGC1065046,PGC1065046,,,G,202.942,-3.9361,69.49043324520001,,0.0155906177953,-16.2396,0.11260831512033705,246513098.21031487
274824,275557,1065851.0,PGC1065851,PGC1065851,,,G,201.546,-3.86817,89.7616740396,,0.019921869960900004,-17.0855,0.11260839113584414,537279165.6065097
274825,275558,1066257.0,PGC1066257,PGC1066257,,,G,206.013,-3.835,55.38520007010001,,0.013838376919200002,-16.167,0.1126083996568046,230568513.6947296
274829,275562,1066517.0,PGC1066517,PGC1066517,,,G,201.334,-3.81526,89.0011523723,,0.0197173298587,-17.297,0.112608569366524,652829844.1586143
274839,275572,1068018.0,PGC1068018,PGC1068018,,,G,202.333,-3.69486,90.8807082888,,0.0202047401024,-18.2524,0.11260887406422522,1573837901.9628868
274856,275589,1070762.0,PGC1070762,PGC1070762,,,G,203.709,-3.47744,95.32568342450001,,0.021332020666,-16.366,0.1126090751140077,276949126.6809689
274873,275606,1073645.0,PGC1073645,PGC1073645,,,G,203.635,-3.27199,96.43354836479999,,0.021607960804,-18.0311,0.11260946522375992,1283630418.1257493
274875,275608,1073842.0,PGC1073842,PGC1073842,,,G,200.761,-3.26138,98.3844054108,,0.0221407310704,-17.7146,0.11260950112147415,959047240.3622123
274896,275629,1076577.0,PGC1076577,PGC1076577,,,G,204.257,-3.09691,96.761556534,,0.021673900837,-17.5485,0.112610160968703,823000312.2773447
274920,275653,1079775.0,PGC1079775,PGC1079775,,,G,201.14,-2.92681,90.2968108721,,0.0200287600144,-17.8384,0.11261076014260295,1074880044.1501648
274940,275673,1082078.0,PGC1082078,PGC1082078,,,G,202.923,-2.82141,90.4073885508,,0.0200537500269,-18.551,0.11261153911290515,2072048897.7590032
274942,275675,1082344.0,PGC1082344,PGC1082344,,,G,202.908,-2.81,85.3869647635,,0.0187227693614,-16.897000000000002,0.11261156452277922,451647904.92911184
274954,275687,1084059.0,PGC1084059,PGC1084059,,,G,201.72,-2.7389,89.973947996,,0.0199405599703,-17.3406,0.11261192701445462,679579078.1453582
274958,275691,1084590.0,PGC1084590,PGC1084590,,,G,203.001,-2.71543,88.3645889094,,0.0195192997596,-17.8814,0.11261199909589074,1118304313.3627498
274959,275692,1084630.0,PGC1084630,PGC1084630,,,G,200.254,-2.71417,41.6108035103,,0.0101434250717,-15.586,0.11261200408575292,135020589.56622386
274960,275693,1084759.0,PGC1084759,PGC1084759,,,G,202.904,-2.70895,90.1773916784,,0.0199909599955,-17.1955,0.11261202605871215,594565903.2958372
274969,275702,1086292.0,PGC1086292,PGC1086292,,,G,209.223,-2.64785,49.4269066266,,0.0121986960993,-15.8398,0.11261213071603557,170576814.59567615
274973,275706,1086962.0,PGC1086962,PGC1086962,,,G,202.787,-2.62167,90.43835105059999,,0.0200569000285,-17.3118,0.1126122294616887,661789694.5456295
274975,275708,1088199.0,PGC1088199,PGC1088199,,,G,201.717,-2.57694,48.8252300189,,0.0120204060102,-16.3432,0.11261229510114215,271193952.04011905
274979,275712,1088771.0,PGC1088771,PGC1088771,,,G,207.898,-2.55436,56.4778250501,,0.014174587087299998,-15.1494,0.11261234895817698,90315023.65255484
274985,275718,1090402.0,PGC1090402,PGC1090402,,,G,202.945,-2.4967200000000003,43.0461125641,,0.0104911852456,-18.0097,0.11261247210707495,1258577605.90117
274990,275723,1091121.0,PGC1091121,PGC1091121,,,G,207.705,-2.47021,96.7172289666,,0.0215514707757,-16.5275,0.11261256131119207,321366053.8640315
274995,275728,1092033.0,PGC1092033,PGC1092033,,,G,207.553,-2.43653,102.303323403,,0.0229204614602,-18.0994,0.11261267084785175,1366973199.5210595
275005,275738,1094491.0,PGC1094491,PGC1094491,,,G,201.979,-2.3509,46.5504868505,,0.0113931356966,-14.9796,0.1126127940436806,77239597.14791863
275006,275739,1094760.0,PGC1094760,PGC1094760,,,G,207.738,-2.34208,102.218943058,,0.022889381444700003,-17.9677,0.1126128387911572,1210821154.5081165
275014,275747,1095708.0,PGC1095708,PGC1095708,,,G,202.05900000000003,-2.3082700000000003,48.6944477818,,0.0120012960006,-15.4774,0.11261304172440242,122168713.34396322
275017,275750,1096393.0,PGC1096393,PGC1096393,,,G,203.499,-2.2844900000000004,93.9879399482,,0.0209552804776,-16.9654,0.11261316632567545,481016528.84809816
275019,275752,1096664.0,PGC1096664,PGC1096664,,,G,203.389,-2.27581,96.0568273999,,0.0214823807412,-16.6126,0.11261318573632464,347568172.18071723
275029,275762,1097845.0,PGC1097845,PGC1097845,,,G,207.93,-2.23665,101.61502779899999,,0.022735871367900003,-17.4548,0.11261333009835392,754953147.3470197
275034,275767,1099161.0,PGC1099161,PGC1099161,,,G,207.443,-2.19246,45.0959661129,,0.0110365555183,-15.9107,0.11261347884217834,182087444.13875285
275048,275781,1102278.0,PGC1102278,PGC1102278,,,G,201.399,-2.08027,42.210934020799996,,0.0102931551466,-15.9771,0.11261373867435735,193570869.11287212
275059,275792,1104187.0,PGC1104187,PGC1104187,,,G,207.482,-2.00543,99.70196529360001,,0.0222694611347,-17.8235,0.11261390923012347,1060229783.3345972
275065,275798,1105521.0,PGC1105521,PGC1105521,,,G,202.678,-1.95603,92.9739649737,,0.0206946703473,-17.1118,0.11261402898860502,550452692.0121574
275066,275799,1105663.0,PGC1105663,PGC1105663,,,G,202.627,-1.95057,96.21194194739999,,0.0215201807601,-16.9261,0.1126140461332521,463916693.0948563
275068,275801,1105991.0,PGC1105991,PGC1105991,,,G,203.062,-1.93754,98.4598053941,,0.0220781510391,-16.8263,0.11261408824312702,423174997.1967019
275081,275814,1108920.0,PGC1108920,PGC1108920,,,G,200.822,-1.82877,41.8586678825,,0.0102135651068,-17.9689,0.1126143604532794,1212160143.319887
275085,275818,1110338.0,PGC1110338,PGC1110338,,,G,204.726,-1.7779200000000002,96.194214156,,0.0214762907381,-18.9957,0.11261456220659735,3120901054.871489
275096,275829,1112567.0,PGC1112567,PGC1112567,,,G,203.079,-1.69445,97.61277545120001,,0.021858700929400003,-18.4975,0.11261476056778605,1972422736.1148531
275098,275831,1112642.0,PGC1112642,PGC1112642,,,G,202.615,-1.69142,91.8762567938,,0.020405920203,-17.276,0.11261478700671525,640324324.4689469
275102,275835,1114098.0,PGC1114098,PGC1114098,,,G,207.63,-1.63287,33.4349500358,,0.00811986405993,-14.890999999999998,0.11261490170379727,71186886.72622809
275103,275836,1114111.0,PGC1114111,PGC1114111,,,G,202.75,-1.63201,52.6991373189,,0.013123956562,-16.249000000000002,0.11261491089322676,248656605.13079444
275104,275837,1114261.0,PGC1114261,PGC1114261,,,G,205.038,-1.62618,88.20104988879999,,0.0194562997281,-16.6474,0.11261492415643384,358888878.2354816
275106,275839,1114282.0,PGC1114282,PGC1114282,,,G,204.483,-1.62479,96.0656908677,,0.021445000722500003,-17.3928,0.11261495151647212,713050025.9125234
275113,275846,1115692.0,PGC1115692,PGC1115692,,,G,202.797,-1.5652,92.48702749540001,,0.0205596402798,-16.5804,0.1126150811483714,337411592.7880814
275119,275852,1116513.0,PGC1116513,PGC1116513,,,G,202.612,-1.53004,52.1971487308,,0.0129966964983,-15.6982,0.11261520719707414,149720062.59073776
275139,275872,1120918.0,PGC1120918,PGC1120918,,,G,202.594,-1.3445200000000002,89.3858100863,,0.019751979876,-16.5463,0.11261558170377295,326979104.43181974
275140,275873,1121260.0,PGC1121260,PGC1121260,,,G,202.527,-1.3302,88.3601688153,,0.0194781397391,-16.3813,0.11261559208404055,280879471.9566587
275143,275876,1122343.0,PGC1122343,PGC1122343,,,G,202.779,-1.28557,91.9514897805,,0.0204151602076,-16.5378,0.11261561368936775,324429248.0798792
275145,275878,1122490.0,PGC1122490,PGC1122490,,,G,204.88,-1.27927,95.97262578959999,,0.0214072007036,-16.8907,0.11261564782803228,449034800.06262434
275156,275889,1124061.0,PGC1124061,PGC1124061,,,G,203.979,-1.2155,58.5374756783,,0.014574007287,-15.0672,0.11261586270615087,83729789.62027068
275159,275892,1124625.0,PGC1124625,PGC1124625,,,G,200.038,-1.19128,54.1794318118,,0.013330176665100002,-16.9492,0.11261590086492362,473892679.5567907
275166,275899,1125057.0,PGC1125057,PGC1125057,,,G,204.362,-1.16975,95.79536713110001,,0.0213694006847,-17.2167,0.1126160126088558,606289434.4020697
275176,275909,1125757.0,PGC1125757,PGC1125757,,,G,204.357,-1.14168,58.7955840449,,0.0146596873298,-16.5067,0.11261620751792582,315268078.6296456
275181,275914,1126264.0,PGC1126264,PGC1126264,,,G,202.385,-1.1219,53.0833280133,,0.0132253866127,-14.6948,0.11261627567189662,59418269.60365351
275220,275953,1130771.0,PGC1130771,PGC1130771,,,G,202.33900000000003,-0.94415,53.0178372674,,0.0132127866064,-16.0021,0.11261693495070138,198079713.87289703
275249,275982,1133677.0,PGC1133677,PGC1133677,,,G,201.304,-0.8286,70.4742635434,,0.0155085077543,-15.6602,0.11261743521628367,144570605.51163828
275258,275991,1134909.0,PGC1134909,PGC1134909,,,G,202.34,-0.7797,69.854938158,,0.0155244677622,-17.721,0.11261754301788456,964717151.8961656
275268,276001,1135865.0,PGC1135865,PGC1135865,,,G,203.59,-0.74159,94.28910050120001,,0.0209962304981,-17.4623,0.11261787142125575,760186232.5630567
275299,276032,1138997.0,PGC1138997,PGC1138997,,,G,202.486,-0.6136,76.1730449874,,0.0162802581401,-17.199,0.11261850420018653,596485649.9193791
275316,276049,1140659.0,PGC1140659,PGC1140659,,,G,200.571,-0.5486300000000001,81.2172330245,,0.0174995187498,-15.7282,0.11261872978318845,153914664.49979365
275322,276055,1141131.0,PGC1141131,PGC1141131,,,G,206.315,-0.52788,98.8235265535,,0.0220374110187,-17.8643,0.11261882725798812,1100829349.791815
275334,276067,1142122.0,PGC1142122,PGC1142122,,,G,204.107,-0.4872,49.4094649144,,0.0122877361439,-14.8391,0.11261895906814055,67864085.32045116
275344,276077,1143079.0,PGC1143079,PGC1143079,,,G,203.753,-0.4476100000000001,95.12188179649999,,0.0211972005986,-17.3414,0.112619124431629,680079995.0368527
275387,276120,1147270.0,PGC1147270,PGC1147270,,,G,200.661,-0.28181,56.049465816499996,,0.0138064569032,-17.9529,0.11261974213068555,1194428066.9770775
275396,276129,1149241.0,PGC1149241,PGC1149241,,,G,204.586,-0.20541,47.71377484560001,,0.0118135559068,-15.5432,0.112619944797631,129801586.30230378
275425,276158,1153672.0,PGC1153672,PGC1153672,,,G,202.56,-0.02958,77.383728245,,0.016495088247499998,-16.9532,0.11262034313704622,475641784.70057434
279273,280145,3084929.0,PGC3084929,PGC3084929,,,G,204.678,-0.25329,87.1360606404,,0.0191383595692,-17.000999999999998,0.11273132632843835,497049910.57623565
279311,280187,3092753.0,PGC3092753,PGC3092753,,,G,205.759,-4.54325,98.8323983626,,0.0222631611316,-18.1345,0.11273247394937633,1411887196.8036554
279493,280401,3109684.0,PGC3109684,PGC3109684,,,G,200.565,-0.63194,99.5289187671,,0.0223318311659,-16.3997,0.11274151610985175,285680107.10031533
279502,280410,3111015.0,PGC3111015,PGC3111015,,,G,202.212,-0.36539,94.18280500969999,,0.020964730482400003,-16.8499,0.1127416490657384,432473996.8734744
279515,280423,3112574.0,PGC3112574,PGC3112574,,,G,202.156,-0.0667,78.7006472375,,0.016811138405599998,-16.2599,0.11274186473872227,251165508.8873357
280761,281670,3272811.0,PGC3272811,PGC3272811,,,G,203.115,-2.9936,31.042759257600004,,0.00755622377811,-13.4498,0.1127511503114588,18876436.00267234
280762,281671,3272846.0,PGC3272846,PGC3272846,,,G,203.008,-3.8231,93.0226631741,,0.0207606103803,-16.0829,0.1127511581973095,213383090.07090968
280763,281672,3272921.0,PGC3272921,PGC3272921,,,G,202.633,-3.047,47.9360307283,,0.011765885882899998,-14.5233,0.11275116007234093,50736441.049387395
280764,281673,3272922.0,PGC3272922,PGC3272922,,,G,202.631,-3.5447300000000004,96.33160733700001,,0.021607960804,-16.1488,0.11275116845165654,226735749.041212
280765,281674,3272980.0,PGC3272980,PGC3272980,,,G,202.43,-3.6558,88.3248083038,,0.019537989769,-16.5404,0.112751180470109,325207086.03634524
280766,281675,3272986.0,PGC3272986,PGC3272986,,,G,202.389,-3.43407,90.3941190085,,0.0200695000348,-17.0407,0.11275119952333636,515560931.87003344
280767,281676,3272987.0,PGC3272987,PGC3272987,,,G,202.377,-3.6833,31.5496271142,,0.007732203866100002,-15.105,0.11275120272730715,86696187.57582161
280768,281677,3272998.0,PGC3272998,PGC3272998,,,G,202.342,-3.6999,92.2922751729,,0.0205722402861,-16.3158,0.11275121249987174,264435647.35235336
280769,281678,3272999.0,PGC3272999,PGC3272999,,,G,202.348,-3.7976,86.17746130409998,,0.0189682594841,-15.977,0.11275121965287713,193553041.39797416
280770,281679,3273059.0,PGC3273059,PGC3273059,,,G,202.139,-3.9982,92.9562567379,,0.0207543103772,-18.1314,0.11275127168224502,1407861718.2113981
280771,281680,3273126.0,PGC3273126,PGC3273126,,,G,201.853,-3.6659,50.0984947305,,0.012325956163,-14.6291,0.11275127374918828,55929379.35307822
280772,281681,3273158.0,PGC3273158,PGC3273158,,,G,201.715,-4.40677,61.1590219205,,0.0147894673947,-14.7423,0.11275127604326822,62075467.64604952
280773,281682,3273165.0,PGC3273165,PGC3273165,,,G,201.659,-3.634,89.39907504930002,,0.019817919909,-16.0567,0.11275128374110235,208295553.9165514
280774,281683,3273195.0,PGC3273195,PGC3273195,,,G,201.488,-3.2752,96.6950654335,,0.021702040851,-15.807,0.11275128985739916,165500762.87699896
280775,281684,3273256.0,PGC3273256,PGC3273256,,,G,201.246,-4.1817,13.9119233891,,0.00376992188496,-11.5469,0.11275128997830533,3271598.496997654
280776,281685,3273295.0,PGC3273295,PGC3273295,,,G,201.105,-4.0971,95.8042298099,,0.0215012807506,-17.8669,0.11275133075843008,1103468652.0647383
280777,281686,3273396.0,PGC3273396,PGC3273396,,,G,200.607,-4.0386,63.8531080242,,0.0149797274899,-15.8659,0.11275133721569418,174726991.834932
280778,281687,3273422.0,PGC3273422,PGC3273422,,,G,200.507,-4.1112,62.170648190600005,,0.0147894673947,-15.1279,0.1127513404879598,88544175.85473645
280779,281688,3273439.0,PGC3273439,PGC3273439,,,G,200.413,-4.0406,62.25825179,,0.0147894673947,-14.861,0.11275134304706742,69246846.4322636
280791,281700,3273731.0,PGC3273731,PGC3273731,,,G,203.117,-5.6123,94.0809421123,,0.0211092105546,-15.8875,0.11275142842143886,178237876.74480873
280792,281701,3273734.0,PGC3273734,PGC3273734,,,G,203.096,-4.5247,91.78774987370001,,0.0204685002343,-15.9839,0.11275143562004725,194787013.95587257
280793,281702,3273929.0,PGC3273929,PGC3273929,,,G,201.99400000000003,-6.1575,88.14801217549999,,0.0195883897942,-15.6461,0.11275144089390668,142705266.19341293
280794,281703,3273945.0,PGC3273945,PGC3273945,,,G,201.898,-4.7421,89.54941550870001,,0.0198935199468,-15.6803,0.11275144633653343,147271937.36199018
280795,281704,3273961.0,PGC3273961,PGC3273961,,,G,201.85,-5.8388,50.277321162700005,,0.0122908861454,-14.6369,0.11275144841837915,56332626.41951687
280796,281705,3273994.0,PGC3273994,PGC3273994,,,G,201.611,-5.3431,88.34248850590002,,0.0196009898005,-16.8308,0.11275146412231635,424932550.4976633
280797,281706,3274022.0,PGC3274022,PGC3274022,,,G,201.481,-5.957000000000002,85.7623134451,,0.0189306694653,-15.9565,0.11275147114153145,189932812.8218484
280798,281707,3274023.0,PGC3274023,PGC3274023,,,G,201.499,-6.335,56.0844314889,,0.0138064569032,-14.7642,0.11275147348235433,63340283.08197881
280799,281708,3274058.0,PGC3274058,PGC3274058,,,G,201.272,-5.9861,51.751981395,,0.0126661563331,-14.5496,0.11275147540335954,51980445.82135394
280800,281709,3274105.0,PGC3274105,PGC3274105,,,G,200.977,-6.3249,36.1633521582,,0.00912429456215,-14.2013,0.11275147679718553,37715511.32463059
280801,281710,3274108.0,PGC3274108,PGC3274108,,,G,200.941,-4.4858,59.8194991634,,0.014497987249,-15.1942,0.11275148027549765,94119584.22406095
280802,281711,3274160.0,PGC3274160,PGC3274160,,,G,200.584,-5.5710000000000015,87.9800657793,,0.0195003997502,-16.5619,0.1127514925343143,331711096.5664924
280803,281712,3274168.0,PGC3274168,PGC3274168,,,G,200.53,-4.85677,71.7352891544,,0.015631987816,-15.4287,0.1127514968511801,116809993.5632702
280804,281713,3274206.0,PGC3274206,PGC3274206,,,G,200.219,-5.6686,61.6012904762,,0.014764057382,-14.9479,0.11275149962353324,75017053.14661857
280805,281714,3274211.0,PGC3274211,PGC3274211,,,G,200.179,-4.5228,55.0356491255,,0.0134477767239,-14.5532,0.11275150155091858,52153084.60988109
280806,281715,3274227.0,PGC3274227,PGC3274227,,,G,200.123,-5.9896,25.888389831799998,,0.00643986321993,-13.0855,0.11275150204967505,13495842.460197788
280807,281716,3274509.0,PGC3274509,PGC3274509,,,G,206.854,-4.4595,60.7168220975,,0.0150937575469,-15.7665,0.11275150794202525,159440996.49102056
280808,281717,3274586.0,PGC3274586,PGC3274586,,,G,206.582,-3.3799,99.68421646430001,,0.0223790811895,-16.7731,0.11275152283318593,402939645.48711497
280809,281718,3274667.0,PGC3274667,PGC3274667,,,G,206.329,-3.6106,55.459485208400004,,0.0138669369335,-14.7499,0.11275152514338045,62511511.48943687
280810,281719,3274707.0,PGC3274707,PGC3274707,,,G,206.165,-5.0408,91.0620941042,,0.0202832801416,-16.4367,0.11275153606704988,295583372.51967764
280811,281720,3274747.0,PGC3274747,PGC3274747,,,G,206.009,-5.0069,99.0320211323,,0.0223509411755,-16.1389,0.11275154437030822,224677715.8286444
280812,281721,3274824.0,PGC3274824,PGC3274824,,,G,205.725,-4.3817,99.253840078,,0.0223601811801,-18.1037,0.1127515950890592,1372397758.2998786
280813,281722,3274866.0,PGC3274866,PGC3274866,,,G,205.57,-4.7599,98.7525530432,,0.02226001113,-16.6327,0.11275160817390326,354062555.80979306
280814,281723,3274905.0,PGC3274905,PGC3274905,,,G,205.48,-5.9313,94.06322718690001,,0.021112360556200003,-17.2971,0.11275163230230467,652889974.7783889
280815,281724,3274949.0,PGC3274949,PGC3274949,,,G,205.319,-3.01637,95.9238785921,,0.0214384907192,-16.2696,0.11275164166775252,253419482.661856
280816,281725,3274973.0,PGC3274973,PGC3274973,,,G,205.211,-4.1926,94.8826544624,,0.0212314306157,-16.6559,0.11275165503520194,361709570.5473666
280817,281726,3274984.0,PGC3274984,PGC3274984,,,G,205.185,-5.7455,95.8839951232,,0.0215829707915,-17.2887,0.11275167897764975,647858259.6063766
280818,281727,3274990.0,PGC3274990,PGC3274990,,,G,205.155,-4.2351,99.27602289120001,,0.0223601811801,-17.2042,0.11275170112738553,599349296.6359751
280819,281728,3275015.0,PGC3275015,PGC3275015,,,G,205.097,-4.9419,101.26872036600001,,0.0229112214556,-16.5974,0.11275171379364995,342736217.9204365
280820,281729,3275065.0,PGC3275065,PGC3275065,,,G,204.887,-3.00037,97.39108013,,0.0218150209075,-16.2826,0.11275172327190848,256472024.51039007
280821,281730,3275197.0,PGC3275197,PGC3275197,,,G,204.113,-4.2709,96.6330084301,,0.0216988908494,-15.9056,0.11275172996965255,181234135.27794763
280822,281731,3275340.0,PGC3275340,PGC3275340,,,G,203.472,-3.1504,96.1188722361,,0.0215264807632,-16.544,0.11275174202802099,326287172.14308524
280823,281732,3275394.0,PGC3275394,PGC3275394,,,G,203.263,-4.7207,43.2592970346,,0.0105006352503,-14.1804,0.11275174339527295,36996445.46180752
280831,281740,3276067.0,PGC3276067,PGC3276067,,,G,209.83,-3.591,17.56919118,,0.00439509219755,-12.7138,0.11275177401510166,9583408.485172227
280832,281741,3276072.0,PGC3276072,PGC3276072,,,G,209.798,-2.79832,97.9364806252,,0.021833710916900003,-16.0747,0.11275178184161895,211777589.1294081
280833,281742,3276113.0,PGC3276113,PGC3276113,,,G,209.582,-4.70084,65.0849122347,,0.0159545479773,-15.0474,0.11275178488004416,82216692.20877774
280834,281743,3276150.0,PGC3276150,PGC3276150,,,G,209.358,-4.5312,101.450748695,,0.0229330614665,-15.9913,0.11275179212788335,196119148.9602248
280835,281744,3276168.0,PGC3276168,PGC3276168,,,G,209.231,-4.7094,44.769455878500004,,0.0109057254529,-15.3649,0.11275179619839075,110143785.86937344
280836,281745,3276174.0,PGC3276174,PGC3276174,,,G,209.179,-3.1274,49.361500763100004,,0.012169926085,-14.7469,0.11275179850221075,62339024.20976608
280837,281746,3276184.0,PGC3276184,PGC3276184,,,G,209.11900000000003,-3.0771,59.5394173345,,0.014932057466,-14.634,0.11275180057850336,56182362.8134229
280838,281747,3276206.0,PGC3276206,PGC3276206,,,G,208.907,-4.1957,46.946909157,,0.011485535742799998,-14.908,0.1127518032508239,72310272.80500624
280839,281748,3276222.0,PGC3276222,PGC3276222,,,G,208.825,-4.6476,55.5206626687,,0.0138604269302,-14.5223,0.11275180512412915,50689732.57360458
281200,282109,3299178.0,PGC3299178,PGC3299178,,,G,201.88,-1.26407,89.4477137627,,0.0197612198806,-15.8178,0.11275402276454895,167155241.75087446
281204,282113,3299791.0,PGC3299791,PGC3299791,,,G,202.912,-1.77032,97.0630017201,,0.0217272408636,-16.5953,0.11275405829905685,342073947.98149467
281205,282114,3299796.0,PGC3299796,PGC3299796,,,G,202.924,-2.5150200000000003,43.237542773,,0.0105357052679,-14.4693,0.11275406008311314,48274746.28953869
281206,282115,3299801.0,PGC3299801,PGC3299801,,,G,202.86900000000003,-1.61929,87.9579682893,,0.0193806996903,-15.8614,0.11275406651366952,174004307.72681507
281207,282116,3299821.0,PGC3299821,PGC3299821,,,G,202.81,-2.43514,42.0369698853,,0.0102551451276,-15.8982,0.11275407316591933,180003106.40153632
281208,282117,3299874.0,PGC3299874,PGC3299874,,,G,202.61,-2.65199,93.2041817801,,0.020773420386700003,-16.5572,0.11275408537178395,330278269.1694263
281209,282118,3299875.0,PGC3299875,PGC3299875,,,G,202.588,-1.55925,52.7122338683,,0.013123956562,-14.9896,0.1127540882526864,77954286.34093708
281210,282119,3299982.0,PGC3299982,PGC3299982,,,G,202.174,-2.16584,93.44770001059999,,0.0208236104118,-16.9828,0.11275410631646285,488787397.6347984
281211,282120,3300193.0,PGC3300193,PGC3300193,,,G,200.702,-2.1014,96.90340924190001,,0.0217175808588,-15.7717,0.1127541122371014,160206451.09358013
281212,282121,3300220.0,PGC3300220,PGC3300220,,,G,200.557,-1.8831,82.694706809,,0.0179505989753,-16.1874,0.11275412091967653,234941642.16337216
281213,282122,3300224.0,PGC3300224,PGC3300224,,,G,200.54,-2.22452,95.7909358017,,0.0214321907161,-16.3266,0.11275413078993556,267079158.9860091
281214,282123,3300296.0,PGC3300296,PGC3300296,,,G,200.011,-2.5981,10.956101345699999,,0.00330876165438,-11.3983,0.1127541308953763,2853119.749515454
281227,282136,3300948.0,PGC3300948,PGC3300948,,,G,208.11,-1.27374,58.9574605866,,0.0148528874264,-15.6727,0.1127542103419176,146244654.22548702
281228,282137,3301346.0,PGC3301346,PGC3301346,,,G,204.865,-0.28846,98.70819546780001,,0.0220437110219,-15.9418,0.1127542172667386,187378604.40390188
281230,282139,3301379.0,PGC3301379,PGC3301379,,,G,204.407,-0.3222,99.46680197959999,,0.0222316611158,-16.4384,0.11275423606437684,296046547.02437884
281231,282140,3301524.0,PGC3301524,PGC3301524,,,G,207.8,-2.28194,100.980161875,,0.0225886612943,-16.8812,0.11275425251447715,445122963.7780884
281232,282141,3301559.0,PGC3301559,PGC3301559,,,G,207.482,-2.01432,97.5595670502,,0.021745930873,-16.1863,0.11275426118826007,234703734.52618256
281233,282142,3301561.0,PGC3301561,PGC3301561,,,G,207.426,-2.1999,44.3733412049,,0.0108450354225,-14.7756,0.11275426355379055,64008846.37196975
281234,282143,3301732.0,PGC3301732,PGC3301732,,,G,205.948,-2.07096,97.86996295629999,,0.0218681509341,-16.6632,0.11275427701141952,364149736.4719743
281235,282144,3301905.0,PGC3301905,PGC3301905,,,G,204.271,-1.4195,43.57257715229999,,0.0106537253269,-14.3161,0.11275427856069466,41921807.55661587
281236,282145,3301925.0,PGC3301925,PGC3301925,,,G,204.012,-1.60877,57.2560309674,,0.0142854671427,-15.4991,0.1127542831667436,124634994.82727252
281237,282146,3301996.0,PGC3301996,PGC3301996,,,G,203.391,-2.00275,54.3017327,,0.0135397567699,-15.2441,0.11275428680864807,98546226.71079266
281245,282154,3303692.0,PGC3303692,PGC3303692,,,G,208.843,-0.8770600000000001,19.3112388089,,0.00462693231347,-12.8591,0.11275431756491824,10955696.68382731
281246,282155,3303773.0,PGC3303773,PGC3303773,,,G,208.562,-1.4416,101.752674087,,0.0226982813491,-15.9077,0.11275432427562948,181585012.39213
281247,282156,3303781.0,PGC3303781,PGC3303781,,,G,208.54,-1.8474,101.20656692200001,,0.022598321299200003,-15.916,0.11275433103783784,182978473.4295412
281250,282159,3303893.0,PGC3303893,PGC3303893,,,G,208.232,-1.092,20.0273524415,,0.004813412406709999,-14.9081,0.11275433886154552,72316933.13397016
281251,282160,3303899.0,PGC3303899,PGC3303899,,,G,208.223,-1.1325,13.5503403375,,0.0035571917786,-11.3798,0.11275433896520487,2804916.9055720544
281252,282161,3303900.0,PGC3303900,PGC3303900,,,G,208.223,-1.1079,19.1473355421,,0.00462042231021,-13.5105,0.1127543397029198,19961813.788275287
281253,282162,3303907.0,PGC3303907,PGC3303907,,,G,208.212,-1.12401,17.370909633,,0.00423402211701,-12.2991,0.11275433994464867,6540937.509354413
281685,282643,1033388.0,PGC1033388,PGC1033388,,,G,201.721,-6.39126,26.143501341100002,,0.006497823248909999,-15.2868,0.11276846084144475,102499087.71372886
285034,286206,47354.0,UGC08473,UGC08473,,,G,202.355,-0.39912,43.1200726832,,0.0105516652758,-17.7334,0.11347746913977275,975798171.5583508
285170,286346,49308.0,NGC5334,NGC5334,,,G,208.227,-1.11453,17.6597158031,,0.00429324214662,-18.9349,0.11350237249069245,2950937422.768748
286899,288156,3328003.0,SDSSJ132640.46-003719.7,SDSSJ132640.46-003719.7,,,G,201.669,-0.62208,78.1015728927,,0.016710128355100003,-17.2833,0.11396353811459635,644644081.877912
287065,288327,3405178.0,SDSSJ133145.97-024220.9,SDSSJ133145.97-024220.9,,,G,202.942,-2.70582,96.2739900596,,0.021557770778900004,-16.9575,0.11396625773147752,477529273.65769124
287221,288492,3483765.0,SDSSJ135204.18-020749.0,SDSSJ135204.18-020749.0,,,G,208.017,-2.13031,56.206814742,,0.0141174670587,-16.1789,0.11396881525742897,233109514.57330304
288109,289423,4003632.0,SDSSJ133004.20-014304.0,SDSSJ133004.20-014304.0,,,G,202.517,-1.7177099999999998,53.5942079529,,0.013333326666700002,-17.4856,0.11398172279296068,776676205.188738
288923,290243,4074745.0,SDSSJ134954.81-020046.3,SDSSJ134954.81-020046.3,,,G,207.478,-2.01294,100.23004185399999,,0.0223946211973,-16.925,0.11399030786312128,463446919.73628837
290155,292352,4583989.0,HCG064:[dRC97]01,HCG064:[dRC97]01,,,G,201.874,-3.57972,90.4737371663,,0.0200947000474,-21.2226,0.11401218377231935,24268336044.24511
290156,292353,4583990.0,HCG064:[dRC97]22,HCG064:[dRC97]22,,,G,201.125,-3.9352,88.2496686399,,0.0195192997596,-17.0586,0.1140122031422716,524131184.6070839
290170,292367,4584042.0,HCG064:[dRC97]08,HCG064:[dRC97]08,,,G,201.775,-3.61378,89.973947996,,0.019965759982900004,-18.1206,0.11401235756823785,1393926902.612906
290598,294051,,,1115944,,,G,201.394,-1.5530700000000002,194.332747853,,0.0442018721009,-19.0927,0.11405145583001453,3412557674.679604
290621,294074,,,1082681,,,G,209.696,-2.79418,110.84705350700001,,0.0248778724389,-17.7436,0.11405376414235432,985008549.4431133
290873,294326,,,3108953,,,G,209.429,-0.76258,131.593966408,,0.0297971248986,-18.3662,0.11407924798885155,1747752773.575257
290898,294351,,,1119517,,,G,209.499,-1.40167,133.186492123,,0.0302022151011,-18.1223,0.11408272943103301,1396111164.1875694
291848,295302,,,214177,,,G,208.231,-1.93761,111.118756715,,0.0248778724389,-18.7689,0.1141808268283104,2532561497.413709
291933,295387,,,126047,,,G,201.978,-2.77794,194.460879529,,0.0442018721009,-18.6142,0.11419064534333215,2196241026.261707
292226,295682,,,1094014,,,G,209.291,-2.37054,226.284621205,,0.0511894155947,-19.2633,0.11422111666943835,3993190231.2034
292433,295889,,,1137502,,,G,208.694,-0.67409,168.13795851700002,,0.0376347488174,-18.6683,0.11424125886550107,2308447489.1978045
292635,296091,,,1092528,,,G,207.53,-2.42052,108.500748605,,0.024322002161,-18.6372,0.1142696805694175,2243262001.94391
292637,296093,,,3303778,,,G,208.556,-1.46828,110.24137825,,0.0246542223271,-18.1217,0.11426979380809715,1395339857.7858765
292717,296173,,,1073235,,,G,207.921,-3.298,163.163376264,,0.036636618318300014,-19.0431,0.11427965753564473,3260168147.800155
292912,296368,,,1115995,,,G,209.112,-1.55115,112.143434414,,0.0251038325519,-17.5889,0.11429846702856652,854200851.4757457
292979,296435,,,1091909,,,G,207.78,-2.44145,114.50598983,,0.0256771328386,-18.0241,0.11430444667696255,1275381167.9969542
293514,296970,,,1143944,,,G,204.085,-0.4128600000000001,208.191383855,,0.0474661137331,-18.9023,0.11436584874364016,2863650417.417679
294029,297486,,,49568,,,G,209.101,-1.93236,111.07866779700001,,0.0248778724389,-19.3682,0.11441959052006773,4398250897.613411
294187,297644,,,1113452,,,G,202.638,-1.65963,159.93890099700002,,0.035985617992800006,-19.1598,0.1144392749587092,3630111794.804117
294211,297668,,,48328,,,G,204.969,-1.19846,230.49735516200002,,0.0521058560529,-19.8033,0.11444251819424055,6566289101.608983
294429,297886,,,49220,,,G,207.974,-2.1046,108.118035858,,0.0242123821062,-19.2195,0.11446325612221285,3835305824.568594
294616,298074,,,105416,,,G,209.174,-2.9112,160.224077983,,0.0361473180737,-17.9836,0.11449803445881387,1228683425.9636893
295038,298496,,,3301934,,,G,203.929,-2.25437,206.14690727299998,,0.0470456935228,-18.8609,0.11453376497976656,2756512714.3945622
295205,298663,,,1119246,,,G,208.779,-1.41203,110.24137825,,0.0246542223271,-17.3117,0.11454883336077976,661728744.2691218
296039,299509,,,105221,,,G,203.924,-3.10581,233.747286315,,0.0528034764017,-19.3537,0.1146637728513478,4339902771.936871
296040,299510,,,105292,,,G,207.813,-3.13669,161.414861293,,0.0363098581549,-18.8297,0.11466387183615688,2678428145.517729
296041,299511,,,105418,,,G,209.233,-2.80285,161.052597594,,0.0363098581549,-18.2048,0.1146639275045326,1506329564.4686525
296143,299614,,,1075143,,,G,209.247,-3.17615,110.24137825,,0.0247655223828,-18.5317,0.11467520704602957,2035541682.4686203
296160,299631,,,1100088,,,G,209.965,-2.16026,118.620401156,,0.0266215033108,-17.8308,0.11467760537389347,1067382307.9018363
296163,299634,,,1103193,,,G,204.191,-2.04224,237.09314241599998,,0.053509916755,-20.1546,0.11467815569699608,9074861383.360355
296168,299639,,,1109881,,,G,202.794,-1.79424,206.05964377400002,,0.0470456935228,-18.92,0.11467863037202508,2910717118.06662
296177,299648,,,1115539,,,G,204.078,-1.57208,219.710426176,,0.0498441549221,-18.9593,0.11467990158579952,3018005313.0893965
296274,299745,,,1149829,,,G,202.63,-0.18305,213.328938655,,0.0485329142665,-19.2452,0.1146910724351077,3927172699.316591
301315,304786,,,3110485,,,G,202.924,-0.46608,172.89773582599997,,0.0388325894163,-18.3089,0.11517859750000682,1657906369.2570088
301516,304987,,,3300013,,,G,202.008,-1.82818,154.58877112,,0.034717427358699995,-18.5959,0.11519972355325007,2159533771.1186533
301595,305067,,,126163,,,G,209.212,-2.91857,116.535713488,,0.0261450130725,-18.2123,0.11520828240435492,1516770942.191232
301623,305095,,,1093319,,,G,209.277,-2.39494,226.284621205,,0.0511894155947,-19.4333,0.115210703689716,4670033543.618853
301636,305108,,,1122443,,,G,208.573,-1.28159,108.38058929200001,,0.0242123821062,-18.1148,0.11521245686603422,1386500402.5343075
302481,305954,,,1094473,,,G,204.78,-2.35146,120.179284197,,0.0271061835531,-18.2991,0.11529401012075112,1643009217.9099398
302492,305965,,,1090439,,,G,201.486,-2.49542,131.53117970899999,,0.030066765033400007,-18.5551,0.11529504692692548,2079888243.0686245
302493,305966,,,1092432,,,G,208.962,-2.42378,115.041167754,,0.0257934728967,-18.1943,0.11529510205953512,1491832279.643142
302497,305970,,,3111697,,,G,208.261,-0.23844,142.817702468,,0.032455936228,-18.1839,0.1152954424543264,1477610606.9382248
302589,306062,,,105216,,,G,205.322,-2.71746,171.90703454299995,,0.0384865092433,-18.7765,0.11530561950615248,2550351260.275345
303703,307326,,,46570,,,G,200.18,-1.45164,159.74879754100002,,0.0358247579124,-20.1372,0.11558348906616428,8930586884.04063
303708,307332,,,46971,,,G,201.426,-3.84996,158.884426142,,0.0356643178322,-18.4054,0.11558437301571348,1812007537.911325
303713,307339,,,47326,,,G,202.32,-3.1541900000000003,190.82485031299998,,0.0432274716137,-17.7132,0.11558556676566525,957811396.099376
303738,307369,,,49040,,,G,207.301,-7.209589999999999,110.521933081,,0.0251038325519,-19.5572,0.11559274280921016,5234557804.244643
303747,307378,,,49566,,,G,209.076,-1.53913,113.623155884,,0.0254461327231,-18.8873,0.115596431995243,2824359660.718308
303748,307379,,,49574,,,G,209.115,-0.28806,132.172562172,,0.0299315249658,-18.8557,0.11559653337903945,2743342300.033293
306371,310594,,,105195,,,G,204.139,-3.04659,222.917392607,,0.0505123752562,-20.0607,0.11606343831793432,8323002019.298225
306372,310595,,,105203,,,G,204.517,-3.76201,239.32868343200002,,0.0539861969931,-19.135,0.1160635694438548,3548133892.335761
306373,310597,,,105228,,,G,205.176,-6.1756,239.356521229,,0.0539861969931,-18.5452,0.11606364561115284,2061009530.2905953
306375,310604,,,105300,,,G,208.15,-3.9539,206.52354518200002,,0.0470456935228,-18.4948,0.1160639189594209,1967523825.0412679
306376,310605,,,105302,,,G,208.192,-3.78857,109.564592959,,0.0246542223271,-17.7084,0.1160639542004474,953586293.3874445
306380,310613,,,105312,,,G,206.136,-3.10157,203.28681110099998,,0.0464217832109,-19.2305,0.1160647503734461,3874360247.280024
306386,310622,,,105422,,,G,209.536,-3.4679,115.48276171399999,,0.025910022955,-17.6426,0.11606553186217973,897511454.5538988
306387,310623,,,105427,,,G,209.803,-3.4922,110.677808306,,0.0248778724389,-17.3603,0.11606555743676206,692022157.2927531
306795,311318,,,117983,,,G,200.412,-6.8532,213.64656547799999,,0.0485329142665,-18.7585,0.11611831950322965,2508418528.252385
306798,311323,,,118150,,,G,204.316,-3.7729,235.971301615,,0.0532734566367,-18.9343,0.11611853922325704,2949307124.9933553
306799,311324,,,118157,,,G,204.419,-3.9035,233.761181771,,0.0528034764017,-18.3339,0.11611860192051535,1696523969.5183244
306800,311325,,,118170,,,G,204.626,-3.7378,239.32868343200002,,0.0539861969931,-18.775,0.11611869604195248,2546830252.5850444
306809,311341,,,118484,,,G,207.29,-3.73347,204.392904168,,0.0466288433144,-18.9323,0.11611967887654845,2943879301.242056
306814,311351,,,118932,,,G,209.694,-3.40701,112.843090713,,0.0253314726657,-17.1424,0.1161201460780497,566187138.8740535
306815,311352,,,118942,,,G,209.849,-3.21942,108.629814021,,0.0244322522161,-16.3997,0.11612015663573105,285680107.10031533
306816,311354,,,118997,,,G,209.113,-5.73284,219.98255021,,0.0498441549221,-18.4019,0.11612022338531296,1806175720.5772321
307051,311795,,,126062,,,G,200.041,-6.3632800000000005,168.029040602,,0.0376347488174,-18.2169,0.11614810362458156,1523210763.792716
307053,311797,,,126077,,,G,204.197,-3.5459,238.196810617,,0.0537474268737,-18.9647,0.11614831790505074,3033053004.8846297
307054,311798,,,126080,,,G,202.678,-3.22968,190.15755121799998,,0.0430349015175,-18.3656,0.11614838245985222,1746787196.5227888
307056,311801,,,126109,,,G,207.326,-3.76952,165.062486606,,0.0369665284833,-19.1782,0.1161486115162939,3692155639.2194624
307057,311802,,,126124,,,G,206.8,-2.6749,234.923974956,,0.0530378365189,-18.6546,0.11614869575827078,2279502117.669316
307060,311809,,,126157,,,G,208.634,-2.85009,165.642874956,,0.0371324285662,-18.1259,0.11614887967851245,1400747964.3578365
307061,311810,,,126159,,,G,208.771,-3.88496,228.415748243,,0.051645535822800015,-19.2136,0.116149020649113,3814520910.8499775
307062,311811,,,126165,,,G,209.779,-3.8308,224.164111574,,0.05073728536859999,-19.1928,0.11614915894477253,3742139731.3018494
307063,311812,,,126166,,,G,209.914,-3.95789,219.954875545,,0.0498441549221,-18.7317,0.11614924938643773,2447259370.0133038
307064,311813,,,126174,,,G,209.657,-6.65217,216.93974145200002,,0.0491843345922,-19.4617,0.1161494265476118,4793800981.638221
307065,311814,,,126175,,,G,209.661,-5.8671,193.998714388,,0.0438098019049,-20.029,0.11614972528429154,8083510373.900684
307594,312463,,,135834,,,G,208.443,-1.30798,110.771337359,,0.0247655223828,-17.5021,0.1162700063085772,788569544.3398528
308162,313221,,,159297,,,G,204.42,-8.348469999999999,128.59063246899998,,0.0292651946326,-19.326,0.11636427119589947,4230580857.765253
308165,313224,,,159535,,,G,209.258,-3.14975,110.775791197,,0.0248778724389,-18.7422,0.11636447747396153,2471041276.741776
308627,313741,,,170309,,,G,209.08,-9.37556,121.443958862,,0.0271061835531,-20.3719,0.1164280107244191,11085620319.414495
308628,313742,,,170311,,,G,209.261,-5.91594,156.130000191,,0.0353461676731,-20.7274,0.11642857911719535,15380129775.491234
308698,313815,,,184045,,,G,205.963,-5.60305,230.54362802400001,,0.0521058560529,-20.4938,0.1164481491548662,12402807408.426435
319894,325046,,,1003726,,,G,200.687,-8.43825,212.836448265,,0.0483178741589,-20.5802,0.1178415840235076,13430123303.673471
320125,325277,,,1015686,,,G,207.753,-7.63175,195.67838624599997,,0.0442018721009,-18.8777,0.11786832077396607,2799496958.537973
320129,325281,,,1015846,,,G,207.71,-7.6227399999999985,113.19520916299999,,0.0255614227807,-18.1091,0.11786864718793215,1379240495.9179275
320224,325376,,,1021518,,,G,207.255,-7.2862300000000015,109.08381278600001,,0.0248778724389,-17.4588,0.11788114028041065,757739627.2617838
320228,325380,,,1021692,,,G,207.435,-7.27583,185.37628494900002,,0.0415254207627,-18.9203,0.1178818322190754,2911521490.0510983
320278,325430,,,1024308,,,G,207.305,-7.108339999999999,114.55950330799999,,0.0257934728967,-18.7652,0.11788808797775024,2523945657.6335077
320300,325452,,,1025097,,,G,207.341,-7.05409,112.629165629,,0.0254461327231,-18.0783,0.11789013549627468,1340664161.4425015
320324,325476,,,1026231,,,G,207.451,-6.97288,97.39551387270001,,0.0221176310588,-18.5127,0.11789277579314746,2000230291.734952
320533,325685,,,1037109,,,G,207.849,-6.06953,42.5240967463,,0.0103448151724,-16.5932,0.11791502006011853,341412957.7481942
320569,325721,,,1038490,,,G,205.97,-5.95493,230.552882675,,0.0521058560529,-18.7539,0.11791868386287616,2497813450.99862
320581,325733,,,1039024,,,G,201.518,-5.9082,151.314515102,,0.0339469369735,-17.6494,0.11791958958582295,903150236.5255486
320598,325750,,,1039410,,,G,205.037,-5.8734,241.598228825,,0.0544662572331,-18.6655,0.11792146788159474,2302501914.610414
320613,325765,,,1039996,,,G,203.31,-5.82109,128.25910364799998,,0.0292651946326,-17.1404,0.117922992627644,565145143.6291329
320635,325787,,,1040521,,,G,201.283,-5.7791,227.222886661,,0.0514170557085,-18.8923,0.11792486720036136,2837396312.5829477
320681,325833,,,1042235,,,G,201.094,-5.63663,208.41658494900003,,0.0474661137331,-19.3247,0.11792856752380655,4225518427.448717
320696,325848,,,1042713,,,G,201.073,-5.59676,214.567398174,,0.0487492143746,-18.6878,0.11793131028731815,2350282138.091541
320729,325881,,,1043860,,,G,206.374,-5.50644,223.060510331,,0.0505123752562,-19.3521,0.1179345575613109,4333511964.940318
320740,325892,,,1044075,,,G,206.521,-5.4899,230.552882675,,0.0521058560529,-19.6939,0.11793578685665493,5936903638.807025
320817,325969,,,1047567,,,G,203.195,-5.22584,126.71394236299999,,0.0288724944362,-17.5441,0.1179433188461755,819671811.5690799
320910,326062,,,1050569,,,G,205.794,-5.00587,236.008381194,,0.0532734566367,-18.9646,0.11795094295958647,3032773663.243559
320916,326068,,,1050743,,,G,205.805,-4.99159,232.70529353900002,,0.052569956285,-18.574,0.11795135794294764,2116410950.7708638
320922,326074,,,1050985,,,G,202.898,-4.97369,206.37655931400002,,0.0470456935228,-19.2533,0.11795195650075395,3956580443.110053
320970,326122,,,1052512,,,G,207.796,-4.85946,228.401875275,,0.051645535822800015,-19.1135,0.11795675288892382,3478564015.3042336
320996,326148,,,1053376,,,G,202.174,-4.79446,190.235243248,,0.0430349015175,-18.5765,0.1179589387996964,2121289781.8830614
321012,326164,,,1054049,,,G,209.659,-4.74867,222.05420208700002,,0.0502887251444,-20.1123,0.11796045212881685,8728105759.293425
321028,326180,,,1054539,,,G,209.504,-4.71042,225.221885333,,0.050962825481400006,-18.2631,0.1179618036339903,1589424854.5801716
321045,326197,,,1054863,,,G,209.558,-4.68357,213.75705164299998,,0.0485329142665,-18.4896,0.11796375775306245,1958123141.3781219
321050,326202,,,1055016,,,G,200.597,-4.67122,194.54325260099998,,0.0442018721009,-17.9851,0.11796400886705255,1230382087.9720318
321097,326249,,,1056523,,,G,202.535,-4.56015,210.398109961,,0.0478901039451,-18.9852,0.11796881549187688,3090864738.402664
321109,326261,,,1056906,,,G,208.125,-4.53425,227.329209482,,0.0514170557085,-17.9233,0.11796993401754195,1162304716.1660047
321110,326262,,,1056965,,,G,208.052,-4.53036,203.56674072299998,,0.0464217832109,-19.1135,0.11797006257241675,3478564015.3042336
321125,326277,,,1057350,,,G,203.57,-4.50111,235.966666697,,0.0532734566367,-18.6043,0.11797215279972373,2176306203.4824862
321153,326305,,,1057993,,,G,207.812,-4.45402,240.50271294799998,,0.0542258071129,-19.6256,0.11797555315394195,5574937462.507808
321181,326333,,,1058844,,,G,201.433,-4.38916,160.468536223,,0.035985617992800006,-18.8769,0.11797819946858802,2797434972.706251
321188,326340,,,1059038,,,G,202.188,-4.37526,206.252545186,,0.0470456935228,-18.702,0.11797897112940878,2381222623.276846
321218,326370,,,1059979,,,G,208.371,-4.3120400000000005,205.55907238700001,,0.0468367434184,-18.6847,0.11798273795285567,2343581170.4405236
321255,326407,,,1060805,,,G,208.125,-4.2519,112.71384247299999,,0.0253314726657,-17.0099,0.11798659688394775,501141074.7028828
321265,326417,,,1061220,,,G,201.653,-4.2192,206.202022275,,0.0470456935228,-19.0215,0.11798798697072635,3195950174.8147593
321268,326420,,,1061252,,,G,209.79,-4.21734,243.925074378,,0.0549507274754,-18.7263,0.11798834291731845,2435117938.695216
321295,326447,,,1062354,,,G,202.659,-4.13715,233.733390918,,0.0528034764017,-18.4636,0.1179910817412558,1911789182.9222872
321307,326459,,,1062700,,,G,204.801,-4.11216,235.98520640799998,,0.0532734566367,-19.4344,0.1179921794569046,4674767327.033936
321328,326480,,,1063229,,,G,208.318,-4.07447,115.415849344,,0.025910022955,-17.6113,0.11799373748721595,872007057.7714761
321389,326541,,,1064894,,,G,208.501,-3.94935,112.776237476,,0.0253314726657,-17.5211,0.1179992923712321,802490685.0284532
321398,326550,,,1065140,,,G,202.539,-3.92824,205.191729882,,0.0468367434184,-19.3708,0.11800037124790375,4408795959.473483
321418,326570,,,1065833,,,G,204.137,-3.87018,241.57501500400002,,0.0544662572331,-19.4253,0.11800294285779975,4635749925.456404
321455,326607,,,1067183,,,G,209.532,-3.7613,161.845104215,,0.0364728182364,-18.0955,0.11800578512424285,1362071795.2990947
321466,326618,,,1067529,,,G,204.141,-3.73453,217.65869494,,0.0494033647017,-18.7189,0.1180067737422806,2418577453.6734505
321491,326643,,,1068501,,,G,204.3,-3.65375,234.863740576,,0.0530378365189,-18.6441,0.11800942571029928,2257563630.7407594
321497,326649,,,1068628,,,G,204.021,-3.64416,218.705147384,,0.0496232348116,-18.6093,0.11801002268217355,2186351576.499336
321579,326731,,,1072155,,,G,203.047,-3.37506,193.12490138299998,,0.0438098019049,-18.5392,0.1180186021870568,2049651383.3455374
321610,326762,,,1073451,,,G,200.334,-3.2849800000000005,157.82578591,,0.0353461676731,-18.0609,0.11802108863310608,1319349934.9791892
321611,326763,,,1073476,,,G,200.296,-3.28351,224.96780376900003,,0.050962825481400006,-18.6906,0.11802117571513715,2356351091.8955693
321628,326781,,,1073901,,,G,209.87,-3.25633,112.86091849700001,,0.0253314726657,-16.7127,0.11802311244935185,381136024.7781127
321642,326795,,,1074517,,,G,202.996,-3.2157400000000003,203.10326388400003,,0.0464217832109,-17.9586,0.11802491884376175,1200715176.6232212
321645,326798,,,1074566,,,G,207.658,-3.21282,159.680906268,,0.035985617992800006,-18.8163,0.11802519687362348,2645574525.128061
321669,326822,,,1075526,,,G,204.004,-3.15348,237.079232975,,0.053509916755,-18.8945,0.11802738648664154,2843151486.2737646
321670,326823,,,1075630,,,G,203.896,-3.14814,217.626430812,,0.0494033647017,-18.4086,0.11802745364940387,1817355961.7461507
321728,326881,,,1077872,,,G,206.293,-3.02244,205.306519928,,0.0468367434184,-18.442,0.1180327108028752,1874131239.9767628
321733,326886,,,1078140,,,G,200.696,-3.00926,207.07939589,,0.0472552736276,-18.6507,0.11803335616757782,2271328759.693141
321739,326892,,,1078239,,,G,205.866,-3.00399,167.434597122,,0.037466538733300005,-18.1292,0.11803361027484832,1405011891.6157722
321742,326895,,,1078351,,,G,208.004,-2.99736,233.839923788,,0.0528034764017,-19.0946,0.1180338581896453,3418534758.364234
321745,326898,,,1078377,,,G,203.265,-2.99682,206.156093041,,0.0470456935228,-18.021,0.11803407125339152,1271744886.2880733
321753,326906,,,1078671,,,G,209.958,-2.98027,111.314754749,,0.0249904324952,-16.8628,0.1180346124174006,437643013.6868773
321754,326907,,,1078676,,,G,205.054,-2.98012,204.186343476,,0.0466288433144,-19.1901,0.11803475036957485,3732845369.888896
321766,326919,,,1079223,,,G,200.713,-2.95285,208.10866085599997,,0.0474661137331,-18.2615,0.11803579310609826,1587084316.5508678
321785,326938,,,1079989,,,G,203.245,-2.91575,204.09454296799998,,0.0466288433144,-19.8392,0.11803749381209433,6787033612.155515
321798,326951,,,1080604,,,G,209.915,-2.88735,109.778297993,,0.0246542223271,-16.0026,0.11803866112010353,198170953.95936832
321800,326953,,,1080679,,,G,200.298,-2.88315,204.98052685599998,,0.0468367434184,-18.4486,0.11803876435307085,1885558451.9679048
321816,326969,,,1081308,,,G,201.1,-2.85635,158.210292953,,0.0355049277525,-17.5762,0.11804032757116704,844267361.0649557
321890,327043,,,1084601,,,G,200.18,-2.71511,157.14736031,,0.035187827593900003,-18.1015,0.11804619665115235,1369619718.6808078
321924,327077,,,1086574,,,G,202.638,-2.63647,237.051414267,,0.053509916755,-19.4642,0.11804973050363694,4804851834.19894
321979,327132,,,1089827,,,G,203.751,-2.5176,237.074596507,,0.053509916755,-18.6744,0.1180550684183671,2321453559.1719627
322031,327184,,,1092632,,,G,201.707,-2.41696,207.07480169099998,,0.0472552736276,-17.9806,0.11806006555230485,1225293134.213073
322042,327195,,,1093173,,,G,201.308,-2.3992400000000003,201.263780468,,0.0460103930052,-18.7488,0.11806153397994007,2486108051.098805
322093,327246,,,1095996,,,G,208.96400000000003,-2.2979,227.352323594,,0.0514170557085,-17.8435,0.1180664376322889,1079940926.6631052
322099,327252,,,1096281,,,G,209.715,-2.28806,110.45513191200001,,0.0247655223828,-17.2959,0.11806700471710113,652168772.7355982
322207,327360,,,1102453,,,G,203.562,-2.0735,216.534247837,,0.0491843345922,-19.2476,0.11807748912291895,3935863244.265631
322218,327371,,,1103124,,,G,204.67,-2.04469,205.1595894,,0.0468367434184,-18.7305,0.11807837328538108,2444556053.1834326
322225,327378,,,1103408,,,G,202.068,-2.0340700000000003,157.884589783,,0.0355049277525,-17.4117,0.11807875608071434,725571139.8523031
322252,327405,,,1105119,,,G,202.968,-1.97136,154.950280895,,0.0348736674368,-16.910999999999998,0.11808099549484108,457509377.32984674
322256,327409,,,1105571,,,G,208.26,-1.95396,107.68198145,,0.0241029720515,-17.0807,0.11808146059706764,534909116.9007741
322259,327412,,,1105671,,,G,202.794,-1.95035,127.52897244299999,,0.0290026945013,-18.468,0.11808184609132627,1919552523.7613754
322268,327421,,,1106178,,,G,208.146,-1.9303,113.58303327200001,,0.0254461327231,-17.0266,0.11808273935583755,508908846.03449833
322290,327443,,,1107176,,,G,207.604,-1.89317,208.448757812,,0.0474661137331,-19.035,0.11808592072280184,3235936569.296281
322301,327454,,,1107485,,,G,200.579,-1.88085,205.954012165,,0.0470456935228,-18.8889,0.11808677904659255,2828524859.2054877
322315,327468,,,1108340,,,G,202.003,-1.85001,154.58877112,,0.034717427358699995,-18.2259,0.118088657594212,1535889601.2103095
322340,327493,,,1109418,,,G,206.173,-1.81104,206.28469654,,0.0470456935228,-18.6923,0.11809073720522577,2360043457.0667953
322357,327510,,,1110264,,,G,206.32,-1.78047,115.49168347700001,,0.025910022955,-17.0428,0.11809238070883965,516559080.10343474
322363,327516,,,1110534,,,G,202.708,-1.77017,163.063693591,,0.036636618318300014,-18.0918,0.11809272532952343,1357437991.7885222
322478,327631,,,1116170,,,G,207.238,-1.54367,237.17196368400002,,0.053509916755,-18.9753,0.11810198215876085,3062809602.350737
322483,327636,,,1116302,,,G,200.144,-1.53789,198.05064835099998,,0.045197902599,-18.7339,0.11810238748341363,2452223217.565539
322510,327663,,,1117422,,,G,202.074,-1.4911,170.957527143,,0.038314519157300005,-18.3744,0.11810509629900053,1761002611.459546
322515,327668,,,1117491,,,G,207.829,-1.4885,206.413305155,,0.0470456935228,-18.1037,0.11810558705762725,1372397758.2998786
322520,327673,,,1117633,,,G,206.055,-1.48173,204.213884138,,0.0466288433144,-17.6904,0.11810588058702272,937907481.168826
322539,327692,,,1118353,,,G,204.65,-1.45109,232.67751156,,0.052569956285,-18.9938,0.11810797995990845,3115444364.185289
322559,327712,,,1118949,,,G,203.575,-1.4255,216.525032659,,0.0491843345922,-19.0775,0.118109445133878,3365115693.7549148
322665,327818,,,1123445,,,G,203.458,-1.24118,208.154617817,,0.0474661137331,-18.5519,0.11811741005520038,2073767194.640493
322904,328057,,,1128558,,,G,208.008,-1.03013,237.199783403,,0.053509916755,-18.8956,0.1181345650523814,2846033449.1604533
322914,328067,,,1128967,,,G,205.49400000000003,-1.01302,122.378283035,,0.0275996837998,-16.8985,0.11813510608436333,452272310.7939901
322982,328135,,,1130510,,,G,204.975,-0.95471,204.11290286099998,,0.0466288433144,-18.6394,0.11814005110564972,2247812075.6850696
323022,328175,,,1131273,,,G,209.575,-0.92396,110.30372148200001,,0.0246542223271,-16.692999999999998,0.11814279352492632,374282912.24080527
323118,328271,,,1133423,,,G,203.395,-0.8382700000000001,208.150022092,,0.0474661137331,-18.8119,0.1181491484171428,2634874897.741178
323144,328297,,,1133991,,,G,201.593,-0.8165600000000001,189.86508055,,0.0430349015175,-18.9522,0.1181506840696223,2998333934.2372108
323156,328309,,,1134226,,,G,202.317,-0.80758,160.799038101,,0.0361473180737,-16.7614,0.1181514363478672,398620840.0136097
323348,328501,,,1138498,,,G,202.33900000000003,-0.63254,163.88390491299998,,0.0368012584006,-18.8227,0.11816504765918392,2661215228.612376
323589,328742,,,1144543,,,G,203.151,-0.38939,153.043793128,,0.034407257203599995,-18.0641,0.11818338197307078,1323244202.7960064
323633,328786,,,1145656,,,G,203.247,-0.34532,153.698733378,,0.034562027281,-17.5834,0.11818637797482093,849884678.5730432
323645,328798,,,1145935,,,G,200.955,-0.33378,227.135057357,,0.0514170557085,-19.0014,0.1181871540902378,3137328538.1743555
323753,328906,,,1148505,,,G,202.322,-0.23334,155.23499957,,0.0348736674368,-17.4549,0.11819442800532415,755022684.3037827
323768,328921,,,1148953,,,G,209.885,-0.21571,108.135835357,,0.0241029720515,-16.6698,0.11819546116923207,366370080.5687064
323829,328982,,,1150870,,,G,209.399,-0.14323,130.011241589,,0.0293972846986,-17.5999,0.11819963644685708,862899068.1656103
323833,328986,,,1150893,,,G,202.67,-0.14192000000000002,203.938488097,,0.0466288433144,-19.3675,0.1182000106625562,4395416154.378252
323909,329062,,,1153306,,,G,203.36,-0.04395,153.676146921,,0.034562027281,-17.993,0.1182059145410829,1239367204.8206794
323926,329079,,,1153859,,,G,208.704,-0.02373,133.280724052,,0.0302022151011,-17.5538,0.11820694382958308,827027593.7191572
323935,329088,,,1154126,,,G,209.987,-0.01375,128.438303902,,0.0290026945013,-16.8535,0.11820760226652267,433910340.5929238
339531,345380,,,3105750,,,G,200.933,-3.56747,192.928212006,,0.0438098019049,-17.897000000000006,0.11938092899043873,1134488244.2111654
339532,345381,,,3105846,,,G,201.181,-3.37899,230.40481138400003,,0.0521058560529,-18.8525,0.11938103007586567,2735268726.3067193
339535,345384,,,3105921,,,G,200.453,-3.18087,155.772872969,,0.0348736674368,-16.9525,0.11938117094920846,475335225.9428069
339539,345388,,,3105982,,,G,200.654,-3.0207,199.714109031,,0.0456023628012,-17.392,0.11938136421834387,712524824.7522675
339555,345404,,,3106818,,,G,201.101,-1.38405,200.406325623,,0.0458058529029,-18.5896,0.11938250559047947,2147039329.8845148
339575,345424,,,3107110,,,G,204.16,-1.1671200000000002,204.067003325,,0.0466288433144,-18.1389,0.1193835896054388,1417620549.4311721
339595,345444,,,3107502,,,G,209.877,-1.05619,110.24137825,,0.0246542223271,-16.4217,0.11938465679657692,291527816.6098471
339713,345562,,,3109159,,,G,207.457,-0.7260800000000001,233.876979503,,0.0528034764017,-18.2849,0.11939165911855895,1621660730.0075047
339804,345653,,,3110364,,,G,207.593,-0.49023,120.058654018,,0.0269841734921,-16.907,0.11939721078517708,455826951.5401937
339867,345717,,,3111172,,,G,205.925,-0.33741,114.20722386799999,,0.0255614227807,-17.3485,0.11940114385949198,684541843.3584827
339874,345724,,,3111211,,,G,206.584,-0.32962,210.448698377,,0.0478901039451,-18.1357,0.1194015670267256,1413448534.8699505
339957,345807,,,3112407,,,G,206.771,-0.10114,203.40153341799999,,0.0464217832109,-18.9018,0.11940764067242562,2862331961.2742023
351074,356931,,,3272817,,,G,203.106,-3.4294,175.68973837599998,,0.0393571696786,-17.5937,0.11995898941385635,857985602.1156522
351075,356932,,,3272830,,,G,203.091,-4.4403,210.411906724,,0.0478901039451,-17.9154,0.11995903205693488,1153878283.9933085
351076,356933,,,3272851,,,G,202.968,-3.4348,181.427009117,,0.0407902103951,-17.0835,0.11995905187624575,536290371.80086046
351077,356934,,,3272855,,,G,202.95,-3.50022,205.15499792900002,,0.0468367434184,-18.0804,0.1199591015181634,1343259745.1681178
351078,356935,,,3272868,,,G,202.902,-4.4674,205.283561592,,0.0468367434184,-17.2818,0.1199591253089362,643754088.0934662
351079,356936,,,3272886,,,G,202.805,-3.2243,159.834795283,,0.035985617992800006,-16.8684,0.11995914156624105,439906115.9995198
351080,356937,,,3272961,,,G,202.483,-4.3864,206.270917349,,0.0470456935228,-17.7222,0.1199591772580492,965783986.1417617
351081,356938,,,3273171,,,G,201.638,-4.33097,190.130130953,,0.0430349015175,-18.1653,0.11995923093756007,1452512906.2929544
351082,356939,,,3273174,,,G,201.628,-3.9115,208.22815031099998,,0.0474661137331,-18.0627,0.11995927977676102,1321539048.2556114
351083,356940,,,3273217,,,G,201.435,-3.9723,162.742012168,,0.0364728182364,-17.7075,0.11995931498858725,952796164.0236502
351084,356941,,,3273226,,,G,201.378,-3.3417,131.93931649200002,,0.0302022151011,-16.6719,0.11995932855448532,367079388.8697933
351085,356942,,,3273228,,,G,201.36,-3.33396,159.585860978,,0.0358247579124,-17.155,0.11995934972291047,572796030.9858304
351086,356943,,,3273377,,,G,200.677,-3.53346,226.058183446,,0.0511894155947,-18.3011,0.11995941055441388,1646038541.9901874
351087,356944,,,3273380,,,G,200.658,-3.40461,208.145426373,,0.0474661137331,-17.3618,0.11995943616435326,692978881.9646126
351088,356945,,,3273423,,,G,200.51,-4.3316,223.937819972,,0.05073728536859999,-18.6206,0.11995951780915705,2209225258.7395964
351089,356946,,,3273426,,,G,200.484,-3.9012,130.647819035,,0.0299315249658,-17.5905,0.11995954942381952,855460576.3414557
351090,356947,,,3273433,,,G,200.456,-3.5101,166.59077215899998,,0.0372989586495,-17.5783,0.11995958068522862,845901899.1435237
351091,356948,,,3273452,,,G,200.338,-3.6868,195.911870859,,0.0445977222989,-17.9603,0.119959625128759,1202596678.4562776
351092,356949,,,3273470,,,G,200.196,-2.9333,154.539066829,,0.034562027281,-16.9252,0.11995964225920025,463532297.67714685
351093,356950,,,3273487,,,G,200.08900000000003,-4.2867,158.71248565,,0.0355049277525,-17.1231,0.11995966281472413,556211546.2150791
351094,356951,,,3273489,,,G,200.061,-4.2473,159.41388165200001,,0.0356643178322,-17.3126,0.11995968729005375,662277498.904642
351115,356972,,,3273780,,,G,202.878,-4.8171,208.38900846400003,,0.0474661137331,-18.3144,0.11996039105368332,1666326112.225226
351116,356973,,,3273919,,,G,202.087,-5.0515,128.599593211,,0.0293972846986,-17.6362,0.11996042402744915,892236529.6310496
351117,356974,,,3273956,,,G,201.873,-4.5664,204.213884138,,0.0466288433144,-17.9904,0.119960469720331,1236402857.1932745
351118,356975,,,3273974,,,G,201.75,-5.9091,162.20746016799998,,0.0363098581549,-16.7104,0.11996048377590385,380329489.07485384
351119,356976,,,3273987,,,G,201.686,-5.3978,149.12608852600002,,0.0334927067464,-16.5078,0.11996049543885748,315587650.3817504
351120,356977,,,3273998,,,G,201.576,-5.2428,182.329527592,,0.0409727004864,-16.9543,0.11996051303463855,476123919.3942328
351121,356978,,,3274002,,,G,201.555,-5.2459,181.60019979,,0.0407902103951,-16.9356,0.11996053032995647,467993692.71233016
351122,356979,,,3274018,,,G,201.504,-6.04555,122.145792469,,0.0278497939249,-16.2044,0.1199605391495496,238649209.41724905
351123,356980,,,3274025,,,G,201.467,-6.3659,109.533428925,,0.0248778724389,-15.9977,0.11996054644023822,197278610.32763216
351124,356981,,,3274031,,,G,201.43,-5.2856,186.56750444,,0.0420854910427,-17.2942,0.11996057050427872,651148433.3621856
351125,356982,,,3274075,,,G,201.164,-5.1554,228.272397062,,0.051645535822800015,-19.0223,0.1199606887018492,3198305905.7052817
351126,356983,,,3274079,,,G,201.121,-4.8809,239.282287621,,0.0539861969931,-17.8146,0.11996072756415364,1051574388.1284605
351127,356984,,,3274084,,,G,201.112,-6.325,222.986642339,,0.0505123752562,-17.5614,0.11996075834273155,832836978.7182223
351128,356985,,,3274087,,,G,201.065,-5.5828,209.427884883,,0.0476775838388,-17.6052,0.11996079038834205,867121590.7473631
351129,356986,,,3274093,,,G,201.056,-5.5045,208.393604528,,0.0474661137331,-17.4444,0.11996081802264726,747756160.9862709
351130,356987,,,3274158,,,G,200.577,-5.3192,217.644867418,,0.0494033647017,-17.5987,0.11996084987698273,861945883.7169019
351131,356988,,,3274177,,,G,200.452,-5.61607,128.765371744,,0.029530004765,-16.369,0.1199608601403188,277715423.58846766
351132,356989,,,3274185,,,G,200.37,-5.4822,190.175831525,,0.0430349015175,-17.4558,0.11996088806630695,755648805.2053195
351133,356990,,,3274187,,,G,200.345,-4.9312,193.060861653,,0.0438098019049,-17.8785,0.11996092928446213,1115321309.5598528
351134,356991,,,3274224,,,G,200.124,-4.873,194.547828945,,0.0442018721009,-17.9251,0.11996097231022207,1164233254.317975
351139,356996,,,3274324,,,G,201.107,-6.4654,241.56108678799998,,0.0544662572331,-18.1951,0.11996135113958165,1492931907.357081
351140,356997,,,3274335,,,G,208.114,-2.9279,114.97872538899999,,0.0257934728967,-16.7731,0.11996136603074233,402939645.48711497
351141,356998,,,3274344,,,G,208.068,-5.0276,219.931813503,,0.0498441549221,-17.5114,0.119961395424056,795353140.0403923
351142,356999,,,3274362,,,G,207.977,-4.5393300000000005,113.208581569,,0.0254461327231,-16.8794,0.11996141184690692,444385623.0306219
351143,357000,,,3274406,,,G,207.605,-4.5083,162.411303923,,0.0364728182364,-16.9531,0.11996142942325115,475597978.4906352
351144,357001,,,3274408,,,G,207.532,-3.5635,159.667328191,,0.035985617992800006,-17.1161,0.11996144984667495,552637053.0397367
351145,357002,,,3274409,,,G,207.526,-4.0998,161.487319094,,0.0363098581549,-17.2607,0.11996147317956585,631364268.876226
351146,357003,,,3274410,,,G,207.515,-2.92248,108.322736542,,0.024322002161,-15.9836,0.11996148037618548,194733199.74996468
351147,357004,,,3274414,,,G,207.497,-3.05623,237.148780764,,0.053509916755,-18.1551,0.11996153355376304,1438931102.6050472
351148,357005,,,3274422,,,G,207.454,-3.08017,204.392904168,,0.0466288433144,-18.3723,0.1199615985081592,1757599822.2852685
351149,357006,,,3274429,,,G,207.428,-2.7611,162.284466241,,0.0364728182364,-16.8214,0.11996161407672297,421269483.26384014
351150,357007,,,3274436,,,G,207.385,-4.7049,204.53061864,,0.0466288433144,-18.1538,0.1199616671906668,1437209237.763754
351151,357008,,,3274443,,,G,207.331,-3.54827,207.460737147,,0.0472552736276,-17.4247,0.1199616943280864,734310942.5116142
351152,357009,,,3274477,,,G,207.007,-4.4694,163.466974954,,0.036636618318300014,-17.5672,0.11996172527152335,837297896.2027068
351153,357010,,,3274480,,,G,206.986,-3.648,203.40153341799999,,0.0464217832109,-17.5118,0.11996175467566796,795646212.948535
351154,357011,,,3274528,,,G,206.775,-3.426,209.47386056099998,,0.0476775838388,-17.3156,0.11996177921871892,664109969.7464819
351155,357012,,,3274551,,,G,206.69,-3.91119,233.81213227400002,,0.0528034764017,-17.5643,0.11996181007961625,835064458.6860229
351156,357013,,,3274587,,,G,206.585,-5.7766199999999985,184.28130480599998,,0.0413404106702,-17.2774,0.11996183377417087,641150521.7202821
351157,357014,,,3274590,,,G,206.564,-4.1594,121.318808303,,0.0273518836759,-16.2196,0.11996184271810413,242013727.0954605
351158,357015,,,3274604,,,G,206.522,-5.3452,228.388002366,,0.051645535822800015,-18.6634,0.11996192764564514,2298052785.155529
351159,357016,,,3274691,,,G,206.235,-4.9359,231.621969461,,0.0523372761686,-17.6139,0.11996195994906855,874097745.315387
351160,357017,,,3274696,,,G,206.218,-3.1773,158.762256918,,0.0358247579124,-17.2037,0.11996198208860635,599073349.6288105
351161,357018,,,3274709,,,G,206.157,-4.2895,111.541950431,,0.0251038325519,-16.2372,0.119961991178704,245968787.3368004
351162,357019,,,3274753,,,G,205.99,-2.76477,205.278969945,,0.0468367434184,-17.3517,0.119962016551513,686562375.7427876
351163,357020,,,3274756,,,G,205.978,-2.7908,207.327492323,,0.0472552736276,-17.2833,0.11996204037517667,644644081.877912
351164,357021,,,3274784,,,G,205.881,-5.9078,230.548255346,,0.0521058560529,-17.7838,0.1199620781505313,1022162631.844983
351165,357022,,,3274805,,,G,205.806,-5.2728,230.5343734,,0.0521058560529,-18.2837,0.11996213801491967,1619869394.4435186
351166,357023,,,3274812,,,G,205.771,-4.8804,231.612711813,,0.0523372761686,-17.8138,0.11996217684859987,1050799844.872494
351167,357024,,,3274814,,,G,205.768,-4.96035,230.520491512,,0.0521058560529,-19.4835,0.11996235760286332,4891026321.245946
351168,357025,,,3274821,,,G,205.731,-3.1616,151.973603446,,0.034407257203599995,-17.0588,0.11996237697638396,524227742.03227496
351169,357026,,,3274828,,,G,205.719,-5.05985,231.612711813,,0.0523372761686,-18.3038,0.1199624379593509,1650136991.1872234
351170,357027,,,3274848,,,G,205.648,-5.9012,200.37881748599997,,0.0456023628012,-18.1293,0.11996248988818235,1405141303.9528306
351171,357028,,,3274867,,,G,205.572,-5.1586,230.525118802,,0.0521058560529,-18.6936,0.1199625772111627,2362870933.9197717
351172,357029,,,3274873,,,G,205.549,-5.809,226.243029427,,0.0511894155947,-17.8629,0.1199626178413243,1099410802.739016
351173,357030,,,3274897,,,G,205.502,-3.729,180.278721253,,0.0404271202136,-17.3797,0.1199626438769818,704498381.9747016
351174,357031,,,3275028,,,G,205.066,-4.8017,239.34260230099997,,0.0539861969931,-18.7251,0.11996273377053555,2432428033.658144
351175,357032,,,3275040,,,G,205.023,-4.7845,239.337962672,,0.0539861969931,-19.3351,0.1199628914330868,4266188100.3663287
351176,357033,,,3275045,,,G,205.007,-4.53841,235.989841353,,0.0532734566367,-18.6045,0.11996297187614073,2176707130.8258915
351177,357034,,,3275053,,,G,204.937,-4.5495,230.49735516200002,,0.0521058560529,-18.3033,0.11996303283103045,1649377249.970078
351178,357035,,,3275070,,,G,204.864,-4.6054,204.36995232700002,,0.0466288433144,-17.9321,0.11996307613508385,1171763592.3566086
351179,357036,,,3275077,,,G,204.825,-4.2901,239.33332304799998,,0.0539861969931,-18.555,0.1199631529929902,2079696687.1037023
351180,357037,,,3275078,,,G,204.812,-4.7106,221.929589087,,0.0502887251444,-18.4011,0.11996321969340733,1804845371.3035624
351181,357038,,,3275142,,,G,204.416,-3.6029,238.206086695,,0.0537474268737,-18.1648,0.11996327334820354,1451844153.377742
351182,357039,,,3275145,,,G,204.411,-4.0985,231.57105271400002,,0.0523372761686,-17.7434,0.1199633097437756,984827120.8736203
351183,357040,,,3275153,,,G,204.378,-3.86417,235.97593654,,0.0532734566367,-18.4643,0.11996338044200705,1913022156.3798528
351184,357041,,,3275177,,,G,204.213,-3.242,230.46959175599997,,0.0521058560529,-17.6131,0.1199634127216372,873453923.5170088
351185,357042,,,3275217,,,G,203.998,-3.1630000000000003,217.63103995400002,,0.0494033647017,-17.9586,0.1199634570956342,1200715176.6232212
351186,357043,,,3275225,,,G,203.967,-3.07638,217.626430812,,0.0494033647017,-17.4086,0.11996348383361148,723502439.8192892
351187,357044,,,3275230,,,G,203.946,-3.9866,237.079232975,,0.053509916755,-18.4545,0.11996355389658253,1895832656.9471085
351188,357045,,,3275248,,,G,203.864,-4.49546,233.761181771,,0.0528034764017,-18.8639,0.1199636560489767,2764139772.814398
351189,357046,,,3275272,,,G,203.787,-3.10671,233.747286315,,0.0528034764017,-17.6137,0.11996368834645015,873936745.3894314
351190,357047,,,3275277,,,G,203.76,-2.9553,235.962031785,,0.0532734566367,-17.9942,0.11996373419953404,1240737761.3349571
351191,357048,,,3275288,,,G,203.712,-3.1958,200.676834835,,0.0458058529029,-17.8125,0.11996377298674478,1049542428.6523242
351192,357049,,,3275301,,,G,203.655,-3.38475,196.891776042,,0.0447968023984,-17.8711,0.11996381392492653,1107745514.1036682
351193,357050,,,3275304,,,G,203.65,-4.3302,183.788686953,,0.0413404106702,-17.7716,0.11996385127818987,1010741272.5073264
351194,357051,,,3275315,,,G,203.614,-3.8434,159.640172216,,0.035985617992800006,-16.8257,0.11996386690853435,422941206.65570015
351195,357052,,,3275329,,,G,203.523,-5.2821,201.708646492,,0.0460103930052,-17.9536,0.11996391107865137,1195198391.5069528
351196,357053,,,3275339,,,G,203.474,-3.05088,234.84520714099997,,0.0530378365189,-17.7339,0.11996394715715775,976247646.710609
351197,357054,,,3275362,,,G,203.382,-3.7519,182.247469831,,0.0409727004864,-18.0733,0.11996399647550905,1334504369.1489062
351198,357055,,,3275402,,,G,203.224,-4.10791,130.477454213,,0.0297971248986,-17.2977,0.11996402061724802,653250874.8231585
351199,357056,,,3275407,,,G,203.199,-6.2782,243.850738826,,0.0549507274754,-17.9656,0.11996406527825898,1208481482.1591227
351262,357119,,,3276032,,,G,209.983,-2.76191,113.966449175,,0.0255614227807,-16.8739,0.11996592259322647,442140196.58184034
351263,357120,,,3276055,,,G,209.9,-3.33541,219.945650709,,0.0498441549221,-17.5016,0.11996595172242595,788206478.2498065
351264,357121,,,3276056,,,G,209.886,-4.2454,225.22650518,,0.050962825481400006,-17.5731,0.11996598283447035,841860242.2839283
351265,357122,,,3276084,,,G,209.755,-3.0018,160.81714880799998,,0.0363098581549,-16.8317,0.11996599855143042,425284936.1373813
351266,357123,,,3276097,,,G,209.656,-4.0263,111.64441689799999,,0.0251038325519,-16.0492,0.11996600619627305,206861657.40925503
351267,357124,,,3276107,,,G,209.627,-3.8814,111.127665436,,0.0249904324952,-16.3791,0.11996601655552865,280310909.1645962
351268,357125,,,3276111,,,G,209.586,-2.9094900000000004,117.56671595,,0.0263821031911,-16.5214,0.119966028365492,319565583.0480817
351269,357126,,,3276114,,,G,209.577,-4.0280000000000005,106.743347014,,0.0241029720515,-16.0517,0.11996603602795786,207338522.77877203
351270,357127,,,3276116,,,G,209.569,-4.1934,219.945650709,,0.0498441549221,-17.1916,0.11996605792213108,592434034.266019
351271,357128,,,3276143,,,G,209.406,-3.6912,114.425721411,,0.0256771328386,-16.2926,0.11996606748809086,258845130.93504217
351272,357129,,,3276195,,,G,209.003,-2.96558,162.900583367,,0.036636618318300014,-17.2096,0.1199660897482646,602337635.8063303
351273,357130,,,3276201,,,G,208.956,-4.1904,146.903157175,,0.0333427666714,-16.6752,0.11996610335545775,368196791.75157857
351274,357131,,,3276231,,,G,208.781,-2.787,169.962896963,,0.0379730589865,-16.9318,0.1199661205903491,466358610.86018926
351275,357132,,,3276246,,,G,208.637,-4.3683,230.57139205400003,,0.0521058560529,-17.384,0.11996614672932387,707294042.4045768
351276,357133,,,3276262,,,G,208.518,-4.2627,118.00421820700001,,0.0265015932508,-15.8895,0.11996615332848225,178566505.63267466
351277,357134,,,3276263,,,G,208.51,-3.67434,113.355681991,,0.0254461327231,-15.8022,0.11996615941779876,164770705.03376937
351278,357135,,,3276296,,,G,208.276,-4.3381,224.12716494,,0.05073728536859999,-17.3325,0.11996618434586268,674528027.6979202
351279,357136,,,3276307,,,G,208.213,-4.2247,111.613231078,,0.0251038325519,-16.0586,0.11996619205717955,208660382.90277869
351280,357137,,,3276310,,,G,208.196,-4.9807,130.993061339,,0.0296633548317,-16.1062,0.11996620011409025,218011799.67301643
351281,357138,,,3276311,,,G,208.193,-4.0468,111.662237513,,0.0251038325519,-16.2395,0.1199662092234646,246490394.56046683
353026,358883,,,3299091,,,G,202.699,-1.12266,165.46602645299998,,0.0371324285662,-16.8035,0.12002473372280123,414381158.2642805
353027,358884,,,3299108,,,G,202.381,-0.71768,170.812173376,,0.038314519157300005,-17.0426,0.12002475280940025,516463935.16787577
353028,358885,,,3299140,,,G,202.094,-0.94293,155.926568245,,0.035030327515199994,-17.0046,0.12002477123953666,498700725.47486633
353035,358892,,,3299433,,,G,200.198,-1.09759,213.250687534,,0.0485329142665,-17.3445,0.1200249618412617,682024537.9032682
353046,358903,,,3299747,,,G,203.08,-2.05167,108.923570008,,0.0244322522161,-16.5556,0.12002521957888075,329791911.57471913
353047,358904,,,3300033,,,G,201.915,-2.6402,199.773697975,,0.0456023628012,-17.4827,0.12002524820540035,774604472.0781617
353048,358905,,,3300093,,,G,201.465,-1.7856,194.346476002,,0.0442018721009,-17.1429,0.12002526913922346,566447937.7337638
353049,358906,,,3300131,,,G,201.154,-1.7379,198.123950788,,0.045197902599,-17.6147,0.12002530146645765,874742041.6740068
353050,358907,,,3300133,,,G,201.159,-2.5804,231.49236474,,0.0523372761686,-18.2027,0.12002535702726524,1503418880.5767145
353051,358908,,,3300187,,,G,200.752,-1.7407,206.996701307,,0.0472552736276,-17.7098,0.12002539231376247,954816686.0875204
353052,358909,,,3300290,,,G,200.068,-1.76,159.798585417,,0.0358247579124,-17.1179,0.1200254127710736,553554008.487096
353087,358944,,,3300943,,,G,208.14,-0.99395,153.992372337,,0.0348736674368,-17.1475,0.12002647214550807,568852930.8438425
353088,358945,,,3300976,,,G,207.889,-0.6734,233.890875504,,0.0528034764017,-18.0651,0.12002652109278655,1324463517.1751409
353090,358947,,,3301065,,,G,207.03,-0.9422,219.84879149900001,,0.0498441549221,-17.8406,0.12002658546488358,1077060254.69158
353094,358951,,,3301164,,,G,206.266,-1.32723,206.2938827,,0.0470456935228,-17.6124,0.12002669872669401,872890968.4563483
353095,358952,,,3301183,,,G,206.111,-0.7735,114.158175596,,0.0255614227807,-16.3575,0.12002670888189562,274789415.31024086
353098,358955,,,3301433,,,G,203.88,-0.35486,128.451744349,,0.029133734566900008,-16.5537,0.120026783998691,329215292.05983084
353099,358956,,,3301493,,,G,208.1,-2.28537,213.62815148200002,,0.0485329142665,-17.5083,0.12002681330820045,793085482.2234181
353100,358957,,,3301499,,,G,208.012,-1.83613,110.156771667,,0.0246542223271,-17.0501,0.12002683252710145,520043892.14035934
353101,358958,,,3301560,,,G,207.471,-2.6891,230.552882675,,0.0521058560529,-17.8439,0.12002687245243468,1080338864.9021828
353102,358959,,,3301570,,,G,207.322,-2.09213,206.37655931400002,,0.0470456935228,-17.6833,0.12002690688810567,931794193.9223284
353103,358960,,,3301595,,,G,207.125,-2.4311,213.57751353,,0.0485329142665,-17.4678,0.12002693512445525,764046868.36544
353104,358961,,,3301682,,,G,206.364,-1.70058,206.30306888599998,,0.0470456935228,-17.3725,0.12002696098802992,699841996.0022718
353105,358962,,,3301712,,,G,206.171,-1.8017,208.347644176,,0.0474661137331,-17.3739,0.12002698688497584,700744987.6759759
353106,358963,,,3301726,,,G,206.018,-1.81887,114.98764564700001,,0.0257934728967,-17.1033,0.12002700706903682,546160138.5304635
353107,358964,,,3301776,,,G,205.471,-2.2717400000000003,236.00374622400003,,0.0532734566367,-17.8446,0.12002704702011918,1081035609.6884327
353108,358965,,,3301784,,,G,205.327,-2.52586,206.243359143,,0.0470456935228,-17.6719,0.12002708109611447,922061736.1888633
353109,358966,,,3301817,,,G,205.065,-2.73085,120.183752074,,0.0271061835531,-16.4092,0.120027091746579,288190725.28824437
353110,358967,,,3301866,,,G,204.65,-2.68668,206.215801172,,0.0470456935228,-17.7716,0.12002712909984235,1010741272.5073264
353111,358968,,,3301870,,,G,204.577,-1.84678,220.794444573,,0.0500661250331,-18.5199,0.12002720351279715,2013538787.5458176
353112,358969,,,3301889,,,G,204.419,-2.1802,122.136850883,,0.0275996837998,-16.7642,0.1200272182823909,399650168.1202896
353113,358970,,,3301899,,,G,204.328,-1.81,234.87300733200001,,0.0530378365189,-17.7642,0.120027255381933,1003875834.6518748
353114,358971,,,3301916,,,G,204.062,-1.58922,220.77599019,,0.0500661250331,-18.1398,0.12002730781539694,1418796145.7078128
353115,358972,,,3301944,,,G,203.859,-1.77768,216.543463041,,0.0491843345922,-17.6977,0.1200273427108266,944234794.7439632
353116,358973,,,3301992,,,G,203.428,-1.95277,216.525032659,,0.0491843345922,-18.1875,0.120027397499218,1482518085.1459575
353250,359107,,,3303192,,,G,209.979,-1.1269,203.598865348,,0.0464217832109,-17.5639,0.12003217752512255,834756866.2342452
353251,359108,,,3303202,,,G,209.971,-0.6689,111.270208609,,0.0248778724389,-16.4619,0.12003218870529625,302524115.6032765
353252,359109,,,3303206,,,G,209.974,-2.6616,243.962242775,,0.0549507274754,-17.5466,0.12003221906716854,821561350.2404889
353255,359112,,,3303248,,,G,209.879,-0.6791,145.875651124,,0.0331932465966,-16.3099,0.12003226998869534,263002574.64166296
353260,359117,,,3303328,,,G,209.703,-1.9528,117.093571166,,0.0262632431316,-16.5527,0.12003234295688593,328912213.164693
353261,359118,,,3303352,,,G,209.637,-1.63861,141.44059603600002,,0.0321655060828,-17.4629,0.12003237106609008,760606443.0977006
353263,359120,,,3303443,,,G,209.444,-1.21723,133.74743956,,0.0303385051693,-17.1514,0.12003240533998667,570899943.4657452
353264,359121,,,3303460,,,G,209.418,-0.50738,133.78783177399998,,0.0303385051693,-16.5121,0.1200324170492224,316839996.63108796
353265,359122,,,3303539,,,G,209.242,-1.1017,134.869645214,,0.0306127653064,-18.0696,0.1200324661997914,1329964350.735801
353266,359123,,,3303546,,,G,209.218,-2.53219,133.73397560799998,,0.0303385051693,-16.3512,0.12003247629623795,273199562.79333574
353267,359124,,,3303560,,,G,209.181,-2.216,228.43424562400003,,0.051645535822800015,-17.3938,0.1200325026722146,713707071.7909732
353268,359125,,,3303569,,,G,209.143,-1.8086,206.52354518200002,,0.0470456935228,-17.2948,0.12003252674955706,651508370.7296318
353269,359126,,,3303579,,,G,209.123,-0.28668000000000005,129.45098485100002,,0.0292651946326,-17.2605,0.12003255007815025,631247977.9910418
353270,359127,,,3303581,,,G,209.122,-0.5142,132.692944084,,0.030066765033400007,-16.4442,0.12003256107753894,297632258.57608354
353271,359128,,,3303583,,,G,209.12,-1.63586,117.102497734,,0.0262632431316,-16.4328,0.1200325719620406,294523531.9971874
353272,359129,,,3303604,,,G,209.068,-0.27459,128.913235939,,0.029133734566900008,-16.2915,0.12003258151831366,258583018.04210636
353273,359130,,,3303641,,,G,208.991,-2.51554,242.810215077,,0.054707967354,-18.2163,0.12003263777945647,1522369238.9604695
353274,359131,,,3303646,,,G,208.983,-1.2809,112.19244956899999,,0.0251038325519,-16.4398,0.1200326487343598,296428529.7697947
353276,359133,,,3303662,,,G,208.925,-0.27936,200.328386511,,0.0456023628012,-17.0087,0.1200326814002672,500587499.0917363
353277,359134,,,3303670,,,G,208.905,-2.15452,147.475645105,,0.0334927067464,-16.8136,0.12003269685738617,418253900.747925
353279,359136,,,3303728,,,G,208.755,-2.4365,159.46366416200001,,0.035985617992800006,-16.5433,0.12003273399497245,326076874.82820183
353280,359137,,,3303747,,,G,208.679,-2.15439,123.093751349,,0.027724423862200004,-16.6912,0.12003274780417338,373662917.1726264
353281,359138,,,3303766,,,G,208.581,-2.4923,163.865776364,,0.0368012584006,-17.0424,0.12003276688725685,516368807.75704765
353283,359140,,,3303852,,,G,208.329,-0.41574,208.526893239,,0.0474661137331,-17.9358,0.1200328189159992,1175763570.4629154
353284,359141,,,3303854,,,G,208.33,-2.4628400000000004,207.479116174,,0.0472552736276,-17.1349,0.12003283969614305,562289534.0253544
353285,359142,,,3303863,,,G,208.3,-0.40247,167.974583065,,0.0376347488174,-16.9362,0.12003285700102136,468252387.05774474
353286,359143,,,3303903,,,G,208.219,-0.8847,130.455038502,,0.029530004765,-16.3773,0.120032867343117,279846577.5706201
355859,361753,,,SDSSJ135847.33-024746.0,,,G,209.697,-2.79561,111.889459699,,0.0251038325519,-16.6139,0.12015955212488505,347984580.17470133
357135,363065,,,HCG064:[dRC97]03,,,G,201.391,-3.83946,157.472986078,,0.0353461676731,-20.436,0.12022614080690215,11759801740.65852
357136,363066,,,HCG064:[dRC97]05,,,G,201.767,-3.6863,207.185064267,,0.0472552736276,-20.5918,0.1202266424658348,13574379917.885223
357137,363067,,,HCG064:[dRC97]09,,,G,201.556,-3.65223,159.545128172,,0.0358247579124,-19.1244,0.1202267723178069,3513662147.2070074
357138,363068,,,HCG064:[dRC97]15,,,G,201.468,-3.72877,180.55208532900002,,0.0406081403041,-18.833,0.12022687160392932,2686581377.2687
357139,363069,,,HCG064:[dRC97]24,,,G,201.7,-3.66864,112.84754764899999,,0.0254461327231,-17.1725,0.12022689311631375,582103217.7708721
357140,363070,,,HCG064:[dRC97]26,,,G,201.483,-3.87013,202.19944628,,0.0462155631078,-18.3289,0.12022695552550428,1688729149.9252546
357141,363071,,,HCG064:[dRC97]29,,,G,201.484,-3.83846,167.46182107299998,,0.037466538733300005,-17.8896,0.12022699716721374,1126782257.773072
357142,363072,,,HCG064:[dRC97]32,,,G,201.595,-3.5899400000000004,179.094416615,,0.0402469401235,-17.6654,0.12022703103981505,916558100.4110882
357146,363076,,,HCG067:[dRC97]22,,,G,207.039,-7.1280899999999985,110.56646802600001,,0.0251038325519,-17.6081,0.12022777008822162,869440767.2757825
359295,368556,,,SDSSJ133414.59-001814.1,,,G,203.561,-0.30393000000000003,51.09308813770001,,0.0127612863806,-12.3918,0.12029167110225672,7123935.849170842
364127,380194,,,SDSSJ133643.62-032956.9,,,G,204.182,-3.49914,233.75654994599998,,0.0528034764017,-19.3338,0.12064395230811872,4261083061.4363275
365220,381354,,,NGC5366,,,G,209.104,-0.24708,131.629845106,,0.0297971248986,-21.0068,0.12093932701960998,19893903180.971992
365221,381355,,,NGC5392,,,G,209.855,-3.20848,111.270208609,,0.0249904324952,-20.2419,0.12093969047285424,9834674713.5388
368972,385208,,,SDSSJ133608.19-021552.6,,,G,204.034,-2.2646,210.29693549799998,,0.0478901039451,-18.1542,0.1213652693480809,1437738822.7615454
368973,385209,,,SDSSJ134758.94-014932.7,,,G,206.996,-1.82575,236.045461187,,0.0532734566367,-18.315,0.1213653309633784,1667247212.551061
368975,385211,,,SDSSJ135803.70-021316.5,,,G,209.515,-2.22128,108.99033678200001,,0.0244322522161,-16.9969,0.1213653995633368,495176470.5497778
369529,385770,,,SDSSJ133619.38-013418.9,,,G,204.081,-1.57194,217.59877609900002,,0.0494033647017,-18.3583,0.12139859740662134,1735081982.5199187
369543,385785,,,SDSSJ132111.32-025301.6,,,G,200.297,-2.88381,204.98052685599998,,0.0468367434184,-18.1186,0.12139972908382547,1391361557.862797
371496,387751,,,SDSSJ135010.60-022639.4,,,G,207.544,-2.44425,241.649299803,,0.0544662572331,-18.8759,0.12152917973075088,2794859626.052567
371508,387763,,,SDSSJ135430.09-025011.9,,,G,208.625,-2.83667,163.87937276600002,,0.0368012584006,-17.8826,0.12152981582081165,1119540992.254733
375421,391764,,,SDSSJ134437.63-011552.7,,,G,206.157,-1.26465,113.623155884,,0.0254461327231,-17.1373,0.12176192029719908,563533839.4949516
385852,404333,105429.0,PGC105429,PGC105429,13592168-0303120,,G,209.840347,-3.053343,255.541692559,,0.057114,-21.0183,0.1231004839773298,20105737124.168182
385866,404347,215038.0,PGC215038,PGC215038,13312629-0141067,,G,202.859573,-1.6852,244.15738365599998,,0.054668,-20.6553,0.1231082513735458,14391961879.24096
386090,404571,,,1137650,13575681-0040004,,G,209.48671,-0.666799,273.698138533,,0.060998,-21.1654,0.12321716649031893,23022898561.1281
386101,404582,,,1117173,13221414-0130069,,G,200.558945,-1.501924,245.844434066,,0.055031,-19.8903,0.12322142236721308,7114100563.61593
386334,404815,,,48737,13445672-0108379,,G,206.236343,-1.143863,264.98176168099997,,0.059136,-20.7681,0.12332471502014783,15967613063.721785
386431,404912,,,1120572,13461854-0121317,,G,206.577271,-1.358822,284.16652737,,0.06322799999999999,-19.9609,0.12337636861524992,7592066439.102062
386432,404913,,,1125603,13262627-0108499,,G,201.609497,-1.147222,245.471,,0.0549507274754,-19.29,0.12337651986287007,4092606597.3001275
387023,405504,,,1150012,13312241-0010307,,G,202.843399,-0.175201,275.353113898,,0.061351,-20.4664,0.12363197727074282,12093722523.53408
387104,405585,,,1126887,13365359-0105437,,G,204.223297,-1.095481,284.523860155,,0.063304,-20.3896,0.12367036028351558,11267822577.73072
387162,405643,,,47945,13353876-0055120,,G,203.91153,-0.920013,260.174396167,,0.05810700000000001,-21.3763,0.12369868326181857,27958894800.84951
387234,405715,,,3109413,13223491-0040472,,G,200.645477,-0.679782,247.24398461200002,,0.055332000000000006,-20.7806,0.12372415785462755,16152509308.832937
387426,405907,,,3109588,13242255-0038579,,G,201.093979,-0.6494300000000001,281.838,,0.0627324913662,-19.2,0.12384388387501732,3767037989.8390775
387449,405930,,,48329,13395258-0036410,,G,204.969101,-0.611395,248.071901512,,0.05551,-20.6379,0.12385061566940825,14163154737.55124
387707,406188,,,3084890,13363796-0330581,,G,204.158203,-3.5161519999999995,265.229556151,,0.059189,-19.8361,0.12397510979312873,6767682874.665583
388145,406626,,,184034,13380723-0153356,,G,204.530151,-1.893228,250.640676748,,0.056062,-20.3163,0.1241836068430972,10532221886.871435
388571,407052,,,118248,13354502-0244410,,G,203.937607,-2.7447310000000003,241.71430036299998,,0.054142,-19.6685,0.12436454499329833,5799626158.196457
388877,407358,,,1124526,13485043-0111456,,G,207.210129,-1.196026,283.132351888,,0.06300800000000001,-20.3209,0.1245057420546192,10576939008.047808
389089,407570,,,48587,13425809-0045550,,G,205.742065,-0.765299,269.636770253,,0.060131,-20.5239,0.12458109458481505,12751462557.40615
389237,407718,,,1146203,13285349-0019211,,G,202.2229,-0.322544,239.07815375200002,,0.053574,-21.1347,0.12466454832579132,22381026425.10133
390008,408489,,,105290,13504376-0230249,,G,207.682358,-2.506938,264.963060946,,0.059132,-20.7629,0.1250748270853244,15891320986.6668
390009,408490,,,105310,13431578-0319156,,G,205.815765,-3.321015,248.886,,0.0556848878424,-19.0,0.1250749428799892,3133285724.315589
390020,408501,,,118148,13370983-0327017,,G,204.29097,-3.450477,244.189908246,,0.054675,-20.4226,0.12507927432165422,11615555921.373795
390021,408502,,,118210,13301109-0313224,,G,202.546249,-3.2228950000000003,273.88563090599996,,0.061038,-20.4568,0.12507971732657452,11987262066.129864
390126,408607,,,1083385,13340265-0246038,,G,203.511063,-2.767749,252.736243989,,0.056512,-20.8403,0.1251274927324243,17065538621.217104
390128,408609,,,1088799,13342020-0233128,,G,203.584183,-2.553579,262.051679965,,0.05850900000000001,-20.8659,0.12512826542516026,17472699183.4932
390131,408612,,,1093010,13275095-0224179,,G,201.962296,-2.404994,247.904441116,,0.055474,-20.6084,0.12512956531293729,13783515533.004072
390133,408614,,,1094565,13364215-0220541,,G,204.175659,-2.348373,279.261655269,,0.062184,-20.1931,0.1251301354756888,9402427643.74562
390139,408620,,,1107026,13593938-0153531,,G,209.914124,-1.898101,284.730753966,,0.063348,-20.8332,0.12513301174447644,16954305326.140188
390140,408621,,,1108449,13483443-0150457,,G,207.143494,-1.846032,242.103,,0.0542258071129,-19.62,0.12513321671364988,5546257129.579103
390143,408624,,,1112634,13392497-0141306,,G,204.85405,-1.691859,273.327871322,,0.060919000000000015,-20.5694,0.12513503539850426,13297193848.116356
390144,408625,,,1113131,13350559-0140211,,G,203.7733,-1.672532,249.99829829200002,,0.055924,-20.2777,0.12513541103566544,10164359100.407835
390149,408630,,,1118086,13234475-0127445,,G,200.936478,-1.462376,244.343,,0.054707967354,-19.15,0.1251370473047008,3597493351.557431
390157,408638,,,1127398,13424263-0104300,,G,205.677628,-1.075027,277.074574906,,0.061718,-20.719,0.12514132227505154,15261597656.254694
390168,408649,,,1144833,13250224-0022420,,G,201.259369,-0.378353,282.220654831,,0.062814,-21.2289,0.12514732079297264,24409562753.199257
394573,413054,,,3109271,13255609-0042087,,G,201.483734,-0.702443,253.02972779700002,,0.056575,-19.6979,0.12702595436037087,5958816340.017107
394657,413138,,,3111169,13313922-0020164,,G,202.913437,-0.337895,277.48747894400003,,0.061805999999999986,-20.1172,0.12707182227555933,8767585303.368124
394776,413257,,,118144,13365019-0329341,,G,204.209137,-3.492814,259.352828768,,0.057931,-19.8115,0.12712215946249766,6616068605.559978
394825,413306,,,1116687,13270966-0131187,,G,201.790268,-1.521863,264.046851204,,0.058936,-21.0844,0.1271474969237187,21367809343.84711
395054,413535,,,1125983,13212022-0107554,,G,200.33429,-1.13208,271.018123268,,0.060426,-19.723,0.12724711695522356,6098176639.987875
395388,413869,,,1094866,13300674-0220154,,G,202.528122,-2.337618,242.587287958,,0.05433,-20.4613,0.12739928919482327,12037048211.70406
395515,413996,,,48008,13361410-0102172,,G,204.058777,-1.038137,266.686,,0.0595003797502,-21.51,0.12748586154842612,31622776601.683792
395516,413997,,,48009,13361470-0102252,,G,204.061279,-1.040359,265.461,,0.0592385096193,-21.41,0.12748692737992218,28840315031.266117
395526,414007,,,48663,13441008-0012568,,G,206.042038,-0.215801,273.18727403400004,,0.060889,-20.7013,0.1274952137717953,15014815499.427084
395528,414009,,,48820,13462681-0117047,,G,206.611725,-1.284655,284.091304137,,0.063212,-21.0533,0.1274962840967125,20764429336.225185
395533,414014,,,49074,13494802-0043408,,G,207.450089,-0.728017,256.982607249,,0.057423,-20.7775,0.12749936096798814,16106456351.782732
395775,414256,,,105106,13273325-0628040,,G,201.88855,-6.467792,255.728184006,,0.057154,-20.0019,0.12764155456193044,7884242978.39753
395778,414259,,,105217,13412607-0357200,,G,205.358627,-3.955562000000001,284.00197868099997,,0.063193,-20.4256,0.12764306919026075,11647695270.170807
395779,414260,,,105229,13322508-0653154,,G,203.104507,-6.887632000000001,271.29914494900004,,0.060486,-20.6892,0.12764361793270046,14848411677.129602
395780,414261,,,105284,13485624-0346308,,G,207.234344,-3.77524,275.249947551,,0.061329,-20.6886,0.12764416637197765,14840208408.4535
395782,414263,,,105426,13585997-0358200,,G,209.749878,-3.972248,258.872117796,,0.057828,-21.1024,0.1276456988543712,21725010749.05172
395848,414329,,,117877,13282634-0346552,,G,202.109787,-3.782025,257.411736496,,0.057515,-20.5121,0.12767038340187406,12613627457.698195
395852,414333,,,118156,13373762-0352435,,G,204.406754,-3.878775,271.327248391,,0.060492,-20.8725,0.12767211557756428,17579236139.586895
395853,414334,,,118254,13362794-0651396,,G,204.116455,-6.8610000000000015,274.996734254,,0.061275,-20.0526,0.12767242087879133,8261140339.876994
395854,414335,,,118315,13335406-0532350,,G,203.475281,-5.543076,269.903632103,,0.060188,-20.34,0.12767281870056546,10764652136.29835
395859,414340,,,118662,13455933-0625422,,G,206.497238,-6.428392,276.408402862,,0.061576,-20.1508,0.1276742668677553,9043155526.230968
395860,414341,,,118883,13541197-0307590,,G,208.549881,-3.133066,277.783111258,,0.061869000000000014,-20.5825,0.12767476424802074,13458603540.559471
395862,414343,,,118989,13543604-0543491,,G,208.650208,-5.730306,265.201503039,,0.05918300000000001,-20.5979,0.12767555780703907,13650859602.129223
395938,414419,,,158879,13241097-0350015,,G,201.045746,-3.833766,249.27227955799998,,0.055768,-21.1894,0.12771964072726202,23537481951.034027
395939,414420,,,159254,13334864-0903005,,G,203.452698,-9.050158,278.210180727,,0.06196,-20.9389,0.12772033136220806,18687878420.03675
395942,414423,,,159274,13341378-0859002,,G,203.557434,-8.983414999999997,265.996431021,,0.059353,-20.3634,0.12772211759695204,10999172167.212908
395943,414424,,,159307,13374878-0609230,,G,204.453262,-6.156413,259.600211565,,0.057984,-20.8085,0.12772273007221074,16572956864.772085
395944,414425,,,159310,13375221-0819260,,G,204.467545,-8.323911,269.61804389099996,,0.060127,-20.2687,0.12772310260847036,10080451860.989964
395945,414426,,,159351,13401679-0613500,,G,205.069977,-6.2305660000000005,262.528171418,,0.058611,-21.1529,0.12772394371024598,22759357620.575928
396073,414554,,,184174,13501696-0823196,,G,207.570679,-8.388796000000001,275.686081057,,0.061422,-21.2881,0.12780612347501027,25777452781.51366
396870,415351,,,991188,13355937-0925439,,G,203.997406,-9.428876,273.351304766,,0.060924,-21.1526,0.12830473656887575,22753069846.3941
396889,415370,,,1006830,13350953-0812001,,G,203.789719,-8.200053,259.26414878099996,,0.057912,-21.2177,0.1283174730016683,24159058197.5716
396900,415381,,,1016450,13352526-0735131,,G,203.855286,-7.586991,283.578889569,,0.06310299999999999,-20.9004,0.12832519363086906,18036821195.187325
396901,415382,,,1016860,13521706-0733499,,G,208.071091,-7.563882,274.424728781,,0.061153,-21.3051,0.12832616130370475,26184241628.91013
396904,415385,,,1020369,13252992-0721231,,G,201.374695,-7.3564440000000015,256.50223387799997,,0.05732,-20.7895,0.12832788434272294,16285458868.290703
396910,415391,,,1023649,13243348-0709138,,G,201.139511,-7.153857,269.206089975,,0.060039,-20.8394,0.1283324899153941,17051398334.945063
396934,415415,,,1037801,13245292-0600394,,G,201.220505,-6.010952,248.09981239200002,,0.055516,-19.6721,0.12834751499319427,5818888025.193556
396947,415428,,,1041985,13243093-0539229,,G,201.128891,-5.656372,261.855497095,,0.058467,-21.2363,0.12835624237875914,24576498075.65271
396949,415430,,,1042271,13281191-0537592,,G,202.049652,-5.633138,275.310909108,,0.061342,-20.5851,0.12835752547970608,13490871323.864618
396968,415449,,,1049704,13403221-0504196,,G,205.134247,-5.0721370000000014,270.51702542099997,,0.06031900000000001,-21.004,0.12837005536710067,19842664984.84647
396969,415450,,,1049961,13325184-0503087,,G,203.216003,-5.052444,273.229452613,,0.060898,-20.2076,0.12837040751779566,9528839238.348387
396972,415453,,,1050497,13363183-0500401,,G,204.132645,-5.011152,265.187476569,,0.05918,-20.4888,0.12837205043480934,12345821684.71531
396979,415460,,,1051744,13565070-0455037,,G,209.211288,-4.9176980000000015,277.501556095,,0.061809,-20.2753,0.12837501323110967,10141915785.140556
396999,415480,,,1055766,13221699-0436572,,G,200.570816,-4.615895,281.017960366,,0.062558,-20.6667,0.12838434476030935,14543870536.974016
397002,415483,,,1056736,13383913-0432450,,G,204.663071,-4.545836,260.501211455,,0.058177,-20.382,0.1283855360019371,11189224819.552431
397012,415493,,,1057662,13591775-0428360,,G,209.82399,-4.476677,279.195928669,,0.06217,-21.0945,0.1283908558634821,21567509598.981674
397031,415512,,,1060578,13435591-0416063,,G,205.982971,-4.268431,276.74616404299996,,0.061648,-20.5194,0.12839894002719127,12698721539.840929
397041,415522,,,1063441,13230110-0403295,,G,200.754608,-4.0582129999999985,279.787513386,,0.062296,-20.1811,0.12840427844608018,9299080343.363907
397044,415525,,,1064310,13300482-0359404,,G,202.520111,-3.994563,267.264024607,,0.059624,-20.5057,0.12840598132146533,12539493654.161251
397050,415531,,,1066614,13343390-0348258,,G,203.641281,-3.807183,255.52304398200002,,0.05711,-20.8822,0.12840823940425622,17736993219.411434
397056,415537,,,1069914,13475313-0332209,,G,206.971405,-3.5391449999999995,263.060800048,,0.058725,-21.2253,0.12841220080200744,24328761447.318417
397059,415540,,,1071099,13252777-0327093,,G,201.365723,-3.452608,254.595407695,,0.056911,-19.9163,0.12841322992690266,7286517293.927967
397072,415553,,,1078751,13223569-0258342,,G,200.648712,-2.97617,264.383389287,,0.05900800000000001,-20.4862,0.12842036821750225,12316292658.06588
397073,415554,,,1079513,13315733-0256234,,G,202.988876,-2.939836,266.05722729400003,,0.059366,-21.2499,0.12842128792250698,24886280966.082176
397089,415570,,,1097177,13460873-0215357,,G,206.536407,-2.259933,274.405976123,,0.061149,-20.352,0.12842879587438766,10884287379.435928
397094,415575,,,1099484,13575963-0210524,,G,209.498459,-2.181243,284.237050643,,0.063243,-19.7614,0.1284303922813224,6317714557.106997
397109,415590,,,1107348,13594045-0153091,,G,209.918579,-1.885879,275.761120383,,0.061438,-20.7367,0.12843975698469626,15512435902.411469
397118,415599,,,1119678,13344905-0123378,,G,203.704407,-1.39385,242.020748665,,0.054208000000000006,-21.0353,0.1284449664258308,20423021756.599613
399097,417578,,,2816873,13251485-0758431,,G,201.31189,-7.978663,259.343493923,,0.057929,-20.5234,0.12921820452949295,12745591643.817972
399133,417614,,,3082289,13370971-0404247,,G,204.290466,-4.073533,247.299792793,,0.055344,-20.4301,0.12923788313011053,11696071108.550371
399134,417615,,,3082311,13403344-0527556,,G,205.139343,-5.4654690000000015,275.883062797,,0.061464,-20.3446,0.12923828264093418,10810356096.884329
399135,417616,,,3082320,13414974-0641268,,G,205.457275,-6.690789,258.81611708599996,,0.057816,-21.31,0.12923925469081152,26302679918.95381
399209,417690,,,3092751,13403715-0446236,,G,205.154816,-4.773244,261.762080678,,0.05844700000000001,-20.1045,0.12928433466254524,8665627169.767197
399210,417691,,,3092854,13354943-0550250,,G,203.955963,-5.840283,262.177803529,,0.05853600000000001,-20.977,0.12928504996308013,19355304139.797417
399212,417693,,,3092960,13483527-0634352,,G,207.146988,-6.5764580000000015,276.90098238400003,,0.061680999999999986,-21.0806,0.1292864410068183,21293154240.96408
399217,417698,,,3093123,13484992-0853187,,G,207.208023,-8.888546,267.324843567,,0.059637,-20.8312,0.12928916973825166,16923103088.720982
399224,417705,,,3094692,13502094-0457540,,G,207.587265,-4.965024,269.3184361,,0.060063,-20.9043,0.1292937679133361,18101726548.82737
399256,417737,,,3110771,13382578-0024450,,G,204.607437,-0.412511,274.157,,0.061095960548,-19.05,0.12931039041929784,3280952931.131191
399303,417784,,,3274649,13453254-0452208,,G,206.38559,-4.872447,257.892239479,,0.057618,-20.2982,0.1293221628502503,10358097626.819445
399304,417785,,,3274891,13420392-0502287,,G,205.516373,-5.041322,282.897355317,,0.062958,-20.5071,0.12932262686154264,12555673103.846836
399305,417786,,,3274932,13413386-0446509,,G,205.391113,-4.780833,257.318442883,,0.057495,-20.8104,0.12932324040954973,16601984344.898712
399306,417787,,,3274987,13404145-0400246,,G,205.172729,-4.006851,255.859,,0.057181978591,-18.87,0.12932334313748278,2779713267.759294
399307,417788,,,3275171,13365854-0348057,,G,204.243958,-3.801591,247.95560868099997,,0.055485,-20.5599,0.12932383027160296,13181353282.150505
399308,417789,,,3275281,13345961-0405431,,G,203.748398,-4.095308,283.997277405,,0.063192,-20.5516,0.12932431369598396,13080971516.608543
399493,417974,,,SDSSJ134855.25-013430.0,13485527-0134298,,G,207.230301,-1.574963,280.026993327,,0.062347,-21.354,0.12942922733935708,27390502512.868744
400099,418580,,,184184,13502680-0826276,,G,207.611679,-8.441009,280.928714657,,0.062539,-20.484,0.12975802601151284,12291361730.60175
400926,419407,,,986980,13475058-0944454,,G,206.960754,-9.745955,276.97135667099997,,0.061696,-20.0762,0.13014001341314696,8442673610.649558
400930,419411,,,988310,13424494-0938474,,G,205.687256,-9.646521,269.19204697,,0.060036,-20.7393,0.13014152520515654,15549627868.03595
400938,419419,,,995459,13331645-0904534,,G,203.318558,-9.0815,268.62569405799997,,0.059915,-20.0467,0.13014515038779348,8216370223.2198925
400947,419428,,,1002154,13421136-0833418,,G,205.547348,-8.561617,269.49164364,,0.0601,-20.2237,0.13014988562923716,9671191881.3998
400952,419433,,,1004002,13512981-0825014,,G,207.874237,-8.417061,271.52397896900004,,0.060534,-20.723000000000006,0.1301525166913155,15317927158.934238
400962,419443,,,1007712,13561597-0808300,,G,209.066544,-8.141688,266.548314007,,0.059471,-20.3029,0.13015715808012546,10403033571.586607
400977,419458,,,1014860,13295819-0740473,,G,202.492462,-7.679833,266.07125735700004,,0.05936900000000001,-19.804,0.13016349728414836,6570523909.635574
400978,419459,,,1015376,13233763-0738584,,G,200.90683,-7.649567,259.469516509,,0.057956,-20.2214,0.13016385393933966,9650726323.073246
400986,419467,,,1017790,13541122-0730332,,G,208.546783,-7.509222999999999,284.984686071,,0.063402,-20.2881,0.130166512090884,10262188790.924772
400989,419470,,,1018531,13554249-0727543,,G,208.927048,-7.4651070000000015,275.03893516799997,,0.06128400000000001,-20.056,0.13016769927225355,8287050779.06983
400993,419474,,,1019726,13550005-0723392,,G,208.750244,-7.394245,277.238792144,,0.061753,-20.1723,0.13016947927438158,9224014988.689884
401004,419485,,,1024719,13254033-0704401,,G,201.418076,-7.0778300000000005,271.617664185,,0.060554,-20.0298,0.13017471788002774,8089468719.322248
401011,419492,,,1028969,13243548-0646068,,G,201.147873,-6.768578999999999,267.928413756,,0.059766,-20.6741,0.13017820276067532,14643335068.246288
401026,419507,,,1035522,13384093-0612378,,G,204.670578,-6.210522,272.854550177,,0.060818,-20.7277,0.13018526132044786,15384380049.567268
401029,419510,,,1040116,13572133-0548403,,G,209.338913,-5.811218,261.271686795,,0.058342,-20.3955,0.13018653688662746,11329219729.705605
401033,419514,,,1042177,13495256-0538300,,G,207.469009,-5.641694,277.55317281,,0.061820000000000014,-20.2717,0.13018843624718313,10108343695.060144
401056,419537,,,1055499,13484096-0438087,,G,207.170685,-4.635752,269.430785933,,0.060087,-19.9152,0.13019741490606287,7279138788.7946205
403963,422444,,,3092957,13292501-0709353,,G,202.354218,-7.1598320000000015,270.971288573,,0.060416,-20.7716,0.13170702839099654,16019169621.363487
403964,422445,,,3093237,13421113-0926478,,G,205.546387,-9.446617,276.64295570400003,,0.061626,-20.7626,0.1317076155132611,15886930658.983528
403965,422446,,,3093240,13484188-0949557,,G,207.1745,-9.832157,274.330966521,,0.061133000000000014,-20.5424,0.13170809485864535,12970598018.597076
405506,423987,,,,13454030-0530158,,G,206.417923,-5.504393,274.37315922,,0.061142,-20.1907,0.13240938039982206,9381666703.896627
405507,423988,,,,13461861-0222087,,G,206.577545,-2.3691,265.379176668,,0.059221,-19.9523,0.13240965876092572,7532168032.911598
409817,428298,,,,13583800-0444561,,G,209.65834,-4.748928,253.67734624,,0.056714,-20.8154,0.13430797319512838,16678615622.839922
410620,429101,,,,13542512-0538421,,G,208.604706,-5.645033,270.30162282099997,,0.060273,-21.0822,0.13464264981630206,21324556124.74866
410621,429102,,,,13211832-0735515,,G,200.32637,-7.597639999999998,254.297126745,,0.056847,-20.5017,0.13464311152552486,12493381446.2846
410657,429138,,,,13454442-0806082,,G,206.43512,-8.102283,273.116977561,,0.060874,-21.2337,0.13466137184956292,24517715429.57545
410658,429139,,,,13464247-0910440,,G,206.676971,-9.178914,271.406876067,,0.060509,-19.3241,0.13466152792284014,4223183964.766114
410820,429301,,,,13541916-0837271,,G,208.579849,-8.624216,273.074800371,,0.060865,-19.7334,0.13473311229960475,6156870230.750861
412523,431004,,,,13384508-0114219,,G,204.687836,-1.239444,259.04945950900003,,0.057866,-20.5949,0.13548462746514442,13613192945.511343
412524,431005,,,,13573754-0226454,,G,209.406448,-2.445967,284.951767892,,0.063395,-20.2359,0.13548498891541133,9780476186.597788
414368,432849,,,3274092,13241452-0516389,,G,201.060516,-5.277486,269.153,,0.0600276900138,-18.41,0.1362449806577697,1819700858.6099825
414369,432850,,,3301662,13460067-0143337,,G,206.502792,-1.726044,260.615,,0.058201319100699984,-18.72,0.13624507013005902,2421029046.7361803
414498,432983,,,1136733,,,G,201.447,-0.70673,245.471,,0.0549507274754,-19.29,0.13626704486427493,4092606597.3001275
414649,433135,,,48108,,,G,204.33,-1.2956299999999998,259.418,,0.0579449089725,-20.03,0.13629538294580715,8090958991.783845
414797,433283,,,1145242,,,G,200.982,-0.362,244.343,,0.054707967354,-19.1,0.1363236048035814,3435579478.998757
414808,433294,,,3108281,,,G,204.374,-0.8839299999999999,266.686,,0.0595003797502,-19.19,0.13632607539503774,3732501577.957214
415154,433642,,,1105411,,,G,201.461,-1.96096,240.991,,0.0539861969931,-19.24,0.13639707167004755,3908408957.9240093
415158,433646,,,1145021,,,G,202.051,-0.37095,246.604,,0.055194327597199985,-19.67,0.13639791338901205,5807644175.2131605
416370,434864,,,48065,,,G,204.206,-0.19972,240.991,,0.0539861969931,-18.38,0.13661228028386802,1770108958.3174183
416477,434993,,,105117,,,G,200.081,-5.9760800000000005,263.027,,0.0587177093589,-19.1,0.13664190737817106,3435579478.998757
416499,435030,,,117980,,,G,200.308,-6.6231399999999985,261.818,,0.0584589892295,-18.71,0.13664514876608455,2398832919.019495
416500,435031,,,118924,,,G,209.51,-3.4284800000000004,275.423,,0.0613658106829,-20.09,0.1366454647671521,8550667128.846841
416896,435462,,,1037739,,,G,201.267,-6.01596,271.644,,0.0605596202798,-19.99,0.13672957993073506,7798301105.232576
416951,435517,,,1055789,,,G,204.599,-4.6145,254.683,,0.05692976846490001,-18.27,0.13673952585678947,1599558028.6146646
416988,435554,,,1062788,,,G,203.296,-4.10426,274.157,,0.061095960548,-20.4,0.13674520358791506,11376272858.234331
417006,435572,,,1065398,,,G,203.971,-3.9048,257.04,,0.057435238717599986,-19.75,0.13674790994843625,6251726927.756875
417036,435602,,,1072984,,,G,209.736,-3.31768,272.898,,0.0608273704137,-19.05,0.13675244466594022,3280952931.131191
417044,435610,,,1075367,,,G,201.659,-3.1629,279.254,,0.0621822910911,-18.73,0.1367538464195656,2443430552.693971
417057,435623,,,1079228,,,G,202.957,-2.95328,240.991,,0.0539861969931,-18.47,0.1367558831206081,1923091728.9101613
417063,435629,,,1081156,,,G,202.846,-2.86301,266.686,,0.0595003797502,-19.04,0.136756837625139,3250872973.8543468
417069,435635,,,1083410,,,G,202.534,-2.76695,269.153,,0.0600276900138,-18.95,0.13675780490319833,2992264636.608183
417073,435639,,,1083807,,,G,202.774,-2.75026,267.91700000000003,,0.0597635098818,-18.32,0.13675831178969827,1674942876.026445
417092,435658,,,1091811,,,G,202.474,-2.44526,238.781,,0.053509916755,-18.69,0.13676055140480428,2355049283.896009
417101,435667,,,1096154,,,G,201.24,-2.2919400000000003,239.883,,0.0537474268737,-19.55,0.13676165677711766,5199959965.335173
417103,435669,,,1097262,,,G,201.713,-2.25672,242.103,,0.0542258071129,-18.47,0.13676184048642198,1923091728.9101613
417110,435676,,,1100970,,,G,205.621,-2.12813,243.22,,0.0544662572331,-20.1,0.13676282280765095,8629785477.669737
417112,435678,,,1102765,,,G,202.047,-2.06023,239.883,,0.0537474268737,-18.6,0.13676298995190736,2167704104.819705
417125,435691,,,1113362,,,G,204.491,-1.6628599999999998,253.513,,0.0566788183394,-19.6,0.13676451202323936,5445026528.424242
417126,435692,,,1115065,,,G,209.576,-1.5934,245.471,,0.0549507274754,-18.78,0.13676460657912132,2558585886.905653
417130,435696,,,1116846,,,G,204.146,-1.51517,250.035,,0.055931847965900006,-19.62,0.13676545451418815,5546257129.579103
417134,435700,,,1117600,,,G,205.899,-1.48359,263.027,,0.0587177093589,-18.24,0.13676593250936392,1555965631.6050687
417149,435715,,,1123142,,,G,201.523,-1.25345,242.103,,0.0542258071129,-19.51,0.13676872862451686,5011872336.272736
417170,435736,,,1131031,,,G,202.136,-0.93341,244.343,,0.054707967354,-19.68,0.13677117014852508,5861381645.140297
417172,435738,,,1132615,,,G,208.06,-0.8709899999999999,276.694,,0.0616369208185,-19.02,0.13677137512989446,3191537855.1007576
417185,435751,,,1135966,,,G,201.984,-0.73777,244.343,,0.054707967354,-18.95,0.13677272598286494,2992264636.608183
417194,435760,,,1138795,,,G,201.008,-0.621,280.543,,0.0624569712285,-19.03,0.13677365628456833,3221068791.283441
417203,435769,,,1143626,,,G,201.983,-0.42461,246.604,,0.055194327597199985,-18.55,0.1367748511369564,2070141348.7910454
417214,435780,,,1147130,,,G,204.287,-0.28719,272.898,,0.0608273704137,-19.03,0.13677642867616194,3221068791.283441
417219,435785,,,1148014,,,G,200.826,-0.25241,243.22,,0.0544662572331,-18.5,0.13677711687815694,1976969640.111866
417225,435791,,,1149437,,,G,204.136,-0.19708,272.898,,0.0608273704137,-18.26,0.13677777962919493,1584893192.4611173
417228,435794,,,1151247,,,G,202.507,-0.12854000000000002,250.035,,0.055931847965900006,-19.06,0.1367780949989274,3311311214.8259077
420645,439265,,,3107916,,,G,203.248,-0.96326,239.883,,0.0537474268737,-18.38,0.1371481239415632,1770108958.3174183
420664,439284,,,3110680,,,G,205.422,-0.42887,238.781,,0.053509916755,-18.8,0.13714973235059424,2606153549.9988976
420671,439291,,,3111856,,,G,201.052,-0.20719,246.604,,0.055194327597199985,-18.86,0.13715040449254534,2754228703.338175
421176,439797,,,3272882,,,G,202.817,-2.8080000000000003,266.686,,0.0595003797502,-18.49,0.13718763846259696,1958844673.5059886
421177,439798,,,3273117,,,G,201.904,-3.03883,274.157,,0.061095960548,-18.19,0.1371876933772887,1485935642.287009
421178,439799,,,3273459,,,G,200.271,-3.16804,265.461,,0.0592385096193,-17.91,0.1371877358088048,1148153621.4968839
421183,439804,,,3273995,,,G,201.606,-5.51917,259.418,,0.0579449089725,-17.79,0.13718814895820966,1028016298.1264746
421184,439805,,,3274029,,,G,201.445,-5.4652,248.886,,0.0556848878424,-17.8,0.13718818730142687,1037528415.8180127
421185,439806,,,3274098,,,G,201.014,-4.7687,280.543,,0.0624569712285,-17.91,0.137188229732943,1148153621.4968839
421186,439807,,,3274119,,,G,200.86900000000003,-6.0329,257.04,,0.057435238717599986,-17.7,0.13718826470237272,946237161.3657912
421187,439808,,,3274122,,,G,200.828,-5.065,266.686,,0.0595003797502,-17.77,0.1371883020006308,1009252886.0766834
421188,439809,,,3274249,,,G,200.009,-5.1654,267.91700000000003,,0.0597635098818,-18.25,0.13718836003543852,1570362804.3335578
421189,439810,,,3274581,,,G,206.6,-4.90209,284.446,,0.0632875216438,-18.93,0.13718846860011685,2937649651.9615426
421190,439811,,,3274614,,,G,206.466,-3.8077,284.446,,0.0632875216438,-18.65,0.13718855248593598,2269864851.883821
421191,439812,,,3274954,,,G,205.305,-3.9982,251.189,,0.0561798580899,-18.18,0.13718860689716678,1472312502.4327226
421192,439813,,,3275136,,,G,204.459,-4.4259,283.139,,0.0630094815047,-18.5,0.13718867995866094,1976969640.111866
421193,439814,,,3275154,,,G,204.376,-4.341,281.838,,0.0627324913662,-19.08,0.1371888046075895,3372873086.588692
421194,439815,,,3275175,,,G,204.228,-4.1336,255.859,,0.057181978591,-18.53,0.1371888797159963,2032357010.936229
421195,439816,,,3275245,,,G,203.882,-3.7556,258.226,,0.057689548844800015,-18.39,0.1371889457379771,1786487574.8520534
421196,439817,,,3275246,,,G,203.878,-4.2015,255.859,,0.057181978591,-18.34,0.13718900878847926,1706082389.0031211
421197,439818,,,3275264,,,G,203.80900000000003,-4.5395,271.644,,0.0605596202798,-19.19,0.13718914672794824,3732501577.957214
421198,439819,,,3275307,,,G,203.636,-4.3203,274.157,,0.061095960548,-17.9,0.1371891887704499,1137627285.8234336
421199,439820,,,3275309,,,G,203.625,-4.3505,274.157,,0.061095960548,-18.59,0.13718926814632929,2147830474.130529
421200,439821,,,3275382,,,G,203.303,-3.25645,261.818,,0.0584589892295,-18.7,0.13718935598556528,2376840286.6248736
421201,439822,,,3275392,,,G,203.267,-3.1129,261.818,,0.0584589892295,-18.07,0.13718940515424535,1330454417.9780927
421210,439831,,,3276139,,,G,209.451,-3.2993,284.446,,0.0632875216438,-17.79,0.1371898018462648,1028016298.1264746
421211,439832,,,3276207,,,G,208.888,-3.9369,283.139,,0.0630094815047,-18.39,0.1371898678682456,1786487574.8520534
421473,440094,,,3299126,,,G,202.21,-1.077,267.91700000000003,,0.0597635098818,-18.38,0.13720563186831086,1770108958.3174183
421474,440095,,,3299222,,,G,201.495,-0.67038,245.471,,0.0549507274754,-18.33,0.13720569434076255,1690440931.643263
421475,440096,,,3299224,,,G,201.48,-0.7248,246.604,,0.055194327597199985,-17.96,0.1372057387720144,1202264434.617418
421476,440097,,,3299226,,,G,201.465,-0.6709999999999999,240.991,,0.0539861969931,-17.77,0.13720577607027248,1009252886.0766834
421478,440099,,,3299428,,,G,200.218,-1.369,248.886,,0.0556848878424,-17.81,0.13720585275995958,1047128548.0508987
421484,440105,,,3299942,,,G,202.392,-2.63291,269.153,,0.0600276900138,-19.1,0.13720617957304454,3435579478.998757
421485,440106,,,3299943,,,G,202.393,-2.64017,267.91700000000003,,0.0597635098818,-18.32,0.13720624147274538,1674942876.026445
421486,440107,,,3299946,,,G,202.35,-1.6368,238.781,,0.053509916755,-17.53,0.13720627137394067,809095899.1783848
421487,440108,,,3299947,,,G,202.353,-2.0738,274.157,,0.061095960548,-17.89,0.13720631303099434,1127197456.175514
421488,440109,,,3300022,,,G,201.977,-1.96453,240.991,,0.0539861969931,-18.09,0.13720636311378842,1355189412.3510349
421489,440110,,,3300094,,,G,201.461,-1.95266,238.781,,0.053509916755,-17.94,0.13720640673407855,1180320635.6517322
421490,440111,,,3300108,,,G,201.375,-2.0847,240.991,,0.0539861969931,-18.29,0.13720646694684066,1629296032.6397278
421498,440119,,,3300953,,,G,208.058,-0.8399700000000001,277.971,,0.0619090809545,-18.47,0.13720690199557453,1923091728.9101613
421501,440122,,,3301281,,,G,205.4,-0.43321,239.883,,0.0537474268737,-18.13,0.137207100348099,1406047524.1299126
421502,440123,,,3301300,,,G,205.241,-0.73845,272.898,,0.0608273704137,-18.72,0.1372071898203883,2421029046.7361803
421503,440124,,,3301341,,,G,204.879,-0.556,275.423,,0.0613658106829,-18.01,0.13720723634562054,1258925411.794166
421504,440125,,,3301342,,,G,204.886,-0.6212,276.694,,0.0616369208185,-18.57,0.1372073142727269,2108628149.9332972
421505,440126,,,3301362,,,G,204.75,-0.7823100000000001,274.157,,0.061095960548,-18.64,0.13720739738947624,2249054605.835792
421506,440127,,,3301373,,,G,204.55900000000003,-0.39658,272.898,,0.0608273704137,-18.08,0.1372074470131085,1342764961.137864
421507,440128,,,3301376,,,G,204.481,-0.6360600000000001,274.157,,0.061095960548,-18.07,0.13720749618178854,1330454417.9780927
421508,440129,,,3301399,,,G,204.18,-0.2601,272.898,,0.0608273704137,-18.06,0.13720754489968745,1318256738.5564046
421510,440131,,,3301464,,,G,203.49,-1.41034,240.991,,0.0539861969931,-17.87,0.1372076345143131,1106623783.9776676
421511,440132,,,3301892,,,G,204.413,-1.4456,260.615,,0.058201319100699984,-18.51,0.13720770825183698,1995262314.9688828
421512,440133,,,3301893,,,G,204.399,-1.6194,251.189,,0.0561798580899,-18.29,0.13720776846459906,1629296032.6397278
421513,440134,,,3301900,,,G,204.297,-1.9072,240.991,,0.0539861969931,-17.91,0.1372078108961152,1148153621.4968839
421514,440135,,,3301981,,,G,203.533,-1.49359,238.781,,0.053509916755,-18.04,0.13720785872481225,1294195841.4499862
421527,440148,,,3303236,,,G,209.901,-0.04039,265.461,,0.0592385096193,-18.28,0.13720841972484696,1614358556.8264935
421529,440150,,,3303338,,,G,209.685,-1.92488,274.157,,0.061095960548,-17.83,0.1372085011848008,1066596121.230259
421531,440152,,,3303870,,,G,208.284,-1.41784,270.396,,0.0602931301466,-17.86,0.13720858532687422,1096478196.1431873
423100,442634,,,SDSSJ133756.96-014253.7,,,G,204.487,-1.7149,258.226,,0.057689548844800015,-19.23,0.13741949003341924,3872576449.216165
427380,447984,,,47526,13311102-0143387,,G,202.795929,-1.727424,380.62369932400003,,0.08346669999999999,-22.8725,0.13817141078789513,110917481526.24008
427674,448278,,,,13235748-0423425,,G,200.989502,-4.395155,346.888060125,,0.07645,-22.6219,0.13880496053766522,88056212191.4415
427847,448451,,,1017628,13540726-0731142,,G,208.530258,-7.5206149999999985,358.551961584,,0.0788833,-22.1218,0.13913821357090386,55554596806.19518
427969,448573,,,159508,13525169-0236301,,G,208.215408,-2.608368,340.17844315599996,,0.0750467,-22.1115,0.13937038526468404,55030061732.34578
428466,449071,,,1129088,13272199-0100307,,G,201.841644,-1.008528,335.08656494900004,,0.07397999999999999,-21.7328,0.14026312732660606,38825763071.87251
428574,449179,,,1131933,13344358-0053538,,G,203.68161,-0.8982950000000001,389.32787845800004,,0.08526669999999999,-22.3056,0.1404449626863455,65802137294.658714
428619,449244,,,3112298,13210325-0007266,,G,200.26358,-0.124064,562.2714298669999,,0.120208,-20.9777,0.14052340613818834,19367786989.09943
428636,449261,,,SDSSJ134027.74-030657.4,13402778-0306577,,G,205.115768,-3.11603,837.3874557280002,,0.172983,-20.9916,0.1405376063738275,19617334617.09625
428742,449367,105201.0,PGC105201,PGC105201,13373326-0252245,,G,204.388596,-2.873499,309.62433055599996,,0.068623,-20.4552,0.14066071055360302,11969609993.65084
428744,449369,118593.0,PGC118593,PGC118593,13472452-0255534,,G,206.852173,-2.931527,296.10071642599996,,0.065762,-20.0952,0.14066144006352754,8591717722.187244
429038,449664,,,3301393,13365759-0114597,,G,204.239975,-1.249924,471.11781565900003,,0.101981,-20.6416,0.14086108179665247,14211502637.44844
429256,449882,,,117895,13211446-0319536,,G,200.310257,-3.33156,381.944,,0.08374006187000001,-19.95,0.14097941129741448,7516228940.182045
429360,449986,,,1071694,13315687-0324274,,G,202.986969,-3.407614,625.059774042,,0.132535,-21.2536,0.14103727646762715,24971233749.784496
429422,450048,,,1150066,13335649-0010249,,G,203.485413,-0.173584,651.581425501,,0.137689,-21.2308,0.14108725073220435,24452316023.089355
429444,450070,,,3108619,13450125-0049239,,G,206.255234,-0.823307,556.061597505,,0.118979,-20.9026,0.14110319272801472,18073405805.64452
429569,450195,,,1144055,13413338-0024320,,G,205.389099,-0.40889,528.167968199,,0.113436,-21.3759,0.14119786895103,27948596260.52567
429741,450367,,,3273391,13222467-0312082,,G,200.602829,-3.202284,448.1450483,,0.097322,-20.6581,0.1413066010450584,14429125141.633518
429748,450374,,,3299780,13315284-0156414,,G,202.970184,-1.944837,493.37888551099996,,0.10647,-20.5519,0.14131178206955214,13084586422.005022
429749,450375,,,3301600,13475959-0146116,,G,206.998322,-1.769889,477.140705402,,0.103198,-20.5752,0.14131227611687444,13368417492.17554
429781,450407,,,95645,13305061-0151433,,G,202.710892,-1.862034,310.661671776,,0.068842,-21.2694,0.14133767321267768,25337280536.728127
429784,450410,,,105315,13464638-0320494,,G,206.693268,-3.347067,486.502386561,,0.10508599999999997,-21.0394,0.1413400403452614,20500289778.599026
429788,450414,,,118192,13395088-0238500,,G,204.962006,-2.6472290000000003,403.24967830599996,,0.08813700000000001,-20.4479,0.14134257452520912,11889401685.05694
429803,450429,,,1083716,13421003-0245114,,G,205.541794,-2.753169,458.45362769699994,,0.099416,-20.6175,0.14135535401833246,13899526312.133554
429806,450432,,,1094006,13331983-0222145,,G,203.332657,-2.370704,485.289,,0.104841502421,-20.07,0.14135659013997368,8394599865.193998
429811,450437,,,1113311,13293089-0139536,,G,202.378738,-1.664899,642.688,,0.135964147982,-20.77,0.14136125598930213,15995580286.146713
430093,450719,,,3108688,13504916-0048419,,G,207.704834,-0.81166,374.775798215,,0.082255,-20.5099,0.14156242533050598,12588094658.183014
430270,450896,,,3301609,13474398-0223069,,G,206.933258,-2.385257,410.823147358,,0.08969400000000001,-20.2593,0.14167327555006778,9993554839.637094
430329,450955,,,3301985,13341179-0215578,,G,203.549133,-2.266081,542.001,,0.116189488095,-20.26,0.14170645841543295,10000000000.0
430374,451000,,,1129339,13542181-0100001,,G,208.590912,-1.000035,638.810314171,,0.135211,-21.6459,0.14173141619246307,35839339727.17768
430593,451219,,,1111701,13423656-0143373,,G,205.652359,-1.72705,377.858586765,,0.08289400000000001,-20.2766,0.14188195147639435,10154066422.469358
430661,451287,,,1110666,13214677-0145554,,G,200.444901,-1.765409,418.97284354199996,,0.091366,-21.9439,0.1419250496663897,47158501871.41751
430761,451387,,,3110896,13415581-0023137,,G,205.482559,-0.387157,376.98511057,,0.082713,-20.3786,0.14199472728420293,11154240391.795113
430799,451425,,,1108437,13391730-0150486,,G,204.822098,-1.84686,361.317022144,,0.079459,-21.1484,0.14202739679574775,22665223188.965645
430812,451438,,,1151826,13282808-0006182,,G,202.117035,-0.10508,471.211775876,,0.102,-20.7211,0.14203652077589368,15291144768.531446
430840,451466,,,3275231,13354672-0332460,,G,203.944687,-3.546119,328.262285285,,0.072548,-20.7651,0.1420551751427327,15923553816.479548
431172,451798,,,118562,13444337-0255289,,G,206.18071,-2.9246950000000003,307.006287601,,0.06807,-20.6417,0.14225843078689496,14212811625.493591
431279,451905,,,126120,13443576-0245138,,G,206.149017,-2.75386,303.68092487,,0.067367,-20.6201,0.14233667730536753,13932851233.380585
431396,452022,,,1072951,13221218-0319109,,G,200.550751,-3.3197019999999995,441.592038925,,0.095988,-20.8541,0.1424099501748608,17283830555.81369
431860,452486,,,1122841,13504829-0115569,,G,207.701218,-1.265826,344.09425800800005,,0.075866,-20.2484,0.14268450169135974,9893728763.24046
432046,452672,,,1082148,13362988-0249071,,G,204.124527,-2.818653,438.770868704,,0.095413,-21.0192,0.14280075509275728,20122410295.075428
432144,452770,,,95644,13304874-0149343,,G,202.70311,-1.826201,569.331081899,,0.121603,-20.8698,0.1428765306850389,17535574548.6853
432153,452779,,,105282,13481981-0251476,,G,207.08255,-2.863223,317.509147999,,0.070286,-20.7838,0.14288199618078404,16200185967.992529
432163,452789,,,117871,13273309-0243226,,G,201.887909,-2.722969,381.944,,0.08374006187000001,-20.14,0.1428906048803509,8953647655.495974
432164,452790,,,118142,13364163-0248071,,G,204.173477,-2.801984,804.272665384,,0.166792,-21.363000000000003,0.1428916255578711,27618494420.75306
432165,452791,,,118173,13384854-0241070,,G,204.702286,-2.685298,331.131,,0.0731503865752,-19.64,0.142891834337706,5649369748.123057
432166,452792,,,118194,13395608-0241550,,G,204.983704,-2.698616,416.869,,0.0909346654673,-19.94,0.1428921095631302,7447319739.059889
432167,452793,,,118230,13330556-0250295,,G,203.273178,-2.841539,542.001,,0.116189488095,-20.4,0.1428925299881466,11376272858.234331
432168,452794,,,118500,13503502-0252559,,G,207.645935,-2.882216,380.750730596,,0.083493,-20.3022,0.14289291419804534,10396328649.623608
432169,452795,,,118538,13425816-0321010,,G,205.74234,-3.350299,347.448036913,,0.076567,-20.5244,0.14289338566205978,12757336175.272593
432170,452796,,,126111,13502374-0251459,,G,207.598923,-2.8627700000000003,341.9790000000001,,0.0754236377118,-19.56,0.14289357961150864,5248074602.497712
432242,452868,,,1094050,13425860-0222080,,G,205.744171,-2.36891,565.402541553,,0.120827,-21.1298,0.14294626940867938,22280246941.51346
432247,452873,,,1099819,13224308-0210102,,G,200.679504,-2.169501,341.9790000000001,,0.0754236377118,-19.8,0.1429501214203788,6546361740.672761
432297,452923,,,1131926,13562599-0053554,,G,209.108307,-0.898732,589.2114243230001,,0.125519,-20.9954,0.14298327759399224,19686114193.74125
432322,452948,,,1132393,13260930-0052487,,G,201.538757,-0.880216,339.984029865,,0.07500599999999999,-20.0363,0.14300148834496848,8138043369.905581
432353,452979,,,1132950,13220066-0051249,,G,200.502777,-0.856928,336.799441021,,0.074339,-20.1769,0.14302300259262435,9263177797.86842
432365,452991,,,1133236,13252565-0050443,,G,201.356903,-0.845665,321.978536808,,0.071227,-21.3951,0.14303201499369422,28447231040.628708
432376,453002,,,1133575,13571044-0049573,,G,209.293518,-0.832606,453.27133284300004,,0.098364,-20.9648,0.1430394429249698,19139033385.23927
432391,453017,,,1133923,13203684-0049087,,G,200.153534,-0.81909,512.629576928,,0.110332,-20.715,0.1430518086448147,15205475297.324968
432392,453018,,,1133924,13374023-0049095,,G,204.417633,-0.8193299999999999,474.16028872199996,,0.102596,-20.7586,0.14305239360802047,15828508726.705175
432435,453061,,,1135253,13594829-0045581,,G,209.951233,-0.766153,417.36784740800005,,0.091037,-20.8116,0.14309172315887375,16620343679.973291
432448,453074,,,1135507,13232909-0045183,,G,200.871216,-0.755096,430.527,,0.0937303968652,-20.35,0.14309999630095654,10864256236.170687
432464,453090,,,1135891,13310555-0044237,,G,202.773132,-0.739925,824.176218525,,0.170518,-21.8521,0.14311357219378798,43335119649.40318
432474,453100,,,1136052,13303174-0044033,,G,202.632263,-0.734256,496.184528592,,0.107034,-21.2222,0.14312235617640898,24259396905.58729
432495,453121,,,1136622,13212109-0042404,,G,200.337875,-0.7112470000000001,503.501,,0.108502854251,-20.44,0.1431412777550123,11803206356.517323
432500,453126,,,1136711,13534349-0042291,,G,208.431213,-0.708091,698.232,,0.146681503341,-20.86,0.1431437449094372,17378008287.49384
432512,453138,,,1137048,13212542-0041364,,G,200.355942,-0.6934680000000001,500.64074769,,0.107929,-21.9116,0.1431527604479331,45776227622.72748
432517,453143,,,1137262,13211239-0041036,,G,200.301666,-0.684339,396.08905018900003,,0.086662,-20.313,0.14315624400077215,10500258721.108852
432554,453180,,,1137870,13584209-0039291,,G,209.675385,-0.658093,582.799630158,,0.124258,-21.9466,0.14318671400013314,47275921190.101685
432584,453210,,,1138332,13215579-0038189,,G,200.482498,-0.638595,461.08186872699997,,0.099949,-21.0729,0.14320590330446487,21142678214.21883
432600,453226,,,1138709,13561978-0037274,,G,209.082443,-0.62429,493.851330626,,0.106565,-20.741,0.14321668855493258,15573993890.80859
432652,453278,,,1139564,13565525-0035317,,G,209.23024,-0.592143,793.15384827,,0.164704,-21.4458,0.14325446306659168,29807118901.7698
432656,453282,,,1139649,13444799-0035209,,G,206.199966,-0.58914,330.78651337,,0.073078,-20.6667,0.14325708327446132,14543870536.974016
432674,453300,,,1139948,13263228-0034350,,G,201.634506,-0.576389,946.575510509,,0.193115,-21.8178,0.14327259962716787,41987498370.972565
432728,453354,,,1140815,13212388-0032314,,G,200.349533,-0.54208,396.83603168699995,,0.08681599999999999,-20.7861,0.14331509232218764,16234540465.232288
432760,453386,,,1141389,13492794-0030578,,G,207.366455,-0.516077,503.11245244,,0.108425,-20.8533,0.14334467635879689,17271100049.49352
432799,453425,,,1142037,13460034-0029277,,G,206.501419,-0.491044,343.55800000000005,,0.0757537578769,-19.91,0.1433753146008694,7244359600.74989
432815,453441,,,1142325,13485920-0028438,,G,207.246704,-0.478853,427.286659036,,0.093068,-20.9216,0.14338826622554007,18392467614.14128
432820,453446,,,1142412,13440734-0028318,,G,206.030624,-0.475523,378.29781558900004,,0.082985,-20.8392,0.14339134395281694,17048257640.572903
432830,453456,,,1142527,13500759-0028161,,G,207.531662,-0.47114,586.138,,0.124914782457,-20.58,0.14339852035078712,13427649611.378641
432846,453472,,,1142751,13463147-0027434,,G,206.631149,-0.462071,331.915849261,,0.07331499999999999,-20.6331,0.14341165827945687,14100678154.233566
432880,453506,,,1148596,13224702-0013475,,G,200.695923,-0.229881,414.49615074699994,,0.090448,-20.9636,0.14343353552149204,19117891829.222874
432888,453514,,,1150055,13424515-0010260,,G,205.688126,-0.173915,401.791,,0.0878367439184,-20.1,0.1434404957349501,8629785477.669737
432895,453521,,,1151325,13273111-0007316,,G,201.879654,-0.12547,458.83320884,,0.099493,-21.0763,0.14344478844680067,21208990618.524426
436715,457341,,,118169,13382953-0301420,,G,204.623047,-3.028342,413.692073595,,0.090283,-20.9764,0.1460704567085959,19344610958.357018
436795,457421,,,3106268,13232976-0219583,,G,200.874008,-2.3328740000000003,420.44183512300003,,0.091667,-20.8825,0.14612387065830676,17741894808.901752
436895,457521,,,1134861,13452983-0046540,,G,206.374298,-0.781678,398.107,,0.08707801353900001,-20.64,0.14618459375741602,14190575216.890957
437088,457714,,,1072223,13234289-0322153,,G,200.928741,-3.370917,420.727,,0.09172531586269997,-20.18,0.14630144224457334,9289663867.7994
437166,457792,,,3301178,13443538-0118418,,G,206.14743,-1.311638,701.455,,0.14729932365,-20.75,0.1463451530844938,15703628043.33558
437182,457808,,,1153697,13354788-0001450,,G,203.949509,-0.029175,306.906906716,,0.068049,-20.605,0.14635538407993695,13740419750.125149
437192,457818,,,3092589,13402637-0254207,,G,205.109894,-2.905753,302.07849973599997,,0.06702799999999999,-20.7976,0.14636545155270453,16407408840.605646
437310,457936,,,1142968,13485774-0027098,,G,207.240601,-0.452742,395.822307075,,0.086607,-21.0175,0.1464484419460581,20090928126.08732
437325,457951,,,95666,13312996-0139234,,G,202.874847,-1.656507,351.375091059,,0.077387,-21.3629,0.14646120239668914,27615950780.551918
437680,458306,,,1105827,13422843-0156413,,G,205.618469,-1.944831,382.27254551199997,,0.08380800000000001,-21.1489,0.14671343257216773,22675663313.717632
438103,458729,,,1125171,13412714-0109560,,G,205.363113,-1.165561,335.69719020400004,,0.07410800000000001,-20.7857,0.1469940271096803,16228560541.103987
438140,458766,,,49701,13581183-0201146,,G,209.549332,-2.020731,559.092107369,,0.119579,-21.5884,0.14702420699803634,33990691509.76868
438227,458853,,,1128483,13421114-0102004,,G,205.546432,-1.033447,455.14740022300003,,0.098745,-20.6508,0.14708495779633413,14332435631.89059
438317,458943,,,1074391,13495433-0313271,,G,207.476379,-3.224195,365.98542753,,0.08043,-21.6583,0.1471473788606769,36251000727.9341
438488,459114,,,1095026,13403985-0219572,,G,205.166061,-2.332566,442.588,,0.0961909680955,-20.49,0.14725976706829708,12359474334.445068
438687,459313,,,118545,13432132-0252546,,G,205.838837,-2.881848,623.438835918,,0.132219,-21.453000000000007,0.14737209976118415,30005440024.431183
438731,459357,,,1099281,13294317-0211171,,G,202.429886,-2.188089,382.818618315,,0.08392100000000001,-20.265,0.14740141538565354,10046157902.784008
438890,459516,,,3082278,13350453-0018231,,G,203.768906,-0.306421,309.614858531,,0.068621,-21.6941,0.14749737859390116,37466230442.84558
439015,459641,,,3110310,13235776-0030035,,G,200.990677,-0.500989,313.84665552900003,,0.06951399999999999,-20.6436,0.14757588075823858,14237705318.898329
439032,459658,,,1152815,13242614-0003519,,G,201.108932,-0.064429,299.226,,0.066424083212,-19.75,0.1475875160639435,6251726927.756875
439098,459724,,,1133442,13220506-0050149,,G,200.521118,-0.837482,308.350572215,,0.068354,-19.8692,0.1476426465371646,6977181169.228067
439110,459736,,,158766,13215519-0018489,,G,200.47998,-0.313595,402.389684252,,0.08796,-21.6472,0.14765103902429882,35882277454.95587
439229,459855,,,1126611,13392410-0106216,,G,204.850418,-1.106026,315.03228006,,0.06976399999999999,-20.7408,0.1477308960139495,15571125319.328238
439304,459930,,,1146367,13231435-0018565,,G,200.809814,-0.315712,411.34416656800005,,0.089801,-20.371,0.1477715101467343,11076434916.69742
439417,460043,,,1083833,13315759-0244564,,G,202.989975,-2.749002,490.043507684,,0.105799,-20.8162,0.14783519046588994,16690909409.627668
439485,460111,,,3303817,13533750-0239141,,G,208.406265,-2.653924,347.471969475,,0.076572,-19.8846,0.14787247874999102,7076850155.569179
439531,460157,,,1132904,13231475-0051335,,G,200.811478,-0.8593219999999999,367.178722965,,0.080678,-21.4294,0.1479017244024232,29360266952.510674
440139,460765,,,1150744,13564519-0008527,,G,209.188293,-0.147976,379.099180281,,0.083151,-21.2838,0.14827350763041527,25675564457.275368
440171,460797,,,1139893,13415941-0034457,,G,205.497559,-0.579379,372.92928597599996,,0.081872,-20.7641,0.14828859196162256,15908894433.353168
440183,460809,,,1131378,13261687-0055099,,G,201.570312,-0.919444,426.631450888,,0.092934,-21.0363,0.14829362083973388,20441840719.902348
440210,460836,,,118488,13493311-0313418,,G,207.38797,-3.228298,963.829,,0.196258328129,-21.21,0.14830978337167242,23988329190.195045
440297,460923,,,118898,13555221-0321255,,G,208.967575,-3.3570839999999995,289.012477734,,0.06425800000000001,-21.2626,0.14839126913190595,25179088250.52481
440324,460950,,,1080958,13315185-0252194,,G,202.966064,-2.87206,315.098686812,,0.06977799999999999,-21.4922,0.14842239830972553,31108566568.825226
440392,461018,,,3112089,13351313-0009461,,G,203.804733,-0.16281099999999998,299.645542466,,0.066513,-19.465,0.14847113028526066,4808393484.49729
440489,461115,,,117894,13210832-0325586,,G,200.284668,-3.432951,466.234951098,,0.100993,-20.941,0.14852817371420693,18724058959.867958
440557,461183,,,117868,13272441-0233256,,G,201.851746,-2.557138,293.765,,0.0652667726334,-19.88,0.14857141524247874,7046930689.671453
440562,461188,,,118597,13475664-0307375,,G,206.986023,-3.12711,412.508196519,,0.09004,-20.6632,0.14857511808465562,14497062124.46592
440776,461402,,,118184,13393719-0245306,,G,204.904999,-2.758522,364.609769752,,0.080144,-20.4031,0.1487072118086822,11408800870.224566
440789,461415,,,1145922,13491574-0020048,,G,207.315613,-0.334687,440.100242959,,0.095684,-20.2978,0.14871425602287705,10354282265.488092
440798,461424,,,1152793,13285049-0003551,,G,202.210388,-0.065323,459.198,,0.0995669297835,-20.17,0.14871880847272245,9204495717.53176
440826,461452,,,1102339,13315417-0204404,,G,202.975739,-2.077893,464.180809345,,0.100577,-20.4824,0.14873232151501167,12273261850.334051
440951,461577,,,3301264,13415841-0123177,,G,205.493408,-1.388268,399.945,,0.0874566437283,-19.86,0.1488030137827469,6918309709.18939
440954,461580,,,1152599,13543493-0004251,,G,208.645554,-0.073641,462.611296251,,0.100259,-21.4051,0.14880494608166558,28710450028.644737
440967,461593,,,1131941,13204398-0053517,,G,200.183258,-0.8977,391.852501629,,0.085788,-20.7366,0.14881135323879507,15511007220.059126
441043,461669,,,3108217,13472837-0053469,,G,206.86824,-0.896368,384.254253955,,0.084218,-20.5931,0.14885638379777766,13590642857.830791
441205,461831,,,1130077,13411420-0058200,,G,205.309189,-0.972238,498.723225115,,0.107544,-20.9053,0.14899802844740098,18118406535.34936
441265,461891,,,1123192,13355283-0115083,,G,203.970154,-1.252309,343.965144724,,0.075839,-20.7576,0.14904059677960388,15813936843.040243
441724,462350,,,118568,13452916-0315020,,G,206.371506,-3.250566,343.83603605800005,,0.075812,-20.5048,0.14937342277119264,12529103590.6589
441843,462469,,,118202,13402845-0305577,,G,205.118546,-3.099362,419.03627669599996,,0.091379,-20.9283,0.14945212390910365,18506317125.72253
442451,463077,,,118886,13545552-0316375,,G,208.731339,-3.277107,304.465861007,,0.06753300000000001,-20.0177,0.1498329684180019,7999816034.925062
442575,463201,,,1111653,13315444-0143424,,G,202.976837,-1.728448,392.645,,0.0859515729758,-20.13,0.1499085651308286,8871560120.37962
442580,463206,,,117890,13203993-0246117,,G,200.166382,-2.769923,598.242743232,,0.12729200000000002,-21.3664,0.14991210436148922,27705117730.71323
442681,463307,,,1116207,13210528-0132296,,G,200.272003,-1.541564,510.476672345,,0.109901,-21.1389,0.14996928703658394,22467771582.86444
442778,463404,,,1106607,13455590-0154468,,G,206.482956,-1.913003,460.208881113,,0.099772,-20.7238,0.1500300983209989,15329217983.951168
442802,463428,,,1099060,13291475-0211426,,G,202.311493,-2.195178,377.940636547,,0.082911,-20.3411,0.15004569002610374,10775563734.957336
443275,463901,,,105206,13391737-0249106,,G,204.822403,-2.8196380000000003,388.356355289,,0.085066,-20.4712,0.1503210540865255,12147306787.680664
443358,463984,,,3107375,13425649-0105260,,G,205.735413,-1.090578,307.61,,0.0681975340988,-19.47,0.1503641996315994,4830588020.397738
443771,464397,,,1083998,13320058-0244315,,G,203.002426,-2.742097,422.669,,0.0921230560615,-20.86,0.15059973783994554,17378008287.49384
443979,464605,,,105431,13594523-0308231,,G,209.938477,-3.139765,337.205116335,,0.074424,-20.6155,0.15073097110911254,13873946006.030651
444066,464692,,,1127814,13393109-0103296,,G,204.879578,-1.058246,424.348874782,,0.092467,-20.7236,0.15077998692914812,15326394497.706459
444143,464769,,,1094319,13284193-0221251,,G,202.174713,-2.356992,479.563316957,,0.103687,-21.0532,0.15082410346337846,20762516949.67693
444224,464850,,,1103795,13264776-0201093,,G,201.699036,-2.01926,548.903114639,,0.11756,-21.1585,0.15087139808624522,22877048874.073776
444427,465053,,,117889,13203659-0244587,,G,200.152466,-2.749645,532.860013492,,0.114371,-21.0811,0.1509917708340389,21302962359.10099
444661,465287,,,1126458,13414827-0106437,,G,205.451157,-1.112157,453.025196423,,0.098314,-20.9936,0.1511244792946397,19653504386.260075
444815,465441,,,1071236,13490319-0326318,,G,207.263306,-3.442186,354.342354226,,0.07800599999999999,-21.5421,0.15124388090977556,32571668043.509583
444857,465483,,,1118743,13285332-0126031,,G,202.222168,-1.43421,350.277961336,,0.077158,-21.2511,0.15128440778126848,24913801505.88792
444908,465534,,,3112054,13442788-0009599,,G,206.116196,-0.166641,373.73913070699996,,0.08204,-20.3458,0.15132881643643986,10822310749.15571
445069,465695,,,1085606,13272428-0240236,,G,201.851196,-2.673249,383.350270636,,0.084031,-21.212,0.1514652883007854,24032558049.332474
445382,466008,,,48771,13452068-0158080,,G,206.336197,-1.968899,296.43097383599996,,0.065832,-21.2556,0.15170637882195356,25017274854.65898
445387,466013,,,105406,13544570-0232465,,G,208.69043,-2.546275,361.93689001800004,,0.079588,-21.5342,0.1517105250418601,32335531213.207832
445462,466088,,,158850,13233085-0004313,,G,200.878571,-0.075373,310.912763804,,0.068895,-21.0522,0.1517637699860322,20743402768.62532
445465,466091,,,1131742,13390822-0054190,,G,204.784286,-0.9053,384.46698782,,0.084262,-21.2323,0.15176676446549248,24486121492.721783
445544,466170,,,1134362,13385569-0048070,,G,204.732071,-0.801966,447.211037723,,0.097132,-21.4326,0.15183743771230854,29446928375.424324
445782,466408,,,1130953,13215553-0056119,,G,200.4814,-0.936651,684.827617492,,0.144107,-21.3169,0.152022293316619,26470369276.789524
445857,466483,,,184152,13474264-0138509,,G,206.927689,-1.647479,308.700928098,,0.068428,-20.4827,0.15207489173321967,12276653546.466162
445868,466494,,,1094420,13514378-0221136,,G,207.932434,-2.353794,299.362201411,,0.066453,-21.151,0.15208256105367082,22719564377.352715
446046,466672,,,1119245,13345658-0124441,,G,203.735779,-1.412252,349.928291002,,0.077085,-20.7549,0.15221481261869318,15774659730.229315
446131,466757,,,118168,13382011-0256400,,G,204.583817,-2.944458,345.495673081,,0.076159,-20.5862,0.1522728143568059,13504546356.88766
446168,466794,,,105405,13540689-0305240,,G,208.528732,-3.090011,425.19429610699996,,0.09264,-21.2969,0.15229841748654846,25987230588.46756
446266,466892,,,1125782,13252052-0108243,,G,201.335541,-1.140111,342.306210921,,0.07549199999999999,-20.5921,0.15236751831864415,13578131175.898241
446290,466916,,,1125472,13305661-0109093,,G,202.735886,-1.15259,372.505152481,,0.08178400000000001,-21.0667,0.1523845896147028,21022288894.72209
446645,467271,,,1094757,13225282-0220305,,G,200.720108,-2.3418240000000003,416.431504906,,0.090845,-21.2017,0.15262779348307268,23805647580.426132
446884,467510,,,1133563,13300126-0049574,,G,202.50528,-0.83262,427.00793744099997,,0.093011,-20.6082,0.15278081352698974,13780976749.450212
447177,467803,,,3092524,13240796-0109595,,G,201.033173,-1.1665450000000002,359.073882476,,0.07899199999999999,-20.8899,0.1529720597825472,17863230408.428932
447290,467916,,,1112042,13223206-0142502,,G,200.633621,-1.7139490000000002,538.291347837,,0.115452,-21.3041,0.15304571227340005,26160136153.81734
447397,468023,,,1110970,13391476-0145160,,G,204.811539,-1.7544650000000002,419.70482858400004,,0.091516,-21.1417,0.15311492841144084,22525788390.976925
447430,468056,,,1087225,13222920-0236412,,G,200.621704,-2.61145,533.894483942,,0.114577,-21.6743,0.15313361719825405,36789170861.55947
447541,468167,,,118195,13400021-0231470,,G,205.000916,-2.529726,427.374680581,,0.093086,-21.153,0.15320737530039094,22761453931.416473
447596,468222,,,118911,13565011-0250587,,G,209.208817,-2.849643,435.51068256699995,,0.094748,-21.183000000000003,0.15324376047919597,23399145610.55105
447616,468242,,,1072824,13263910-0319433,,G,201.662918,-3.328705,354.29919411699996,,0.077997,-20.4529,0.1532555758672382,11944280669.77078
447651,468277,,,1128095,13475344-0102529,,G,206.972702,-1.048034,361.571683836,,0.079512,-20.574,0.15327666799467965,13353650333.271872
447783,468409,,,118216,13314351-0311324,,G,202.931305,-3.192339,336.613322978,,0.0743,-20.2577,0.15336168599496786,9978838638.941872
447881,468507,,,3111615,13220552-0015259,,G,200.523026,-0.257204,340.408,,0.0750947775474,-19.47,0.15341905116535473,4830588020.397738
448009,468635,,,1090673,13225802-0229105,,G,200.741791,-2.486269,448.936674355,,0.097483,-20.8329,0.15349686993431,16949621325.603819
448024,468650,,,1109414,13325315-0148418,,G,203.221466,-1.811612,380.968094562,,0.083538,-20.8434,0.15350558253702798,17114333868.290325
448305,468931,,,126078,13393506-0247296,,G,204.896103,-2.791578,422.669,,0.0921230560615,-20.46,0.15366842086155805,12022644346.17418
448409,469035,,,1119596,13414634-0123507,,G,205.443115,-1.397435,371.27158674699996,,0.081528,-20.2785,0.15372458321427246,10171851236.832205
448418,469044,,,1118892,13244606-0125410,,G,201.191925,-1.428079,371.535,,0.0815827307914,-19.75,0.15373012100563588,6251726927.756875
448450,469076,,,1072878,13274501-0319289,,G,201.937561,-3.3247160000000004,352.999835041,,0.077726,-20.1049,0.1537483666393822,8668820292.956902
448483,469109,,,117910,13224489-0248502,,G,200.687073,-2.813945,484.44768456,,0.104672,-20.8642,0.1537669407921371,17445362574.19507
448562,469188,,,1068991,13210344-0336546,,G,200.264359,-3.615175,377.00923698,,0.082718,-20.3988,0.153817457171316,11363706282.637232
448854,469480,,,1105981,13294409-0156171,,G,202.433746,-1.938089,407.38,,0.0889864944932,-20.08,0.15397676244032565,8472274141.40598
449147,469773,,,1136247,13390662-0043350,,G,204.777618,-0.7264109999999999,439.138731104,,0.095488,-20.573,0.15414229627523285,13341356829.031096
449324,469950,,,1112226,13583598-0142216,,G,209.649933,-1.706002,337.287,,0.07444125722060001,-19.54,0.15424548007137392,5152286445.817583
449368,469994,,,1143726,13410713-0025172,,G,205.279739,-0.421457,394.93976493199995,,0.086425,-21.4607,0.15427496699097829,30218993830.144287
449514,470140,,,1129753,13272039-0059067,,G,201.834976,-0.985195,346.002803547,,0.076265,-20.3144,0.15439547027619768,10513806988.076305
449541,470167,,,1145055,13482033-0022116,,G,207.084747,-0.36989,416.869,,0.0909346654673,-20.55,0.15441698363650666,13061708881.318405
449557,470183,,,1086443,13254431-0238308,,G,201.434662,-2.64189,328.90031779,,0.07268200000000001,-21.1303,0.15442950472377998,22290509737.323368
449573,470199,,,1107767,13344185-0152158,,G,203.674393,-1.871072,679.204,,0.143024771512,-20.86,0.15444046692880048,17378008287.49384
449696,470322,,,1129317,13244439-0100020,,G,201.184967,-1.000579,357.06727190199996,,0.078574,-20.9138,0.15453745415922696,18260808412.691284
449742,470368,,,118182,13393246-0234056,,G,204.885254,-2.568246,345.538728564,,0.076168,-21.0255,0.15457031144699845,20239510279.8878
449762,470388,,,1116537,13215240-0131459,,G,200.468369,-1.529429,479.17183425800005,,0.103608,-21.4755,0.15458450781887734,30633738446.9643
449771,470397,,,200300,13361223-0101532,,G,204.050995,-1.0314709999999998,297.936400992,,0.066151,-21.2186,0.15459290834305242,24179092683.439823
449794,470420,,,117863,13255166-0327597,,G,201.465286,-3.466611,426.34299914,,0.092875,-20.6198,0.15460895292157764,13929001976.133244
449837,470463,,,158868,13235387-0331205,,G,200.974472,-3.522377,364.98970759300005,,0.080223,-21.4454,0.15464152526014308,29796139575.936863
449843,470469,,,1107925,13274994-0151519,,G,201.958115,-1.864438,864.858040569,,0.17808800000000002,-21.6267,0.15464657089141576,35211133021.98462
450055,470681,,,1117715,13293975-0128421,,G,202.415634,-1.478368,446.90138884099997,,0.097069,-20.7821,0.1548069155668638,16174840247.236202
450087,470713,,,1086414,13271480-0238357,,G,201.811707,-2.643251,384.626546195,,0.08429500000000001,-20.9742,0.15482881261098935,19305453144.71805
450095,470721,,,1089171,13361980-0232242,,G,204.082535,-2.540079,440.14439973699996,,0.095693,-21.58,0.1548357539838128,33728730865.886925
450118,470744,,,1105637,13294630-0157041,,G,202.442917,-1.951144,421.642825466,,0.091913,-21.0797,0.15485273968655794,21275511006.649303
450482,471108,,,105311,13441735-0324248,,G,206.072311,-3.406915,371.26195113800003,,0.081526,-21.1414,0.15510837649368642,22519565145.442783
450498,471124,,,1098343,13272100-0213096,,G,201.83754,-2.219361,392.645,,0.0859515729758,-20.04,0.15511669708243067,8165823713.585939
450766,471392,,,118556,13442097-0248419,,G,206.087387,-2.811639,896.573680895,,0.183948,-21.5749,0.1552879175993495,33570669308.992077
450798,471424,,,118585,13470682-0308025,,G,206.778458,-3.134028,376.704,,0.08265478132739999,-19.74,0.1553060606257532,6194410750.767812
450844,471470,,,1081380,13265358-0251103,,G,201.723267,-2.85287,408.96364319,,0.089312,-20.3324,0.15533397687657294,10689564201.637987
451090,471716,,,1120784,13252339-0121023,,G,201.347488,-1.350665,565.49362629,,0.120845,-21.0891,0.1554905833187167,21460508093.662357
451514,472140,,,1150047,13345586-0010271,,G,203.732788,-0.174197,308.573091497,,0.068401,-21.0138,0.15575915003185767,20022578268.46408
451583,472209,,,1114632,13351346-0136411,,G,203.806091,-1.611422,367.284598535,,0.0807,-21.089,0.15581047823359218,21458531598.843792
451595,472221,,,1137663,13211106-0039596,,G,200.296112,-0.666562,480.839,,0.103944381972,-20.62,0.15581793291035645,13931568029.453035
451599,472225,,,159303,13374412-0210285,,G,204.433868,-2.174607,300.632693533,,0.066722,-21.2202,0.1558211448350576,24214750578.45481
451665,472291,,,1117921,13445798-0128099,,G,206.241608,-1.469418,674.674647712,,0.142152,-21.4045,0.15587062009113387,28694588430.750088
451734,472360,,,1092593,13525823-0225071,,G,208.24263,-2.418643,483.118149187,,0.104404,-20.5093,0.15591384779499629,12581140141.77771
451947,472573,,,1077443,13243941-0302529,,G,201.164246,-3.048034,447.034092494,,0.097096,-20.6887,0.15603479721495436,14841575305.106728
452066,472692,,,3106470,13234695-0155505,,G,200.945633,-1.93071,318.667512961,,0.07053,-19.8427,0.15609894285359216,6808947725.9460535
452090,472716,,,48485,13414501-0010197,,G,205.437561,-0.172157,368.627557819,,0.080979,-21.4569,0.15611414298030996,30113414355.09806
452094,472720,,,48520,13420800-0016314,,G,205.53334,-0.275393,360.31296294,,0.07925,-21.8284,0.15611785883854792,42399428227.00285
452100,472726,,,48660,13440833-0104258,,G,206.034729,-1.073856,302.77326648400003,,0.067175,-20.9556,0.1561221016269711,18977543693.085743
452106,472732,,,48879,13471357-0040165,,G,206.806564,-0.67125,337.319668249,,0.074448,-21.0572,0.15612769369441246,20839149965.46561
452107,472733,,,48978,13482949-0131497,,G,207.12291,-1.530477,300.40123114,,0.066673,-21.1675,0.15612854618295308,23067471887.20067
452118,472744,,,49702,13581190-0201016,,G,209.549606,-2.01712,625.1623851090001,,0.132555,-21.441,0.15613617287713905,29675633580.735317
452479,473105,,,1099301,13295057-0211141,,G,202.460739,-2.187253,421.003226779,,0.091782,-20.6104,0.15639085709256878,13808929106.500458
452825,473451,,,1129227,13281096-0100163,,G,202.0457,-1.004528,963.90435418,,0.196272,-22.0282,0.15658455103050706,50965935468.43359
452885,473511,,,1113693,13454590-0138578,,G,206.441269,-1.649393,887.1560000000002,,0.182211631106,-21.81,0.1566211246482941,41686938347.03346
452922,473548,,,1109783,13445698-0147539,,G,206.237442,-1.798307,442.99602810199997,,0.096274,-20.496,0.15664286272912686,12427964384.409157
453129,473755,,,1124253,13412968-0112260,,G,205.373672,-1.207226,695.0239999999999,,0.146065993033,-21.17,0.15676632149657416,23120647901.75608
453292,473918,,,1153265,13542913-0002431,,G,208.621384,-0.04531,289.125474167,,0.064282,-20.7534,0.15686642174472992,15752881279.908703
453302,473928,,,1150926,13223677-0008262,,G,200.653229,-0.14061500000000002,395.33736813,,0.086507,-21.1598,0.15687476387984275,22904456982.15837
453307,473933,,,1148475,13244068-0014049,,G,201.16951,-0.234701,304.413841721,,0.067522,-20.5223,0.15687884541067112,12732685146.84869
453582,474208,,,46699,13222339-0150282,,G,200.597488,-1.841174,489.779,,0.105745762873,-20.43,0.15704457150884768,11694993910.198748
453820,474446,,,3303465,13574041-0138074,,G,209.418396,-1.635412,928.966,,0.189896374948,-21.71,0.15718789460318086,38018939632.05628
453873,474499,,,118895,13553025-0234595,,G,208.876053,-2.583207,570.217530862,,0.121778,-20.8492,0.15722751796835502,17206003226.327072
453959,474585,,,1097436,13393945-0215016,,G,204.914413,-2.250465,323.523471381,,0.071552,-20.7425,0.15728255670867633,15595525028.269587
454057,474683,,,117887,13201238-0336276,,G,200.051605,-3.607667,500.29203969199995,,0.107859,-21.1171,0.1573404605495993,22021150244.33598
454591,475217,,,118574,13462368-0238077,,G,206.598694,-2.635488,557.571529304,,0.119278,-21.1765,0.15765817658125894,23259479935.36115
454866,475492,,,1094284,13325788-0221325,,G,203.241196,-2.359039,654.636,,0.13828065914,-20.76,0.15783580163576064,15848931924.611176
454985,475611,,,1108078,13322332-0151345,,G,203.097168,-1.859591,366.4380000000001,,0.08052412026210001,-19.69,0.1579094085815535,5915616341.754743
455047,475673,,,117899,13213090-0245254,,G,200.378784,-2.757079,510.505,,0.109906704953,-20.29,0.15794661732932574,10280162981.264746
455396,476022,,,1150322,13454042-0009478,,G,206.418457,-0.16328199999999998,302.248633927,,0.067064,-20.1428,0.15814608841949626,8976767975.017643
455533,476159,,,1097458,13385649-0215000,,G,204.735382,-2.250021,380.900468854,,0.083524,-20.4051,0.15824340523222685,11429836026.221321
455537,476163,,,3109711,13340570-0037418,,G,203.523773,-0.628304,321.417773017,,0.071109,-19.8763,0.15824633286572148,7022956849.025768
455544,476170,,,118943,13594423-0314171,,G,209.934311,-3.238099,610.942,,0.129778804889,-20.66,0.1582511494434901,14454397707.459282
455844,476470,,,1118056,13280790-0127483,,G,202.032928,-1.463418,352.568416248,,0.077636,-20.2762,0.15845400826206973,10150326215.166904
455863,476489,,,1117093,13311469-0130167,,G,202.811218,-1.504646,378.43780054800004,,0.083014,-20.425,0.15846427168221072,11641260294.10493
456125,476751,,,48459,13413045-0025140,,G,205.376877,-0.420559,339.955370317,,0.075,-21.0811,0.15862083922539652,21302962359.10099
456166,476792,,,1150897,13451557-0008310,,G,206.31488,-0.141954,378.302642569,,0.082986,-21.0302,0.15864911460565145,20327314194.1603
456198,476824,,,95659,13310989-0141077,,G,202.791214,-1.68548,353.522399683,,0.077835,-21.0821,0.15867378631935627,21322592150.992386
456457,477083,,,1131191,13451436-0055380,,G,206.309845,-0.927231,333.007402897,,0.07354400000000001,-20.0053,0.1588447591004694,7908971307.643702
456475,477101,,,1146357,13295866-0018570,,G,202.494431,-0.315861,598.946480039,,0.12743,-21.1099,0.15885747046979734,21875601329.36604
456606,477232,,,1107364,13321571-0153065,,G,203.065491,-1.885149,367.660000129,,0.080778,-21.3782,0.15894598089046302,28007864714.294308
456718,477344,,,1128454,13212569-0102044,,G,200.357071,-1.034579,487.528,,0.105292582646,-20.89,0.1590184041338253,17864875748.52061
456740,477366,,,1112667,13212596-0141254,,G,200.358185,-1.6904130000000002,393.461244695,,0.08612,-20.3995,0.15903239532517002,11371035097.106495
457304,477930,,,105194,13362961-0323071,,G,204.123413,-3.3853190000000004,562.341,,0.120221700111,-21.38,0.1595072858623819,28054336379.51716
457334,477960,,,46698,13222373-0148482,,G,200.598877,-1.813396,405.675235793,,0.088636,-20.5049,0.15952986082963927,12530257616.889221
457336,477962,,,46862,13241512-0324599,,G,201.063019,-3.416653,327.56248534599996,,0.072401,-20.9915,0.1595313187210486,19615527877.010826
457338,477964,,,46923,13250024-0006000,,G,201.251022,-0.10002,305.847019128,,0.067825,-20.3635,0.15953264013656035,11000185275.062195
457346,477972,,,47436,13301034-0206184,,G,202.543121,-2.105118,375.89958483199996,,0.082488,-21.5934,0.15954022549868285,34147585413.195312
457360,477986,,,48162,13375709-0143086,,G,204.487915,-1.719063,298.365968196,,0.066242,-21.2667,0.15954772180109492,25274350272.377083
457365,477991,,,48299,13393304-0150556,,G,204.887695,-1.848801,369.224586016,,0.081103,-21.6835,0.15955220586479782,37102228861.746506
457368,477994,,,48385,13403213-0026216,,G,205.133911,-0.43936,330.681698595,,0.073056,-21.2841,0.15955467249081484,25682659858.132847
457548,478174,,,90182,13462321-0052367,,G,206.59671,-0.876877,304.163214177,,0.067469,-20.6235,0.15968411667540805,13976550562.990412
457576,478202,,,91310,13450793-0247470,,G,206.283066,-2.796397,347.96980263300003,,0.076676,-21.4077,0.15970402128732622,28779284999.325317
457694,478320,,,95629,13301842-0200464,,G,202.576752,-2.012893,389.045,,0.08520817260410002,-19.94,0.15978322490271554,7447319739.059889
457695,478321,,,95632,13303693-0153033,,G,202.653915,-1.884256,387.46105448599997,,0.084881,-20.4911,0.15978368212622185,12372002525.961702
457696,478322,,,95634,13303833-0155043,,G,202.659744,-1.917868,505.825,,0.108969054485,-21.03,0.15978443321028982,20323570109.36229
457697,478323,,,95636,13304434-0153183,,G,202.684769,-1.888423,407.280166771,,0.088966,-20.6255,0.1597849506843087,14002320047.85851
457698,478324,,,95637,13304621-0152273,,G,202.692551,-1.874257,414.423045807,,0.090433,-20.8872,0.1597856092036723,17818863460.281654
457699,478325,,,95642,13305014-0147543,,G,202.708939,-1.798423,420.451597752,,0.091669,-20.3566,0.15978601315454413,10930499280.675056
457700,478326,,,95649,13305634-0142183,,G,202.734787,-1.7050900000000002,413.048,,0.0901507350754,-20.13,0.15978634101463116,8871560120.37962
457701,478327,,,95650,13305661-0143233,,G,202.735901,-1.723145,372.83288772,,0.081852,-20.3446,0.1597867405254548,10810356096.884329
457702,478328,,,95651,13305668-0153573,,G,202.736176,-1.899256,385.478,,0.08447107223549999,-19.78,0.1597869780390917,6426877173.17022
457703,478329,,,95662,13311956-0145377,,G,202.831512,-1.760479,339.463416991,,0.074897,-20.262,0.15978734828353544,10018437657.2403
457704,478330,,,95663,13312216-0143137,,G,202.842346,-1.720478,452.941513564,,0.098297,-20.8012,0.15978795665459986,16461901547.244831
457780,478406,,,105212,13402544-0254357,,G,205.106003,-2.90992,422.669,,0.0921230560615,-20.84,0.1598413005437974,17060823890.03121
457781,478407,,,105281,13481840-0239126,,G,207.076706,-2.653501,324.82649207599997,,0.071826,-20.9983,0.15984203001566835,19738766064.55277
457782,478408,,,105303,13525296-0234141,,G,208.220688,-2.57059,448.73998208800003,,0.097443,-21.211,0.15984291735258413,24010433435.693302
457783,478409,,,105413,13562017-0316194,,G,209.084045,-3.272067,398.61192115800003,,0.08718200000000001,-21.0888,0.15984371023456806,21454579155.290283
457922,478548,,,117854,13251468-0306144,,G,201.311172,-3.104,496.806610663,,0.107159,-21.1879,0.1599432150113681,23504986170.45243
457923,478549,,,117856,13252488-0233513,,G,201.353699,-2.564276,876.8881721000001,,0.180315,-21.6507,0.15994454536944236,35998134890.78797
457924,478550,,,117859,13253578-0329243,,G,201.399124,-3.490105,478.63,,0.103498551749,-20.14,0.1599448762631814,8953647655.495974
457925,478551,,,117860,13254465-0244058,,G,201.43605,-2.734945,385.478,,0.08447107223549999,-19.61,0.1599450793531862,5495408738.576271
457926,478552,,,117861,13254766-0333018,,G,201.448593,-3.5505,551.055934637,,0.117987,-21.185,0.15994594569355128,23442288153.19918
457927,478553,,,117862,13254979-0325067,,G,201.457489,-3.4185550000000005,415.2224027,,0.090597,-21.3434,0.15994694811084334,27124391241.36008
457928,478554,,,117869,13272975-0235516,,G,201.873993,-2.597692,306.589853189,,0.067982,-20.0898,0.15994726405370674,8549092182.81589
457929,478555,,,117876,13282567-0332002,,G,202.106979,-3.533414,392.618022123,,0.08594600000000001,-20.3999,0.15994768444000235,11375225113.033585
457930,478556,,,117879,13285222-0257061,,G,202.21759,-2.951711,903.124895152,,0.185154,-21.9617,0.15994945605174327,47938009816.38221
457931,478557,,,117880,13292250-0307566,,G,202.343781,-3.1324,462.37937714099996,,0.100212,-20.999,0.15995018599407376,19751496220.60768
457932,478558,,,117883,13294678-0246151,,G,202.444946,-2.770865,597.035,,0.127055103528,-20.69,0.15995073514099084,14859356422.87009
457934,478560,,,117898,13213017-0301354,,G,200.375748,-3.026523,404.221658725,,0.088337,-21.2351,0.15995248527971265,24549350131.433136
457935,478561,,,117907,13222553-0233062,,G,200.606415,-2.551729,538.6483260269999,,0.115523,-21.0435,0.15995324576103095,20577850134.773804
457936,478562,,,117909,13223621-0241442,,G,200.650909,-2.695615,483.059,,0.104392102196,-20.39,0.15995366233156766,11271974561.75514
457937,478563,,,117911,13224895-0306245,,G,200.703964,-3.106824,581.321344006,,0.123967,-21.0331,0.1599544155631994,20381680998.61748
457938,478564,,,117921,13235381-0241035,,G,200.974228,-2.6843220000000003,524.849117898,,0.112774,-20.9472,0.159955111497993,18831286899.113014
457939,478565,,,118146,13365940-0244097,,G,204.247528,-2.736035,353.62308590199996,,0.077856,-20.5837,0.15995560942828735,13473486762.161465
457940,478566,,,118167,13381784-0257270,,G,204.574356,-2.957514,506.478582466,,0.1091,-21.3458,0.15995661406385533,27184415528.38442
457941,478567,,,118172,13383426-0250080,,G,204.642761,-2.835562,419.31441911400003,,0.091436,-21.1147,0.15995742608726535,21972526655.51928
457942,478568,,,118176,13390937-0310060,,G,204.789062,-3.168355,870.9639999999998,,0.17921891960900002,-21.02,0.15995817028535314,20137242498.62389
457943,478569,,,118179,13392605-0256326,,G,204.858566,-2.942414,540.589616464,,0.115909,-20.8303,0.15995879518251158,16909080822.7032
457944,478570,,,118181,13392672-0303176,,G,204.861374,-3.054914,466.926488929,,0.101133,-20.7722,0.1599593875190865,16028024588.137218
457945,478571,,,118183,13393646-0240416,,G,204.901947,-2.678244,369.990271944,,0.081262,-20.965,0.15996009495735622,19142559250.210857
457946,478572,,,118186,13394207-0248516,,G,204.925308,-2.814353,324.11310043,,0.071676,-20.6395,0.15996061914713675,14184041720.008604
457947,478573,,,118193,13395215-0243360,,G,204.9673,-2.726673,363.878860799,,0.079992,-20.9528,0.15996131868068916,18928665647.541767
457948,478574,,,118197,13400416-0232150,,G,205.017334,-2.537503,420.727,,0.09172531586269997,-20.25,0.15996168485557075,9908319448.927729
457949,478575,,,118214,13313169-0251314,,G,202.882065,-2.858728,378.33643160199995,,0.082993,-20.4414,0.15996212162129558,11818435789.909193
457950,478576,,,118221,13315412-0311044,,G,202.97554,-3.184559,599.170883909,,0.127474,-21.0638,0.15996289645508208,20966213310.49235
457951,478577,,,118222,13315512-0251454,,G,202.979691,-2.862614,376.704,,0.08265478132739999,-19.97,0.15996317939130386,7655966069.112569
457952,478578,,,118229,13325506-0328197,,G,203.229431,-3.4721660000000005,406.69647677800003,,0.08884600000000001,-20.7844,0.15996377842127207,16209140995.741503
457953,478579,,,118233,13335945-0247548,,G,203.497711,-2.7985830000000003,462.557016088,,0.100248,-20.7058,0.15996433561799026,15077175843.774303
457954,478580,,,118241,13351518-0330451,,G,203.813278,-3.5125330000000003,417.943421924,,0.091155,-20.6586,0.15996486911077454,14435771529.5947
457955,478581,,,118247,13354369-0300490,,G,203.932083,-3.013621,494.950601299,,0.106786,-20.8008,0.15996547725774807,16455837875.626097
457956,478582,,,118249,13354638-0323000,,G,203.943268,-3.383342,903.8696227280001,,0.185291,-21.6095,0.15996675807907326,34657720899.35483
457957,478583,,,118492,13495399-0237231,,G,207.474991,-2.623085,303.387801102,,0.06730499999999999,-21.06,0.15996753020573634,20892961308.54041
457958,478584,,,118510,13512743-0232206,,G,207.864319,-2.539075,302.059596448,,0.067024,-20.9805,0.15996824781584834,19417798944.09754
457959,478585,,,118514,13522942-0239126,,G,208.12262,-2.653527,346.737,,0.0764184082092,-20.93,0.1599689328126596,18535316234.148144
457960,478586,,,118524,13530137-0241201,,G,208.255737,-2.68892,299.24414943200003,,0.066428,-19.8361,0.15996918292121615,6767682874.665583
457961,478587,,,118525,13530491-0239001,,G,208.270462,-2.65003,354.23205718699995,,0.07798300000000001,-20.5434,0.1599696627082972,12982549884.047527
457962,478588,,,118528,13531594-0247241,,G,208.316452,-2.790036,330.529246228,,0.073024,-20.442,0.15997009971545442,11824968703.831072
457963,478589,,,118536,13423673-0257063,,G,205.653061,-2.951771,440.095336682,,0.095683,-21.2827,0.15997104762860814,25649564754.467186
457964,478590,,,118553,13440334-0239353,,G,206.013947,-2.659827,599.237187275,,0.127487,-21.428,0.15997213127739665,29322432823.031155
457965,478591,,,118555,13441369-0253268,,G,206.057053,-2.890802,405.509,,0.0886017743009,-20.51,0.15997259652971918,12589254117.941713
457966,478592,,,118558,13443084-0328459,,G,206.12851,-3.479419,362.951008711,,0.079799,-20.3452,0.15997299626138167,10816331771.423815
457967,478593,,,118587,13470916-0327385,,G,206.788193,-3.460695,981.1728191410001,,0.199408,-21.6137,0.15997428204695852,34792048494.97183
457968,478594,,,118596,13475473-0257259,,G,206.978043,-2.9572,314.429933018,,0.069637,-20.8846,0.15997493899126,17776243883.60069
457972,478598,,,118913,13565912-0241117,,G,209.246368,-2.686587,516.633696353,,0.111133,-20.8029,0.15997723352997598,16487697088.55201
457973,478599,,,118920,13573538-0322413,,G,209.397446,-3.378163,624.43389821,,0.132413,-20.9724,0.1599779458063674,19273473897.610653
457974,478600,,,118936,13590819-0251040,,G,209.784164,-2.851122,351.494885123,,0.077412,-20.9486,0.1599786426391113,18855584519.679047
458122,478748,,,140219,13451688-0156260,,G,206.320358,-1.940565,673.517966885,,0.141929,-21.7227,0.16010201722429776,38466263299.51045
458216,478842,,,158815,13224452-0332182,,G,200.685501,-3.538389,313.116509102,,0.06936,-21.4015,0.16018947751738274,28615411789.81212
458218,478844,,,158830,13230209-0142405,,G,200.758728,-1.711268,414.69110411699995,,0.090488,-21.6906,0.16019165311662256,37345648045.93608
458219,478845,,,158961,13254449-0038488,,G,201.435394,-0.64689,286.663929958,,0.06375900000000001,-21.1589,0.16019249887936526,22885478643.072685
458220,478846,,,158974,13255176-0040447,,G,201.465683,-0.679111,306.958963019,,0.06806,-20.9304,0.16019318412858513,18542146155.04561
458221,478847,,,159117,13305041-0135013,,G,202.710052,-1.583701,367.178722965,,0.080678,-21.6374,0.16019449828951007,35559856522.24477
458223,478849,,,159202,13315457-0126474,,G,202.977386,-1.446504,306.329606787,,0.067927,-21.4069,0.16019620585771244,28758087448.910164
458224,478850,,,159264,13340271-0115308,,G,203.511292,-1.258582,341.269167354,,0.075275,-20.6595,0.16019673979290866,14447742743.801096
458225,478851,,,159350,13401413-0221207,,G,205.058914,-2.355761,418.943567056,,0.09136,-20.6468,0.16019726751897945,14279730134.406876
458227,478853,,,159487,13521902-0228306,,G,208.079254,-2.47519,297.185965644,,0.065992,-20.5721,0.16019857233071105,13330302351.993649
458468,479094,,,184092,13450330-0013590,,G,206.263763,-0.233063,342.83679554099996,,0.075603,-20.9764,0.16036143874038875,19344610958.357018
458524,479150,,,1070113,13360006-0331293,,G,204.00029,-3.524807,793.717704649,,0.16480999999999998,-22.1333,0.1604084979122574,56146152379.63295
458578,479204,,,1069418,13270488-0334533,,G,201.770355,-3.5814760000000003,371.34385461,,0.08154299999999999,-20.7459,0.1604481416569543,15644439207.947031
458581,479207,,,1070429,13323021-0330008,,G,203.125916,-3.500229,438.157842272,,0.095288,-20.8082,0.16045182669474792,16568378220.153543
458586,479212,,,1071274,13310816-0326207,,G,202.784012,-3.4390910000000003,385.478,,0.08447107223549999,-19.94,0.16045421530077858,7447319739.059889
458589,479215,,,1071650,13250478-0324410,,G,201.269928,-3.411407,317.75598087099996,,0.070338,-21.1895,0.1604559201362422,23539649933.07436
458590,479216,,,1072194,13240442-0322215,,G,201.018448,-3.3726550000000004,412.780991487,,0.090096,-20.8496,0.16045655624086216,17212343319.989983
458600,479226,,,1074151,13210637-0314226,,G,200.276581,-3.239619,478.62679571900003,,0.103498,-20.992,0.16046385288171175,19624563241.736897
458616,479242,,,1076913,13322702-0304395,,G,203.112595,-3.077644,747.3124538630002,,0.15604500000000002,-21.7215,0.1604782051236907,38423772299.89105
458619,479245,,,1077214,13343077-0303368,,G,203.628235,-3.060239,917.9959020639999,,0.187886,-21.5252,0.16048079421131992,32068599955.426723
458624,479250,,,1078390,13244327-0259450,,G,201.180313,-2.995857,450.294120986,,0.097759,-21.5935,0.1604843602721862,34150730666.882763
458625,479251,,,1078419,13244888-0259390,,G,201.203674,-2.994189,510.505,,0.109906704953,-20.42,0.16048478851348724,11587773561.55131
458631,479257,,,1080602,13324356-0253178,,G,203.181534,-2.888282,304.789,,0.0676013438007,-19.67,0.16048895695420454,5807644175.2131605
458634,479260,,,1081070,13205702-0251596,,G,200.23761,-2.866565,532.950393823,,0.114389,-21.4854,0.1604923485066545,30914341491.71416
458643,479269,,,1082769,13301770-0247294,,G,202.573761,-2.791504,296.577240706,,0.065863,-20.9727,0.16049868846531973,19278800091.059963
458645,479271,,,1082810,13590499-0247230,,G,209.770813,-2.789734,933.254,,0.190681145341,-21.46,0.16050073299934778,30199517204.020317
458657,479283,,,1087048,13461360-0237057,,G,206.556702,-2.618267,386.570806134,,0.08469700000000001,-21.2901,0.16050936736798582,25824980365.4048
458661,479287,,,1087400,13343751-0236178,,G,203.656326,-2.604961,457.093352175,,0.09914,-21.598000000000006,0.16051301671909715,34292567329.75612
458666,479292,,,1088700,13351679-0233251,,G,203.819962,-2.556977,485.289,,0.104841502421,-20.97,0.16051766379420604,19230917289.101616
458669,479295,,,1089249,13283406-0232152,,G,202.141937,-2.537578,299.612484823,,0.066506,-20.9898,0.16051961442875634,19584838742.14273
458676,479302,,,1090351,13383258-0229560,,G,204.635773,-2.498896,469.894,,0.101733500867,-20.98,0.16052547537591316,19408858775.92779
458678,479304,,,1090601,13523683-0229197,,G,208.153488,-2.488807,290.42048840900003,,0.064557,-20.4821,0.16052675701228722,12269871091.232805
458686,479312,,,1091482,13225275-0227235,,G,200.719818,-2.456547,405.509,,0.0886017743009,-20.01,0.16053166184640708,7943282347.242822
458706,479332,,,1093371,13500680-0223331,,G,207.528366,-2.392529,373.25,,0.0819384709692,-20.45,0.1605435118108062,11912420080.273762
458713,479339,,,1093833,13223174-0222372,,G,200.632263,-2.377005,474.937358388,,0.102753,-21.5012,0.16054915154741986,31367506741.25325
458732,479358,,,1095278,13543059-0219241,,G,208.627472,-2.323364,371.46430419800004,,0.081568,-21.3426,0.16056242228112869,27104412612.60554
458735,479361,,,1095350,13561508-0219164,,G,209.062851,-2.321236,679.735331633,,0.143127,-21.5907,0.1605650457646028,34062772973.52205
458736,479362,,,1095361,13333173-0219131,,G,203.382217,-2.3203080000000003,483.059,,0.104392102196,-20.45,0.1605654860036398,11912420080.273762
458741,479367,,,1095610,13395648-0218400,,G,204.985336,-2.311116,411.15,,0.08976118488060003,-19.9,0.1605693504547034,7177942912.713644
458750,479376,,,1096116,13491474-0217368,,G,207.311432,-2.293576,290.943340508,,0.06466799999999999,-20.86,0.16057537415557013,17378008287.49384
458751,479377,,,1096131,13321125-0217335,,G,203.04689,-2.29265,400.10217996,,0.087489,-20.8859,0.1605760318869312,17797540914.36641
458755,479381,,,1096475,13325262-0216548,,G,203.219284,-2.28189,401.617314272,,0.087801,-20.6141,0.16057829533825144,13856067807.905624
458759,479385,,,1097347,13284593-0215121,,G,202.191391,-2.25338,390.932146233,,0.08559800000000001,-21.5475,0.1605805938028564,32734069487.88386
458760,479386,,,1097483,13284506-0214561,,G,202.187775,-2.248935,455.43800011800005,,0.098804,-21.4801,0.16058173071930504,30763801467.752506
458764,479390,,,1097948,13415355-0213587,,G,205.473129,-2.232991,418.943567056,,0.09136,-21.1528,0.16058550302837613,22757261502.80395
458765,479391,,,1098111,13422263-0213333,,G,205.594315,-2.225944,456.07838093,,0.098934,-21.0832,0.1605862918313691,21344205814.395058
458771,479397,,,1098592,13345991-0212411,,G,203.749634,-2.21142,288.762957021,,0.064205,-20.1567,0.16058912281251753,9092430706.980991
458783,479409,,,1099955,13535695-0209550,,G,208.487305,-2.16529,695.0239999999999,,0.146065993033,-21.0,0.16059767638352876,19769696401.11866
458786,479412,,,1100307,13304547-0209083,,G,202.689484,-2.152312,417.26542375300005,,0.091016,-20.5111,0.16060005512217052,12602015225.928398
458790,479416,,,1100536,13370200-0208357,,G,204.258362,-2.143257,685.488,,0.144233952117,-20.82,0.16060271751616975,16749428760.26445
458796,479422,,,1101191,13571049-0207153,,G,209.293747,-2.120938,299.451923588,,0.066472,-21.1586,0.16060624078750355,22879156025.17856
458797,479423,,,1101320,13580530-0206574,,G,209.522095,-2.1159630000000003,624.7006541000002,,0.132465,-21.1594,0.16060708693982406,22896020222.56875
458801,479427,,,1101559,13491094-0206268,,G,207.295593,-2.1074650000000004,369.72539402,,0.081207,-21.0084,0.16061028052232698,19923241532.098427
458802,479428,,,1101602,13573765-0206213,,G,209.406876,-2.105941,393.238305337,,0.086074,-20.7603,0.16061086640216093,15853311751.40551
458804,479430,,,1101674,13423584-0206093,,G,205.649353,-2.102606,322.11161240900003,,0.071255,-20.606,0.16061255664092916,13753080974.214487
458818,479444,,,1102530,13351359-0204141,,G,203.806625,-2.0705880000000003,293.747361432,,0.065263,-20.4709,0.16062223005902004,12143950826.441751
458822,479448,,,1102950,13273821-0203099,,G,201.90921,-2.052772,917.521691067,,0.187799,-21.9041,0.16062664740895896,45461106288.3003
458832,479458,,,1103527,13275348-0201469,,G,201.972855,-2.029715,419.294899687,,0.091432,-20.7036,0.16063475379153228,15046656272.036215
458839,479465,,,1103920,13295784-0200520,,G,202.491013,-2.014472,372.201541394,,0.081721,-21.4389,0.1606412493025201,29618291289.45714
458840,479466,,,1104041,13254544-0200368,,G,201.439362,-2.010223,384.437977941,,0.084256,-21.2421,0.16064216242398052,24708136959.1011
458842,479468,,,1104114,13231873-0200263,,G,200.828079,-2.007326,377.24568411800004,,0.082767,-20.4671,0.1606438261975725,12101522148.622343
458844,479470,,,1104343,13343971-0159598,,G,203.665497,-1.999961,411.15,,0.08976118488060003,-20.28,0.16064513952120293,10185913880.541231
458848,479474,,,1104597,13304447-0159283,,G,202.685318,-1.991201,314.795123287,,0.069714,-20.6931,0.1606501717252954,14901843565.180597
458849,479475,,,1104627,13312210-0159237,,G,202.842087,-1.989923,396.278,,0.0867008533504,-20.04,0.16065047350397207,8165823713.585939
458851,479477,,,1104721,13295197-0159111,,G,202.466553,-1.986419,452.975970995,,0.098304,-20.7004,0.16065197777213944,15002374416.01353
458856,479482,,,1105124,13472171-0158175,,G,206.840469,-1.971528,290.632445963,,0.06460199999999999,-21.0757,0.16065748305016395,21197273335.07513
458866,479492,,,1105828,13425765-0156400,,G,205.740234,-1.944466,536.557171522,,0.115107,-21.6311,0.16066434625108295,35354117420.79908
458867,479493,,,1105895,13282451-0156302,,G,202.102142,-1.941748,359.530084167,,0.079087,-20.9427,0.16066503930743742,18753399266.329662
458869,479495,,,1105942,13331843-0156245,,G,203.326797,-1.940149,409.261,,0.08937310468660001,-20.83,0.1606663537134116,16904409316.4327
458871,479497,,,1106047,13315217-0156064,,G,202.967407,-1.935115,404.76607698699996,,0.088449,-20.692,0.16066758377831986,14886753594.9236
458874,479500,,,1106163,13301768-0155504,,G,202.5737,-1.930671,488.21544248,,0.105431,-21.3901,0.16066960902075794,28316527886.492287
458875,479501,,,1106229,13450361-0155410,,G,206.26506,-1.928063,340.408,,0.0750947775474,-20.18,0.16066995233241485,9289663867.7994
458883,479509,,,1106627,13221361-0154439,,G,200.556747,-1.912202,586.0424670819999,,0.124896,-21.2066,0.16067583691694265,23913326856.869167
458890,479516,,,1107074,13385902-0153450,,G,204.745956,-1.895855,338.642052623,,0.074725,-20.1667,0.1606803858453286,9176561932.472826
458891,479517,,,1107116,13322600-0153398,,G,203.108353,-1.894397,358.096,,0.07878825939410003,-19.45,0.16068056110764595,4742419852.6024475
458893,479519,,,1107320,13314924-0153124,,G,202.95517,-1.886783,388.095002055,,0.085012,-20.4237,0.16068159694467452,11627330039.367598
458897,479523,,,1107557,13292256-0152416,,G,202.344009,-1.8782330000000005,423.708824194,,0.092336,-20.4093,0.16068446933587266,11474136180.757092
458898,479524,,,1107681,13313770-0152234,,G,202.907089,-1.873173,371.45948613900003,,0.081567,-21.1246,0.1606852887973641,22173793565.565548
458901,479527,,,1107760,13385436-0152160,,G,204.726501,-1.871132,492.971135292,,0.106388,-20.7381,0.16068851065452622,15532451278.080147
458903,479529,,,1107820,13240262-0152065,,G,201.010941,-1.868489,325.573328584,,0.071983,-20.8672,0.1606900105072232,17493632549.08536
458907,479533,,,1107890,13541349-0151580,,G,208.556229,-1.866122,396.278,,0.0867008533504,-20.23,0.16069263709363135,9727472237.76964
458917,479543,,,1108404,13504029-0150519,,G,207.667892,-1.847771,477.89854226,,0.103351,-21.0767,0.16070068176312416,21216805738.93608
458918,479544,,,1108436,13291682-0150486,,G,202.320114,-1.846845,375.007279975,,0.082303,-21.3372,0.16070167847251424,26969941224.658104
458920,479546,,,1108553,13390656-0150300,,G,204.777359,-1.841688,476.431,,0.103054611527,-20.11,0.1607035909762117,8709635899.560833
458922,479548,,,1108705,13315630-0150114,,G,202.984619,-1.836503,398.37896984599996,,0.087134,-20.8785,0.16070490027727305,17676651509.282227
458926,479552,,,1109177,13274734-0149109,,G,201.947266,-1.819716,322.107,,0.071254085627,-19.55,0.16070740521571852,5199959965.335173
458927,479553,,,1109179,13401287-0149109,,G,205.053665,-1.819721,585.07647589,,0.124706,-21.4771,0.16070853899508694,30678915271.577183
458930,479556,,,1109279,13275514-0148599,,G,201.979782,-1.81666,362.47034873,,0.079699,-20.4234,0.16071052661181082,11624117733.166168
458931,479557,,,1109300,13311396-0148577,,G,202.808167,-1.816035,432.498067299,,0.094133,-21.0509,0.1607112922940086,20718580637.91217
458934,479560,,,1109366,13274734-0148479,,G,201.947266,-1.813327,355.20566388,,0.078186,-20.1664,0.16071306815388198,9174026704.978285
458937,479563,,,1109425,13393004-0148406,,G,204.875183,-1.811302,401.791,,0.0878367439184,-20.16,0.16071445888378044,9120108393.559114
458939,479565,,,1109528,13330469-0148275,,G,203.269547,-1.80765,325.81120751,,0.072033,-20.2378,0.16071577659443026,9797606658.875685
458965,479591,,,1111153,13525047-0144501,,G,208.210327,-1.747257,348.86511710300005,,0.076863,-20.1633,0.16073515700227628,9147870332.012123
458972,479598,,,1111731,13324040-0143338,,G,203.168365,-1.726061,384.674898568,,0.08430499999999999,-20.4575,0.16073840606163414,11994993031.493805
458975,479601,,,1111886,13321558-0143115,,G,203.064926,-1.719871,429.732451399,,0.093568,-20.692,0.16074022621633266,14886753594.9236
458981,479607,,,1112106,13294489-0142401,,G,202.437057,-1.7111439999999998,330.324398601,,0.07298099999999999,-20.7757,0.1607435856437387,16079776203.752104
458987,479613,,,1112595,13303600-0141363,,G,202.650024,-1.693423,371.555848515,,0.081587,-20.4431,0.1607491314032157,11836955093.267305
458989,479615,,,1112756,13315090-0141134,,G,202.962097,-1.6870599999999998,431.626561845,,0.093955,-20.8145,0.1607501785219528,16664795935.998331
458995,479621,,,1113173,13293408-0140161,,G,202.392029,-1.671148,722.098961745,,0.151247,-21.39,0.16075671910378891,28313919957.993908
458996,479622,,,1113266,13452989-0140028,,G,206.374573,-1.6674490000000002,367.578178565,,0.080761,-20.3877,0.16075713479280565,11248121529.401115
458998,479624,,,1113319,13315083-0139524,,G,202.961823,-1.6645599999999998,322.4966092,,0.071336,-20.6976,0.1607583028161826,14963734708.37642
459002,479628,,,1113582,13234026-0139143,,G,200.917786,-1.653976,374.317699965,,0.08216,-20.4782,0.16076111206835172,12225876375.030174
459009,479635,,,1113865,13341892-0138318,,G,203.578842,-1.64219,389.045,,0.08520817260410002,-19.77,0.16076563157963505,6367955209.079162
459014,479640,,,1114006,13342111-0138108,,G,203.587997,-1.636356,301.705178734,,0.066949,-21.0719,0.16076952756995666,21123214052.899563
459015,479641,,,1114036,13285552-0138061,,G,202.231369,-1.635043,801.384048734,,0.16625,-21.4102,0.1607705935978042,28845628102.960457
459020,479646,,,1114398,13294435-0137131,,G,202.43483,-1.620311,671.615010462,,0.141562,-22.0766,0.16077546546613958,53289298103.836685
459021,479647,,,1114420,13225335-0137095,,G,200.722305,-1.619324,444.091098802,,0.096497,-20.5934,0.16077596786488915,13594398610.081049
459024,479650,,,1114475,13560927-0137034,,G,209.038635,-1.617634,638.923537169,,0.135233,-21.0602,0.1607799994198563,20896810288.734245
459032,479658,,,1114823,13295322-0136091,,G,202.471786,-1.60253,563.783584063,,0.120507,-21.1426,0.16078442802090132,22544468448.183674
459041,479667,,,1116029,13221441-0132599,,G,200.560059,-1.54998,327.105547269,,0.072305,-20.4894,0.16078913620033192,12352646123.396996
459047,479673,,,1116692,13591873-0131180,,G,209.828064,-1.521677,311.33444921299997,,0.068984,-20.6961,0.16079319664890546,14943075818.832663
459048,479674,,,1116845,13225255-0130535,,G,200.718979,-1.51488,504.558300051,,0.108715,-20.6476,0.1607937247639625,14290255705.691013
459051,479677,,,1116954,13264475-0130393,,G,201.686493,-1.510927,346.80191754,,0.076432,-20.5164,0.16079567764019628,12663682106.59869
459062,479688,,,1117546,13535468-0129090,,G,208.477859,-1.485845,766.9849723369998,,0.159771,-21.9159,0.16080373863478614,45957881394.35892
459065,479691,,,1117595,13595665-0129011,,G,209.986053,-1.483648,587.237546011,,0.125131,-21.2071,0.16080556715465033,23924341886.96769
459072,479698,,,1117989,13534928-0128000,,G,208.455353,-1.466678,650.260364268,,0.137433,-21.5254,0.16081167599437562,32074507753.95525
459079,479705,,,1118245,13210334-0127206,,G,200.263947,-1.455731,383.707,,0.0841048320524,-20.38,0.16081592835100286,11168632477.805613
459083,479709,,,1118469,13281550-0126452,,G,202.064606,-1.445916,465.88922752400003,,0.100923,-20.6944,0.16081769017270234,14919696888.017054
459084,479710,,,1118553,13284045-0126321,,G,202.168549,-1.4422700000000002,392.645,,0.0859515729758,-20.0,0.16081798103574965,7870457896.951001
459085,479711,,,1118656,13215107-0126139,,G,200.462799,-1.437207,406.91534998199995,,0.088891,-20.9125,0.1608186550802193,18238957023.19649
459092,479718,,,1119071,13215380-0125099,,G,200.474197,-1.419429,402.656893062,,0.088015,-20.3017,0.1608229881349197,10391542065.585821
459098,479724,,,1119648,13250573-0123430,,G,201.273895,-1.395296,415.295522984,,0.090612,-20.4678,0.16082669811194308,12109326803.936214
459110,479736,,,1120221,13252553-0122193,,G,201.356384,-1.372054,376.18420300699995,,0.08254700000000001,-20.478,0.16083683553985287,12223624492.787302
459118,479744,,,1120817,13204158-0120567,,G,200.173264,-1.349089,305.988949779,,0.067855,-20.9595,0.1608443983953496,19045834228.9452
459123,479749,,,1121477,13255004-0119167,,G,201.458511,-1.321333,451.607751781,,0.098026,-20.9198,0.16084877553732144,18362000716.403053
459126,479752,,,1121601,13284138-0119031,,G,202.172424,-1.317548,639.735,,0.135390637695,-20.6,0.16085072122820165,13677288255.958578
459128,479754,,,1121636,13330929-0118595,,G,203.288712,-1.316539,432.90940791400004,,0.094217,-20.936,0.16085432831161506,18638029723.462086
459132,479758,,,1122134,13340477-0117438,,G,203.519913,-1.295527,383.707,,0.0841048320524,-19.9,0.16085581978569474,7177942912.713644
459135,479761,,,1122384,13240282-0117025,,G,201.01178,-1.284045,636.1504026580001,,0.134694,-21.0548,0.1608580975170334,20793136280.986477
459137,479763,,,1122420,13283084-0116562,,G,202.12851,-1.282302,392.942688812,,0.086013,-20.6006,0.16085965786038478,13684848693.604412
459141,479767,,,1122703,13362107-0116151,,G,204.087814,-1.270876,327.495844895,,0.072387,-20.198,0.16086241552147593,9444957325.077084
459145,479771,,,1123061,13414334-0115277,,G,205.430618,-1.257713,351.14030615800004,,0.077338,-21.0874,0.1608651433722345,21426932426.90724
459147,479773,,,1123120,13211587-0115176,,G,200.316162,-1.254894,548.741823695,,0.117528,-21.2728,0.16086672490836287,25416748992.61305
459157,479783,,,1123478,13392156-0114236,,G,204.839859,-1.239915,513.524040203,,0.11051099999999997,-20.8608,0.16087323049773392,17390817595.742992
459173,479799,,,1123977,13431536-0113086,,G,205.814041,-1.219071,522.754904794,,0.112356,-21.2095,0.16088484281854334,23977284699.63826
459177,479803,,,1124197,13210360-0112366,,G,200.26503,-1.210175,374.973,,0.0822958911479,-20.19,0.16088797799098128,9375620069.258831
459216,479842,,,1125340,13304467-0109293,,G,202.686157,-1.158146,391.896103025,,0.085797,-20.5779,0.16091709241019528,13401703334.84505
459238,479864,,,1125932,13334698-0108040,,G,203.445755,-1.13447,585.650960272,,0.124819,-21.0022,0.16093244329894707,19809795852.893646
459257,479883,,,1126311,13334751-0107080,,G,203.447983,-1.118914,531.3991382969999,,0.11408,-21.2421,0.16094706892159685,24708136959.1011
459273,479899,,,1126740,13250032-0106030,,G,201.251373,-1.100853,542.7079622,,0.11633,-21.0078,0.16095803877954276,19912234583.561317
459275,479901,,,1126807,13204424-0105517,,G,200.184372,-1.0977,382.335363965,,0.083821,-20.7632,0.1609591208200182,15895712527.610115
459293,479919,,,1127280,13341517-0104498,,G,203.563232,-1.080525,439.437951595,,0.095549,-20.5675,0.1609723069524675,13273944577.297377
459312,479938,,,1127948,13524078-0103107,,G,208.169952,-1.052975,701.455,,0.14729932365,-21.05,0.16098628740164386,20701413487.910458
459314,479940,,,1128011,13422247-0103023,,G,205.593658,-1.050666,381.629925407,,0.083675,-20.6192,0.16098768270451094,13921306651.671291
459338,479964,,,1128590,13344225-0101438,,G,203.676056,-1.02885,364.98008842900003,,0.080221,-20.4753,0.16100362132897195,12193264647.359379
459346,479972,,,1128756,13215447-0101179,,G,200.476959,-1.021651,380.615488326,,0.083465,-20.4394,0.16101104819407325,11796685465.590576
459351,479977,,,1128793,13313802-0101134,,G,202.908447,-1.0203950000000002,467.735,,0.101296700648,-20.86,0.16101528440173082,17378008287.49384
459360,479986,,,1129095,13251825-0100304,,G,201.32608,-1.008445,421.271747561,,0.091837,-21.1658,0.16102117545621825,23031382073.03665
459381,480007,,,1129716,13265761-0059123,,G,201.740082,-0.986757,434.26616318699996,,0.094494,-20.4908,0.16103906329723228,12368584487.572521
459393,480019,,,1129935,13573438-0058423,,G,209.393265,-0.978441,527.23,,0.113248856624,-20.97,0.1610490223108725,19230917289.101616
459458,480084,,,1131186,13214469-0055384,,G,200.436234,-0.927354,537.763478481,,0.115347,-20.913,0.16109829709198342,18247358307.625828
459509,480135,,,1143177,13571658-0026383,,G,209.319092,-0.443995,405.509,,0.0886017743009,-20.51,0.16113593957713238,12589254117.941713
459510,480136,,,1143180,13204804-0026377,,G,200.20018,-0.44381,1010.03768541,,0.204628,-22.1377,0.16113802295741586,56374149128.23921
459513,480139,,,1143216,13260409-0026307,,G,201.517059,-0.441885,812.95398206,,0.168419,-21.7603,0.16114078631021464,39821718682.84692
459551,480177,,,1143956,13255462-0024427,,G,201.477615,-0.411888,349.55470789199995,,0.077007,-20.9266,0.1611694433220938,18477363387.35044
459567,480193,,,1144397,13281416-0023432,,G,202.059006,-0.395361,292.884706864,,0.06508,-19.6935,0.16118018261226966,5934716805.530584
459594,480220,,,1144960,13393355-0022236,,G,204.889801,-0.373246,675.634448795,,0.142337,-21.8746,0.16120240979544342,44242534681.272255
459608,480234,,,1145305,13444005-0021318,,G,206.166916,-0.358861,294.633809064,,0.065451,-20.4384,0.16121264613968145,11785825318.800823
459623,480249,,,1145710,13400124-0020360,,G,205.005188,-0.343337,660.693,,0.139452669726,-21.15,0.1612267898956997,22698648518.838303
459653,480279,,,1146365,13451109-0018590,,G,206.296249,-0.316398,535.48686731,,0.114894,-21.1377,0.1612490854185754,22442953001.8042
459670,480296,,,1146625,13255462-0018207,,G,201.4776,-0.305777,899.498,,0.184486562243,-21.18,0.16126157392901086,23334580622.810143
459676,480302,,,1146679,13220179-0018139,,G,200.507477,-0.303872,520.997189624,,0.112005,-21.1552,0.16126759510733268,22807621652.242046
459679,480305,,,1146713,13565819-0018097,,G,209.242462,-0.302698,654.224714237,,0.138201,-21.5806,0.16126984865940727,33747375202.5284
459719,480345,,,1147638,13392621-0015596,,G,204.859238,-0.266581,608.442767175,,0.12929000000000002,-21.4911,0.16130218396136095,31077065275.565483
459726,480352,,,1147844,13274900-0015339,,G,201.954193,-0.259438,729.3581023160001,,0.152631,-21.7527,0.16130824142587533,39543945599.921005
459742,480368,,,1148115,13244977-0014550,,G,201.207413,-0.248634,381.18547125099997,,0.083583,-21.3387,0.1613219929427742,27007227325.827427
459744,480370,,,1148126,13254782-0014538,,G,201.449265,-0.24827800000000005,444.58717394800004,,0.096598,-21.0708,0.16132442859079746,21101824171.14467
459768,480394,,,1148560,13224761-0013525,,G,200.69841,-0.231269,436.68697450400003,,0.094988,-21.1359,0.1613417061507832,22405776524.542343
459793,480419,,,1148928,13354961-0013010,,G,203.956741,-0.216952,424.84242182699995,,0.092568,-20.7811,0.16135954501219354,16159949527.304771
459844,480470,,,1149871,13405833-0010542,,G,205.243073,-0.181734,614.529215091,,0.13047999999999998,-21.1337,0.16139533832504155,22360422228.0164
459911,480537,,,1151027,13204903-0008157,,G,200.20433,-0.137699,464.743616969,,0.100691,-20.7211,0.16144915527422404,15291144768.531446
459916,480542,,,1151145,13573298-0007583,,G,209.387436,-0.13288599999999998,860.6996977189999,,0.177317,-21.6173,0.161452391024321,34907600737.8902
459947,480573,,,1151661,13461300-0006427,,G,206.554199,-0.111878,398.107,,0.08707801353900001,-20.0,0.16147546717317282,7870457896.951001
459962,480588,,,1151893,13403525-0006116,,G,205.146912,-0.103246,392.645,,0.0859515729758,-20.06,0.16148723187630298,8317637711.02671
459974,480600,,,1152035,13203984-0005457,,G,200.166,-0.096034,404.182774706,,0.08832899999999999,-21.1739,0.16149435717906488,23203847364.245018
460046,480672,,,1153316,13442342-0002369,,G,206.097595,-0.043584,394.731282528,,0.086382,-20.2555,0.16154346030075442,9958639240.535908
460088,480714,,,1154230,13244904-0000350,,G,201.204346,-0.009745,514.343720234,,0.110675,-20.8413,0.16157347754895215,17081263803.752853
501660,522286,,,1116752,13301527-0131074,,G,202.563644,-1.518727,411.15,,0.08976118488060003,-19.93,0.1905433847667317,7379042301.291045
502744,523370,,,1082819,13440027-0247223,,G,206.001129,-2.789547,562.321994852,,0.120218,-21.2069,0.19127942257923455,23919935266.205803
503267,523893,,,3105924,13222287-0310422,,G,200.595322,-3.178396,420.890941857,,0.091759,-20.1308,0.19165201376470029,8878099336.28711
503305,523931,,,3106846,13200929-0119566,,G,200.038727,-1.33239,293.615356676,,0.065235,-19.6919,0.19167562182688624,5925977524.56586
503312,523938,,,3107022,13205087-0111346,,G,200.21196,-1.192956,529.663,,0.113733956867,-20.96,0.19168031335237065,19054607179.632526
503324,523950,,,3107239,13265035-0107343,,G,201.709808,-1.126204,332.66,,0.0734710567355,-19.78,0.1916883256882689,6426877173.17022
503328,523954,,,3107335,13203997-0106067,,G,200.16658,-1.101867,527.23,,0.113248856624,-20.37,0.19169103728034706,11066237839.776676
503341,523967,,,3107615,13250479-0101440,,G,201.269989,-1.028907,386.624021532,,0.084708,-20.6084,0.19169934321023435,13783515533.004072
503358,523984,,,3107922,13483542-0057467,,G,207.147598,-0.962976,624.254360059,,0.132378,-20.8808,0.19170945899971029,17714137034.24385
503367,523993,,,3108139,13231736-0054523,,G,200.822342,-0.91455,343.55800000000005,,0.0757537578769,-19.69,0.19171411609191288,5915616341.754743
503373,523999,,,3108256,13253479-0053173,,G,201.394974,-0.8881610000000001,837.4411217160001,,0.172993,-21.7048,0.1917197769994683,37837287943.70546
503421,524047,,,3109297,13213595-0041544,,G,200.399826,-0.6984670000000001,469.894,,0.101733500867,-20.17,0.19175181149334056,9204495717.53176
503426,524052,,,3109398,13401747-0040577,,G,205.07283,-0.682703,354.97063153,,0.078137,-20.695,0.19175472935188956,14927944095.790003
503431,524057,,,3109562,13311555-0039097,,G,202.814804,-0.652702,670.288078704,,0.141306,-21.1013,0.1917581402789349,21703011473.28429
503450,524076,,,3109803,13402387-0036407,,G,205.099487,-0.61131,451.848878005,,0.098075,-20.849,0.19177023753310068,17202834055.304337
503459,524085,,,3109959,13420414-0034377,,G,205.517273,-0.5771569999999999,454.802648607,,0.098675,-20.4761,0.19177540111713992,12202252287.53354
503473,524099,,,3110104,13325459-0032358,,G,203.227463,-0.5432779999999999,289.511573164,,0.064364,-20.4063,0.19178506521699745,11442475731.517643
503490,524116,,,3110341,13551876-0029395,,G,208.828201,-0.494319,742.2832345310001,,0.15509,-21.3608,0.19179530689878788,27562588418.82597
503623,524249,,,3092525,13330588-0024255,,G,203.274521,-0.407095,303.68092487,,0.067367,-20.9671,0.19190041154249826,19179620071.768986
503624,524250,,,3092555,13452729-0143160,,G,206.363724,-1.721122,297.006640259,,0.065954,-20.6648,0.1919009480904605,14518441533.777481
503637,524263,,,3110541,13472217-0027255,,G,206.842392,-0.457084,401.791,,0.0878367439184,-19.91,0.19190769425383752,7244359600.74989
503674,524300,,,3111353,13463160-0018164,,G,206.631699,-0.304571,727.652457968,,0.152306,-21.3796,0.19193109099483396,28044002683.692482
503678,524304,,,3111412,13421220-0017374,,G,205.550842,-0.293725,340.691037612,,0.075154,-20.2268,0.19193407012667846,9698844580.082205
503710,524336,,,3112094,13572265-0009433,,G,209.344376,-0.162051,736.197356365,,0.153933,-21.199,0.1919540291454676,23746521436.51677
503734,524360,,,3112468,13453456-0005218,,G,206.394012,-0.089394,454.167400008,,0.098546,-20.3581,0.19196807698965407,10945610759.733006
503736,524362,,,3112510,13214542-0004534,,G,200.439255,-0.08152100000000001,629.797759978,,0.133458,-21.151,0.1919697895289714,22719564377.352715
505787,526413,,,3275012,13402351-0303297,,G,205.097961,-3.058255,557.186,,0.119201729601,-20.47,0.19322300394606054,12133888504.649809
505804,526430,,,3273124,13272436-0304326,,G,201.851501,-3.075749,816.582,,0.169098174549,-20.93,0.19323544152520344,18535316234.148144
505805,526431,,,3273230,13252256-0330123,,G,201.344025,-3.503443,583.063844937,,0.12431,-20.7616,0.1932360281069574,15872304991.50274
505806,526432,,,3275097,13384734-0249130,,G,204.697281,-2.820297,399.945,,0.0874566437283,-20.28,0.19323640454070365,10185913880.541231
505807,526433,,,3275270,13351051-0316111,,G,203.793808,-3.269755,795.516093948,,0.165148,-21.5372,0.19323760284895494,32425001138.128437
505843,526469,,,3299240,13252939-0121403,,G,201.372498,-1.361219,374.973,,0.0822958911479,-19.59,0.1932603373522224,5395106225.151268
505844,526470,,,3299824,13311042-0138017,,G,202.793442,-1.633813,399.12640639,,0.087288,-20.1966,0.19326068595315915,9432786395.604874
505845,526471,,,3299825,13310962-0144447,,G,202.7901,-1.745758,306.698689229,,0.068005,-20.1226,0.1932610115862637,8811300243.451626
505846,526472,,,3299842,13304981-0140393,,G,202.70755,-1.67759,434.64829580000014,,0.094572,-20.6457,0.19326153877794625,14265270131.383575
505847,526473,,,3299898,13300441-0213304,,G,202.518387,-2.225119,353.04777362199997,,0.077736,-20.1352,0.19326186821204505,8914151277.45644
505848,526474,,,3299922,13294516-0148401,,G,202.438187,-1.811144,566.465318591,,0.121037,-21.1499,0.1932627069929784,22696557992.323555
505849,526475,,,3299927,13294698-0230571,,G,202.445755,-2.515865,545.990753699,,0.116982,-20.9169,0.1932633837745893,18313021277.34408
505850,526476,,,3299996,13282418-0156502,,G,202.100754,-1.947304,378.443,,0.0830151415076,-19.68,0.19326360038960064,5861381645.140297
505851,526477,,,3300148,13240896-0146565,,G,201.037354,-1.7823779999999998,1152.6239364,,0.230029,-22.0254,0.19326547905116326,50834668990.7848
505853,526479,,,3301104,13463521-0048314,,G,206.646713,-0.808737,1037.53,,0.209574644787,-21.21,0.19326655774249735,23988329190.195045
505854,526480,,,3301303,13405913-0123132,,G,205.246399,-1.387012,316.228,,0.07001613500810001,-19.3,0.1932667103895945,4130475019.9016094
505855,526481,,,3301510,13514445-0236296,,G,207.935226,-2.608238,385.79684982199996,,0.084537,-20.6378,0.193267233759263,14161850322.86399
505856,526482,,,3301539,13503282-0207269,,G,207.636765,-2.12416,492.04,,0.1062006231,-20.0,0.19326752462231028,7870457896.951001
505857,526483,,,3301584,13485426-0206248,,G,207.226089,-2.106907,385.74364622800005,,0.084526,-19.9585,0.19326780457751747,7575302849.88412
505858,526484,,,3301626,13470850-0202285,,G,206.785446,-2.04125,591.562,,0.12598074299,-20.36,0.19326820979535053,10964781961.431871
505859,526485,,,3301686,13452255-0156040,,G,206.343994,-1.934455,328.095,,0.07251282625639999,-20.09,0.19326852579641807,8550667128.846841
505860,526486,,,3301719,13442539-0147309,,G,206.105804,-1.791918,431.01466727900004,,0.09383,-20.8935,0.19326918814795715,17922558226.960716
505861,526487,,,3301786,13411205-0211150,,G,205.300217,-2.187516,657.658,,0.138865509433,-20.6,0.1932696936100018,13677288255.958578
505862,526488,,,3301823,13395786-0126450,,G,204.991104,-1.445838,693.6850100810001,,0.145809,-21.0958,0.19327049162039908,21593348798.67296
505863,526489,,,3301882,13380149-0147106,,G,204.506241,-1.786285,891.0880623710001,,0.182937,-21.5366,0.19327168926662372,32407087370.518757
505864,526490,,,3301922,13361326-0209062,,G,204.055252,-2.151748,978.4324356210001,,0.198911,-21.5677,0.1932729217144689,33348783783.55308
505865,526491,,,3301986,13335871-0157158,,G,203.494629,-1.954416,525.851510303,,0.112974,-20.6003,0.19327342731619715,13681067952.524912
505866,526492,,,3302018,13324215-0219428,,G,203.175644,-2.32856,467.735,,0.101296700648,-19.94,0.19327370254162135,7447319739.059889
505878,526504,,,3303250,13593041-0217020,,G,209.87674,-2.283896,401.306467845,,0.087737,-20.1304,0.1932809845522636,8874829126.049328
505879,526505,,,3303379,13581776-0118206,,G,209.574036,-1.3057299999999998,691.831,,0.145453002727,-20.63,0.1932815041754836,14060475241.29913
505880,526506,,,3303442,13574661-0122234,,G,209.444229,-1.37319,344.825987143,,0.076019,-20.074,0.19328181555393167,8425583753.398281
505881,526507,,,3303590,13562406-0121384,,G,209.100281,-1.360677,571.59062508,,0.122049,-21.1274,0.19328263713145588,22231051256.72885
505882,526508,,,3303699,13551824-0122275,,G,208.826004,-1.374319,729.767548711,,0.15270899999999998,-21.2729,0.19328357652711672,25419090069.5158
505960,526586,,,1131816,13393669-0054086,,G,204.902908,-0.902411,372.784689536,,0.081842,-20.8333,0.1933379886347129,16955866947.282646
506126,526752,,,95635,13304260-0151233,,G,202.677536,-1.856479,477.92826428800004,,0.103357,-20.6658,0.19344900183101665,14531819672.511957
506127,526753,,,95647,13305434-0152313,,G,202.726456,-1.875368,366.14900155699996,,0.080464,-20.5103,0.1934494672119109,12592733138.027657
506128,526754,,,95653,13305741-0144303,,G,202.739227,-1.741756,319.237339722,,0.07065,-21.2916,0.19345042292723544,25860683551.50296
506129,526755,,,95656,13310128-0150527,,G,202.755356,-1.84798,387.72720256699995,,0.084936,-20.3426,0.19345082170281036,10790461014.718908
506156,526782,,,105197,13364304-0320281,,G,204.179337,-3.34115,522.539531796,,0.112313,-20.8456,0.19346905548469198,17149047370.798897
506157,526783,,,105407,13544924-0241595,,G,208.70517,-2.699886,507.436568632,,0.109292,-21.0899,0.19346984917038135,21476326607.43048
506182,526808,,,117844,13240636-0323355,,G,201.02652,-3.393211,522.396,,0.112284326142,-20.2,0.1934861006614884,9462371613.657913
506183,526809,,,117904,13220942-0236279,,G,200.539291,-2.607759,416.53390617300005,,0.090866,-20.6533,0.19348663155638404,14365475308.258312
506184,526810,,,117919,13234256-0328123,,G,200.927368,-3.4700839999999995,339.730878419,,0.07495299999999999,-20.4057,0.19348705419439116,11436154132.629684
506185,526811,,,117920,13235147-0246105,,G,200.964493,-2.7695990000000004,628.058,,0.13311927656,-20.92,0.19348773291111385,18365383433.483585
506186,526812,,,118187,13394474-0237036,,G,204.936417,-2.617685,289.690511699,,0.064402,-20.1397,0.1934880637134362,8951174012.983702
506187,526813,,,118237,13344445-0242028,,G,203.685242,-2.700794,492.04,,0.1062006231,-20.25,0.1934884298883178,9908319448.927729
506188,526814,,,118239,13350136-0324151,,G,203.755692,-3.4041980000000005,494.090060785,,0.106613,-20.921,0.1934891092304497,18382306368.835392
506189,526815,,,118487,13493131-0320158,,G,207.380463,-3.337743,626.224549795,,0.132762,-21.2537,0.19349003215999652,24973533791.327045
506190,526816,,,118504,13510045-0247250,,G,207.751907,-2.790281,396.098750296,,0.086664,-21.055,0.19349080073905991,20796966871.037018
506191,526817,,,118548,13433677-0246482,,G,205.903229,-2.780076,668.629958624,,0.140986,-21.4829,0.19349194059128091,30843240479.315468
506192,526818,,,118552,13435886-0252023,,G,205.995255,-2.867323,417.733668617,,0.091112,-21.1595,0.19349278682153853,22898129121.079773
506193,526819,,,118559,13443578-0254039,,G,206.149124,-2.9010860000000003,447.65835173199997,,0.097223,-20.4597,0.19349323101130608,12019322825.682322
506194,526820,,,118583,13470022-0257544,,G,206.750931,-2.965138,381.944,,0.08374006187000001,-19.85,0.19349348434243,6854882264.526649
506196,526822,,,118906,13562077-0320194,,G,209.086548,-3.338734,342.832015151,,0.075602,-20.9514,0.19349480134474825,18904273853.416145
506214,526840,,,126048,13292124-0334056,,G,202.338501,-3.568233,440.555,,0.0957766378883,-20.5,0.19350580107866674,12473835142.429485
506360,526986,,,1080863,13242299-0252349,,G,201.09581,-2.876374,708.6541406660001,,0.148678,-21.5402,0.19361779351356245,32514718619.441944
506367,526993,,,1084430,13432332-0243226,,G,205.847168,-2.722958,328.095,,0.07251282625639999,-20.37,0.1936238975638995,11066237839.776676
506373,526999,,,1090240,13383225-0230100,,G,204.634384,-2.502785,474.125645838,,0.102589,-20.7925,0.19362861128042616,16330519478.94338
506383,527009,,,1093032,13442685-0224159,,G,206.111877,-2.404418,440.72829771,,0.095812,-20.8909,0.19363598892957215,17879690630.69824
506384,527010,,,1094564,13293903-0220541,,G,202.412643,-2.348368,397.78695017,,0.087012,-20.6783,0.19363653219059854,14700090213.72293
506389,527015,,,1095912,13394760-0218040,,G,204.948364,-2.301118,404.445249593,,0.088383,-20.7503,0.19364130808548174,15707967715.636438
506400,527026,,,1098785,13481467-0212156,,G,207.061127,-2.204334,300.297314242,,0.066651,-21.1508,0.1936488716192125,22715379664.37046
506403,527029,,,1099706,13343258-0210278,,G,203.635757,-2.1744060000000003,312.211147938,,0.06916900000000001,-20.3132,0.19365032431027576,10502193118.404232
506406,527032,,,1100069,13322512-0209385,,G,203.104706,-2.160701,415.383269177,,0.09063,-20.7882,0.19365393830794966,16265971236.812819
506412,527038,,,1101233,13301188-0207094,,G,202.549515,-2.119284,414.150133095,,0.090377,-20.6328,0.1936569114850278,14096782531.100266
506418,527044,,,1101980,13485452-0205298,,G,207.227203,-2.09163,365.08590063,,0.080243,-20.97,0.19366126703654024,19230917289.101616
506423,527049,,,1103041,13375436-0202546,,G,204.476517,-2.048507,446.075778695,,0.096901,-21.415,0.1936654563979708,28973435877.013325
506425,527051,,,1103372,13264463-0202073,,G,201.685974,-2.035372,434.87367377199996,,0.094618,-20.8718,0.19366709221433973,17567906039.989258
506429,527055,,,1104308,13395007-0200050,,G,204.958633,-2.001396,399.945,,0.0874566437283,-20.15,0.19367002927253826,9036494737.223042
506432,527058,,,1104669,13320911-0159175,,G,203.037979,-1.988206,525.1548217540001,,0.112835,-21.0654,0.19367251834389426,20997133041.140358
506434,527060,,,1104811,13314630-0158584,,G,202.942947,-1.982894,348.515582989,,0.07679,-20.2541,0.19367338946105228,9945806371.983543
506435,527061,,,1104864,13314957-0158514,,G,202.956558,-1.980949,399.945,,0.0874566437283,-20.02,0.19367368573164734,8016780633.876789
506439,527065,,,1105943,13222193-0156232,,G,200.591385,-1.939785,405.49046925199997,,0.088598,-20.3479,0.1936758117300172,10843263210.228323
506444,527070,,,1106164,13593220-0155520,,G,209.884201,-1.931118,421.32545397900003,,0.091848,-20.9481,0.19367880960365166,18846903201.212917
506445,527071,,,1106471,13364899-0155087,,G,204.204147,-1.919092,714.913814107,,0.149875,-21.3183,0.19367978911292014,26504523447.57859
506446,527072,,,1106706,13382289-0154340,,G,204.595398,-1.909457,361.076791511,,0.07940900000000001,-20.388,0.19368020491681187,11251229929.657705
506447,527073,,,1107200,13385069-0153300,,G,204.711212,-1.891688,369.32088995699996,,0.081123,-20.645,0.1936807317687109,14256075936.021881
506463,527089,,,1111417,13281150-0144173,,G,202.047943,-1.738139,647.361586188,,0.136871,-21.3557,0.1936902929988999,27433423000.33292
506466,527092,,,1111907,13251186-0143084,,G,201.299438,-1.7190009999999998,369.56647641,,0.081174,-20.2295,0.1936922517275808,9722993602.579264
506468,527094,,,1112357,13280395-0142049,,G,202.016479,-1.70138,318.795715988,,0.07055700000000001,-20.9576,0.19369359093408348,19012533837.67333
506473,527099,,,1113164,13423116-0140173,,G,205.629837,-1.671497,345.73487670199995,,0.076209,-21.1867,0.19369713248058687,23479021850.74054
506475,527101,,,1113523,13502328-0139239,,G,207.597015,-1.6566599999999998,407.873677153,,0.089088,-20.4776,0.1936978282220825,12219121972.546816
506478,527104,,,1113950,13223920-0138182,,G,200.663345,-1.638391,446.64582415900003,,0.097017,-20.8618,0.1937006498001708,17406842509.295906
506480,527106,,,1114152,13210848-0137486,,G,200.285355,-1.630174,645.654,,0.13653975827,-20.69,0.19370221399969206,14859356422.87009
506481,527107,,,1114153,13571050-0137503,,G,209.293777,-1.630661,710.32152051,,0.148997,-21.4163,0.19370328603366846,29008147830.747864
506484,527110,,,1114998,13565232-0135457,,G,209.218002,-1.596031,699.0691632239999,,0.146842,-21.5726,0.1937060516647581,33499629203.571014
506489,527115,,,1116344,13211775-0132116,,G,200.323975,-1.536559,314.614894796,,0.069676,-20.9499,0.19370913518398689,18878174666.745583
506491,527117,,,1116589,13293223-0131366,,G,202.384293,-1.526843,621.664694711,,0.131873,-21.1588,0.19371103799920567,22883370909.660183
506492,527118,,,1116751,13230855-0131065,,G,200.78566,-1.51849,385.478,,0.08447107223549999,-19.97,0.19371132093542745,7655966069.112569
506494,527120,,,1117321,13281083-0129443,,G,202.045166,-1.495639,691.831,,0.145453002727,-20.79,0.19371312192326826,16292960326.397282
506498,527124,,,1117761,13453956-0128348,,G,206.414871,-1.476338,586.017043479,,0.124891,-20.8986,0.19371567912732465,18006943421.39399
506506,527132,,,1118668,13345918-0126151,,G,203.746613,-1.437531,311.836747187,,0.06909,-20.2156,0.1937218642477688,9599309624.2044
506510,527136,,,1119588,13250039-0123530,,G,201.251663,-1.398075,385.777502973,,0.08453300000000001,-21.6987,0.1937258965279778,37625302477.66663
506511,527137,,,1119695,13334538-0123350,,G,203.439117,-1.393082,373.575219224,,0.082006,-20.5329,0.19372637169747045,12857602642.839508
506512,527138,,,1120367,13442340-0121588,,G,206.097504,-1.3663610000000002,544.797170672,,0.116745,-20.6072,0.1937268805225976,13768289844.2308
506525,527151,,,1122578,13335570-0116338,,G,203.482117,-1.276083,395.250085771,,0.086489,-21.0864,0.1937352957636808,21407206578.312813
506528,527154,,,1122794,13481446-0116026,,G,207.060287,-1.26739,413.989318694,,0.090344,-20.5529,0.19373887424342748,13096643323.018204
506531,527157,,,1123121,13221241-0115179,,G,200.551712,-1.25498,324.327102899,,0.07172100000000001,-20.3799,0.1937409517816151,11167603856.110056
506566,527192,,,1127139,13264568-0105093,,G,201.690369,-1.085927,371.50766701199996,,0.081577,-21.1428,0.1937663254976799,22548621675.25657
506571,527197,,,1127481,13394403-0104176,,G,204.933487,-1.071575,392.645,,0.0859515729758,-19.72,0.1937692525872686,6081350012.7871895
506574,527200,,,1128432,13245172-0102060,,G,201.21553,-1.035022,511.95011556400004,,0.110196,-21.3431,0.19377165043007105,27116897530.43077
506581,527207,,,1129024,13251432-0100404,,G,201.309692,-1.011223,314.690779355,,0.06969199999999999,-20.7184,0.19377731295818504,15253166115.647924
506600,527226,,,1131225,13333271-0055331,,G,203.386292,-0.925864,702.632505815,,0.147525,-21.1066,0.19379174670024832,21809213298.525417
506601,527227,,,1131308,13452296-0055200,,G,206.345688,-0.922233,339.12434269,,0.074826,-20.3968,0.19379216588796655,11342792830.002548
506605,527231,,,1131472,13254509-0054528,,G,201.437912,-0.914668,485.289,,0.104841502421,-20.86,0.1937950819409428,17378008287.49384
506645,527271,,,1135192,13455283-0046078,,G,206.470139,-0.768837,695.393916396,,0.146137,-21.7112,0.1938282619199826,38060982946.72183
506650,527276,,,1135854,13494682-0044308,,G,207.445084,-0.7419060000000001,421.22780650699997,,0.091828,-20.4686,0.19383088268934445,12118252573.630604
506655,527281,,,1136281,13245898-0043320,,G,201.245789,-0.725576,450.817,,0.0978652989326,-20.59,0.19383449942048145,13551894123.510351
506657,527283,,,1136421,13211113-0043086,,G,200.296387,-0.719062,489.779,,0.105745762873,-20.22,0.1938360838711065,9638290236.239744
506663,527289,,,1146704,13275620-0018099,,G,201.984192,-0.302771,446.73920162,,0.097036,-20.4973,0.1938401690696504,12442853848.211695
508234,528860,,,3111380,13220146-0017569,,G,200.506088,-0.29915,334.195,,0.0737929868965,-19.98,0.19494704963910106,7726805850.957022
508265,528891,,,118232,13331778-0325025,,G,203.324097,-3.417371,513.5040500590001,,0.110507,-21.5377,0.1949678258178928,32439936841.78963
508266,528892,,,118246,13354316-0256380,,G,203.929855,-2.943899,476.52166458,,0.103073,-21.3894,0.19496887161768164,28298277430.17737
508277,528903,,,1112502,13234902-0141485,,G,200.954254,-1.696821,319.099623187,,0.070621,-20.7646,0.1949752115326865,15916222437.1926
508390,529016,,,1132474,13271679-0052347,,G,201.819977,-0.876307,414.949432704,,0.090541,-20.959,0.19504687934524087,19037065317.42077
508709,529335,,,1117492,13590686-0129180,,G,209.778595,-1.488345,311.846225196,,0.069092,-20.5007,0.19525404980491534,12481879914.197186
508748,529374,,,159263,13340277-0101188,,G,203.511551,-1.021916,304.323992048,,0.067503,-20.3657,0.19528291414641927,11022497271.665705
508786,529412,,,118138,13362661-0238301,,G,204.110886,-2.641709,396.278,,0.0867008533504,-20.15,0.1953043716912684,9036494737.223042
508799,529425,,,1110948,13464589-0145194,,G,206.691223,-1.7554009999999998,374.55879723,,0.08221,-20.7746,0.19531439765286374,16063493430.175097
509081,529707,,,118224,13322502-0317285,,G,203.104279,-3.291256,522.544540342,,0.112314,-20.9116,0.1955058426847557,18223844457.49694
509199,529825,,,117902,13220049-0332499,,G,200.502075,-3.5472050000000004,407.94179084800004,,0.089102,-20.833,0.19558517983165133,16951182515.314018
509212,529838,,,1097684,13403368-0214336,,G,205.14035,-2.242692,354.395106165,,0.07801699999999999,-21.0504,0.19559253903943466,20709041575.546
509257,529883,,,117842,13235735-0316495,,G,200.988968,-3.2804330000000004,409.537947745,,0.08943,-20.7295,0.19562503215349145,15409906371.070871
509271,529897,,,1112493,13322165-0141485,,G,203.09021,-1.696814,477.165469035,,0.103203,-21.2873,0.19563430384753566,25758466248.14671
509290,529916,,,1127772,13462327-0103357,,G,206.596985,-1.059933,310.007969051,,0.068704,-20.0079,0.19564579263182555,7927933525.495842
509454,530080,,,1109099,13491867-0149218,,G,207.32782,-1.822742,1058.23303311,,0.213284,-21.6659,0.1957403337514803,36505642799.64905
509889,530515,,,1111094,13355531-0144573,,G,203.980469,-1.749253,476.01164722199997,,0.10297,-20.5961,0.19598373530230548,13628247120.092545
509896,530522,,,1084755,13374226-0242325,,G,204.426117,-2.709052,426.58,,0.0929235764618,-20.11,0.19598661870416795,8709635899.560833
510049,530675,,,1152461,13492487-0004438,,G,207.353653,-0.078856,310.737471255,,0.068858,-20.951,0.19607422804390595,18897310544.316875
510063,530689,,,3106875,13211807-0117146,,G,200.325333,-1.287393,439.506628407,,0.095563,-20.2998,0.1960804547756992,10373373136.22613
510215,530841,,,1131301,13553950-0055215,,G,208.914612,-0.92265,371.888318045,,0.08165599999999999,-21.0481,0.1961680071797937,20665218424.95121
510332,530958,,,1085771,13553425-0239585,,G,208.892746,-2.666261,433.52160308199996,,0.094342,-21.0251,0.196241629396782,20232055142.113518
510401,531027,,,117872,13273322-0235256,,G,201.888458,-2.590469,402.462557506,,0.087975,-20.8136,0.19630272013694536,16650987699.971956
510407,531033,,,1125583,13421094-0108534,,G,205.545609,-1.14817,414.14525983199997,,0.090376,-21.2838,0.1963073035175945,25675564457.275368
510756,531382,,,3107966,13204544-0057147,,G,200.189362,-0.954088,522.396,,0.112284326142,-20.88,0.1965829772723214,17701089583.174183
510847,531473,,,118575,13462749-0254467,,G,206.614548,-2.912987,318.50133076099996,,0.070495,-21.0266,0.19665575021078066,20260026076.444016
510862,531488,,,1124038,13233757-0112583,,G,200.90657,-1.216201,446.233024289,,0.096933,-21.1408,0.1966672044547114,22507123811.825832
510981,531607,,,2816888,13423837-0133171,,G,205.659897,-1.55475,322.653471713,,0.071369,-20.5777,0.19674347227773484,13399234877.2198
511034,531660,,,1119751,13220747-0123269,,G,200.531158,-1.390815,305.69090205,,0.06779199999999999,-20.6624,0.1967783964890856,14486384228.706444
511180,531806,,,1132247,13210146-0053086,,G,200.256119,-0.8857309999999999,526.563356827,,0.113116,-21.0783,0.1968757312260615,21248095028.468044
511239,531865,,,1096647,13251520-0216344,,G,201.31337,-2.276223,398.412941014,,0.087141,-20.8687,0.1969139341129764,17517817598.196552
511260,531886,,,1106182,13393277-0155486,,G,204.886581,-1.93019,366.480983008,,0.08053300000000001,-20.5813,0.19692603533636327,13443736759.414991
511272,531898,,,1116366,13293608-0132061,,G,202.40036,-1.535036,478.057062303,,0.103383,-21.3404,0.1969334819713503,27049547227.09013
511414,532040,,,1149301,13392601-0012106,,G,204.858414,-0.20297,519.996,,0.111805105903,-20.35,0.1970271708680524,10864256236.170687
512725,533351,,,46588,13205740-0116496,,G,200.239197,-1.280455,450.225253644,,0.097745,-21.6241,0.1981189542070092,35126914205.94178
512726,533352,,,46702,13221833-0338232,,G,200.576401,-3.639785,336.002541812,,0.074172,-20.2167,0.198119309321627,9609039972.449415
512727,533353,,,46675,13220287-0120119,,G,200.511978,-1.336649,329.29081186,,0.072764,-20.4169,0.19811973634195498,11554735274.562315
512728,533354,,,46721,13222695-0340042,,G,200.61232,-3.667839,445.078399746,,0.096698,-20.8892,0.19812039607547405,17851717269.97074
512744,533370,,,1071072,13212022-0327134,,G,200.33429,-3.453746,499.046898985,,0.107609,-21.4607,0.19813303819822806,30218993830.144287
512756,533382,,,48303,13393421-0016356,,G,204.892578,-0.276579,598.115266903,,0.12726700000000002,-21.9839,0.19814162851954356,48928285739.0024
512763,533389,,,48471,13413771-0025549,,G,205.40715,-0.431942,324.807466442,,0.071822,-20.6491,0.1981461577177897,14310012067.617775
512783,533409,,,1074009,13330863-0314595,,G,203.28598,-3.2498720000000003,340.408,,0.0750947775474,-20.47,0.19816015452545527,12133888504.649809
512926,533552,,,1078380,13215722-0259469,,G,200.488419,-2.996372,292.804580439,,0.065063,-20.6779,0.19826154286203576,14694675497.83704
514506,535132,,,91317,13521600-0246293,,G,208.066681,-2.77482,363.078,,0.0798254499127,-20.73,0.19957718684944967,15417004529.495615
515076,535702,,,95631,13303233-0147353,,G,202.634735,-1.793145,396.278,,0.0867008533504,-20.71,0.19997353106724688,15135612484.362131
515077,535703,,,95638,13304807-0152013,,G,202.700333,-1.867035,577.742043185,,0.12326199999999997,-20.7617,0.19997411770302945,15873766952.14202
515078,535704,,,95639,13304821-0152113,,G,202.700882,-1.869812,376.704,,0.08265478132739999,-19.14,0.19997424943419964,3564511334.262453
515079,535705,,,95664,13312343-0143337,,G,202.847626,-1.726034,338.844,,0.07476738738369999,-19.3,0.1999744020812968,4130475019.9016094
515080,535706,,,95665,13312783-0143497,,G,202.865967,-1.730477,380.189,,0.0833767616884,-19.69,0.19997462070062216,5915616341.754743
515081,535707,,,95667,13313656-0140084,,G,202.902359,-1.669007,369.828,,0.08122825061410001,-19.38,0.1999747850199122,4446312674.691084
515222,535848,,,96797,13313433-0826171,,G,202.893066,-8.438101,345.23256737699995,,0.07610399999999999,-21.0336,0.20007536659566647,20391069271.148773
516848,537474,,,105098,13241284-0344435,,G,201.053528,-3.745432,351.09239273699995,,0.077328,-20.7661,0.2013900238217639,15938226707.616594
516849,537475,,,105102,13205910-0329276,,G,200.246262,-3.491009,534.564,,0.114710247355,-20.28,0.20139040025551014,10185913880.541231
516850,537476,,,105104,13242595-0609368,,G,201.108154,-6.160247,304.404383753,,0.06752000000000001,-20.8193,0.20139101885356467,16738633484.829685
516851,537477,,,105105,13272808-0604100,,G,201.867035,-6.069458,385.31320871599996,,0.084437,-20.7681,0.20139160895755287,15967613063.721785
516852,537478,,,105110,13294410-0549501,,G,202.433777,-5.830588,286.842721132,,0.063797,-20.9552,0.20139231003912164,18970553395.351776
516854,537480,,,105118,13202032-0542595,,G,200.084671,-5.716552,409.261,,0.08937310468660001,-19.89,0.20139357529465332,7112135136.533323
516855,537481,,,105121,13204160-0618215,,G,200.17334,-6.305974,826.339087467,,0.170922,-21.7088,0.201394978782156,37976942759.70948
516856,537482,,,105125,13221405-0547059,,G,200.558548,-5.784978,424.358647375,,0.092469,-20.5397,0.20139545693698896,12938382913.234018
516864,537490,,,105211,13392660-0335046,,G,204.86084,-3.584636,542.778424486,,0.116344,-20.6501,0.2013997617967636,14323198147.286674
516865,537491,,,105218,13413511-0315429,,G,205.396332,-3.261944,420.727,,0.09172531586269997,-19.73,0.20139998862052594,6137620051.647945
516866,537492,,,105223,13381172-0550376,,G,204.548843,-5.843781,497.603015456,,0.107319,-21.0684,0.20140076674405852,21055230491.41433
516867,537493,,,105225,13390713-0637042,,G,204.779724,-6.617842,876.0553679469998,,0.180161,-21.6267,0.20140206801745125,35211133021.98462
516868,537494,,,105227,13395374-0644001,,G,204.973923,-6.733364999999999,467.04999054900003,,0.101158,-21.5708,0.20140330398921655,33444137477.358643
516869,537495,,,105230,13352910-0648088,,G,203.871277,-6.802451,685.488,,0.144233952117,-22.702,0.2014068073797313,94798180101.07204
516871,537497,,,105213,13404878-0309402,,G,205.203278,-3.161178,396.234554418,,0.08669199999999999,-20.3548,0.2014080853401614,10912393042.251884
516880,537506,,,105299,13523347-0346567,,G,208.139496,-3.782417,701.455,,0.14729932365,-20.31,0.20141486914183052,10471285480.508986
516881,537507,,,105314,13461387-0358477,,G,206.5578,-3.979934,359.03066632300005,,0.078983,-21.0697,0.2014156481976029,21080455949.305832
516882,537508,,,105317,13482245-0622162,,G,207.093567,-6.371188,405.05290028300004,,0.088508,-20.7386,0.20141622248402694,15539605883.516584
516883,537509,,,105318,13533515-0631215,,G,208.396484,-6.522652,489.17407952400004,,0.105624,-21.5713,0.2014174590251094,33459542618.732063
516884,537510,,,105321,13430725-0644246,,G,205.780243,-6.740179,363.643269885,,0.079943,-20.7674,0.20141804874876607,15957321681.040869
516885,537511,,,105322,13430734-0550166,,G,205.780609,-5.837958,466.486854451,,0.101044,-20.5722,0.20141854143286944,13331530174.755293
516908,537534,,,105408,13545793-0335005,,G,208.741379,-3.583495,647.2378367,,0.136847,-21.2203,0.2014366476254384,24216980942.113888
516910,537536,,,105424,13582936-0352336,,G,209.622345,-3.876004,422.145791094,,0.092016,-20.6023,0.20143783387703185,13706292636.6839
516912,537538,,,105438,13571600-0607407,,G,209.316696,-6.127997,409.576886794,,0.089438,-20.5387,0.2014386845742516,12926471708.339254
516913,537539,,,105439,13571962-0607217,,G,209.331787,-6.122718,359.328387973,,0.079045,-20.8955,0.20143934814701173,17955603225.506516
522452,543078,,,117917,13233878-0352263,,G,200.911606,-3.873977,385.478,,0.08447107223549999,-19.59,0.20609522670721228,5395106225.151268
522483,543109,,,117843,13240122-0323075,,G,201.005096,-3.3854330000000004,529.663,,0.113733956867,-20.14,0.206146472938034,8953647655.495974
522484,543110,,,117846,13242908-0331259,,G,201.121185,-3.5238720000000003,547.94050137,,0.117369,-20.8127,0.2061470877871455,16637190905.27266
522485,543111,,,117845,13240983-0330465,,G,201.040985,-3.5129330000000003,343.45830018099997,,0.07573300000000001,-20.1334,0.2061474166755408,8899385094.848991
522486,543112,,,117847,13243516-0343509,,G,201.14653,-3.730814,459.183244695,,0.099564,-21.2939,0.20614837441757775,25915524328.235214
522487,543113,,,117849,13244654-0341540,,G,201.193954,-3.698356,536.697889297,,0.115135,-20.9156,0.20614905038933298,18291107408.488068
522488,543114,,,117850,13244922-0346330,,G,201.205093,-3.775856,540.725440072,,0.11593599999999997,-20.8089,0.20614966309027752,16579063692.570091
522489,543115,,,117851,13244995-0349280,,G,201.20816,-3.824467,554.895432077,,0.118748,-21.2251,0.2061505620258153,24324280336.58154
522490,543116,,,117852,13245770-0340480,,G,201.240448,-3.680021,508.714234192,,0.109548,-20.8154,0.20615117840583133,16678615622.839922
522491,543117,,,117853,13245817-0349340,,G,201.242401,-3.826132,469.125394104,,0.101578,-20.9884,0.20615190125643792,19559601392.42791
522492,543118,,,117855,13251475-0342114,,G,201.311478,-3.703167,495.12472141,,0.106821,-20.8916,0.2061525624498988,17891221810.063656
522493,543119,,,117858,13253343-0253033,,G,201.389328,-2.884273,380.189,,0.0833767616884,-19.88,0.20615282287842296,7046930689.671453
522494,543120,,,117864,13255367-0337477,,G,201.473648,-3.629944,459.646720361,,0.099658,-20.3781,0.20615323490814927,11149104856.856495
522495,543121,,,117866,13263783-0352179,,G,201.657639,-3.871665,521.93855049,,0.112193,-21.4341,0.20615432466234504,29487638925.788
522496,543122,,,117867,13264644-0305273,,G,201.693512,-3.090927,539.511,,0.115694517847,-20.23,0.20615468415378185,9727472237.76964
522497,543123,,,117873,13275823-0346059,,G,201.992661,-3.768326,396.278,,0.0867008533504,-20.09,0.2061550001548494,8550667128.846841
522498,543124,,,117878,13284322-0401061,,G,202.180099,-4.0183800000000005,493.771757046,,0.106549,-21.6186,0.2061562917563764,34949422185.195946
522499,543125,,,117857,13252857-0311533,,G,201.369049,-3.198164,395.00279677599997,,0.086438,-20.265,0.20615666302525806,10046157902.784008
522500,543126,,,117881,13292264-0335536,,G,202.344345,-3.598233,442.588,,0.0961909680955,-20.0,0.20615695388830527,7870457896.951001
522501,543127,,,117882,13294474-0356011,,G,202.436432,-3.933644,568.297969016,,0.121399,-20.8869,0.20615761222573845,17813940606.504925
522502,543128,,,117888,13201579-0400505,,G,200.065826,-4.014055,503.635889547,,0.10853,-20.7166,0.2061581749926436,15227899432.461203
522503,543129,,,117891,13205289-0342546,,G,200.220383,-3.715177,339.802523248,,0.07496799999999999,-20.2331,0.20615853551196905,9755285858.058882
522504,543130,,,117892,13205329-0359526,,G,200.222046,-3.997955,306.324875213,,0.067926,-20.1709,0.2061588759582151,9212128769.195778
522505,543131,,,117896,13211481-0401086,,G,200.311722,-4.01906,319.099623187,,0.070621,-20.9266,0.2061595588133032,18477363387.35044
522506,543132,,,117897,13211781-0356326,,G,200.324234,-3.942391,378.443,,0.0830151415076,-19.66,0.20615977147464504,5754399373.371567
522507,543133,,,117900,13214840-0304289,,G,200.451706,-3.074706,382.54798814099996,,0.083865,-20.8174,0.20616038899112146,16709367082.649515
522508,543134,,,117901,13215949-0337299,,G,200.497879,-3.624983,387.258,,0.08483899241949999,-19.41,0.20616055791402968,4570881896.148752
522509,543135,,,117903,13220851-0336479,,G,200.535461,-3.613315,370.481550518,,0.08136399999999999,-21.0578,0.206161328477736,20850669287.93354
522510,543136,,,117906,13222114-0339492,,G,200.588089,-3.663673,437.745942987,,0.095204,-21.1151,0.2061621408003616,21980623124.82561
522511,543137,,,117908,13223075-0259112,,G,200.628128,-2.98645,359.04026986800005,,0.078985,-21.1007,0.20616294242037211,21691021259.24206
522512,543138,,,117912,13225021-0255555,,G,200.709244,-2.932102,446.684,,0.09702466851230003,-19.66,0.206163155081714,5754399373.371567
522513,543139,,,117905,13221894-0334472,,G,200.578918,-3.579785,424.959709669,,0.092592,-20.6657,0.2061636920746216,14530481304.09302
522514,543140,,,117914,13230023-0349135,,G,200.750977,-3.820435,926.473447128,,0.18944,-21.4652,0.2061648134952737,30344500990.79812
522515,543141,,,117925,13245144-0625204,,G,201.214355,-6.422341,539.815003489,,0.115755,-21.0392,0.2061655709707028,20496513833.45546
522516,543142,,,117926,13250028-0552580,,G,201.251205,-5.882797,529.095918572,,0.113621,-21.1137,0.2061663822465559,21952298527.41357
522517,543143,,,117927,13250738-0537150,,G,201.280777,-5.62085,551.857852491,,0.118146,-21.3051,0.2061673499193916,26184241628.91013
522518,543144,,,117929,13253999-0650241,,G,201.416656,-6.840052,351.159471703,,0.077342,-21.5285,0.2061685386639716,32166217928.790573
522519,543145,,,117930,13254539-0557507,,G,201.439163,-5.964111,391.847657061,,0.085787,-20.8806,0.20616919319245364,17710874270.13518
522520,543146,,,117933,13260601-0648460,,G,201.525055,-6.8127830000000005,408.939310171,,0.08930700000000001,-21.4673,0.2061703167842245,30403249255.42634
522521,543147,,,117935,13261044-0642330,,G,201.543503,-6.709169,465.810209238,,0.100907,-21.088,0.2061711090822066,21438776659.7352
522522,543148,,,117936,13264344-0559193,,G,201.68103,-5.988704,470.29699471,,0.101815,-20.3559,0.20617151277272566,10923454398.603998
522523,543149,,,117938,13265706-0651202,,G,201.737762,-6.855638000000001,433.56568488,,0.094351,-21.6583,0.20617285247578707,36251000727.9341
522524,543150,,,117939,13270528-0541083,,G,201.772034,-5.685642,465.586,,0.100861580431,-19.97,0.2061731354120088,7655966069.112569
522525,543151,,,117940,13271794-0645200,,G,201.824768,-6.755566,498.43443028400003,,0.10748599999999997,-21.597,0.2061744015718935,34260997248.813618
522526,543152,,,117941,13271908-0642480,,G,201.829529,-6.713345,512.861,,0.110378365189,-21.659,0.2061757421389719,36274380147.64591
522527,543153,,,117942,13280269-0540419,,G,202.01123,-5.678324,581.737854156,,0.124049,-20.8626,0.2061763859057335,17419673071.214157
522528,543154,,,117943,13281298-0657048,,G,202.054108,-6.951339,396.99126725599996,,0.08684800000000001,-20.3899,0.2061768024379044,11270936422.340174
522529,543155,,,117944,13283038-0659568,,G,202.126587,-6.999117999999998,415.65627025599997,,0.090686,-20.9137,0.2061774772277674,18259126607.533043
522530,543156,,,117947,13292245-0625513,,G,202.343552,-6.430943,401.403604601,,0.087757,-20.2719,0.20617785086362608,10110205892.290121
522531,543157,,,117948,13292466-0555283,,G,202.352768,-5.924554,337.31489518,,0.074447,-20.2622,0.20617822117627768,10020283291.640676
522542,543168,,,117970,13201964-0535005,,G,200.081863,-5.583497,990.512514659,,0.2011,-21.7063,0.20618912550403265,37889598215.14765
522543,543169,,,117971,13202784-0531157,,G,200.116013,-5.521035,1170.60032737,,0.233188,-21.701,0.20619051894492005,37705091583.33941
522544,543170,,,117975,13203542-0625345,,G,200.147614,-6.426253,381.43184687800004,,0.083634,-21.0821,0.20619130694915191,21322592150.992386
522545,543171,,,117981,13212435-0653042,,G,200.351486,-6.884519999999998,355.55104505699995,,0.07825800000000001,-20.9685,0.20619201667161285,19204367139.433544
522546,543172,,,117984,13214139-0607162,,G,200.42247,-6.121183,382.48999852400004,,0.083853,-20.6971,0.20619256942135644,14956845240.361763
522547,543173,,,117989,13215771-0631463,,G,200.490494,-6.529548,510.505,,0.109906704953,-21.324,0.20619355408646672,26644035277.24903
522548,543174,,,117990,13220027-0621553,,G,200.501129,-6.365382,883.08,,0.18145920073,-21.05,0.2061943191342301,20701413487.910458
522549,543175,,,117994,13221227-0558483,,G,200.551132,-5.980103,314.131169087,,0.069574,-19.7826,0.2061945572173197,6442285984.294418
522550,543176,,,117999,13222288-0553132,,G,200.595352,-5.887006,533.909550953,,0.11458,-21.7333,0.2061959927350133,38843647114.16401
522551,543177,,,118005,13231390-0534535,,G,200.807953,-5.581542,491.539363812,,0.1061,-21.3048,0.20619696014050806,26177007655.03322
522552,543178,,,118006,13231893-0551293,,G,200.828888,-5.858159,323.685134131,,0.071586,-20.8406,0.20619759099405585,17070254655.311153
522553,543179,,,118008,13233774-0635364,,G,200.907272,-6.5934550000000005,417.05083072400004,,0.090972,-20.9739,0.20619830425517355,19300119587.775288
522554,543180,,,118009,13234094-0558564,,G,200.920624,-5.982343,507.785890503,,0.109362,-20.7234,0.20619887055776606,15323571531.5193
522555,543181,,,118010,13234365-0546482,,G,200.9319,-5.780082,443.97814003300005,,0.096474,-21.1658,0.20619972171256049,23031382073.03665
522597,543223,,,118145,13365540-0346127,,G,204.230865,-3.770202,458.739542556,,0.099474,-21.2918,0.20623633653734735,25865447704.239426
522598,543224,,,118147,13370008-0347267,,G,204.250351,-3.790757,485.43519974,,0.104871,-20.8577,0.2062369774052928,17341234056.709484
522599,543225,,,118152,13372037-0334026,,G,204.334915,-3.56739,775.473241889,,0.161374,-21.6238,0.2062382752076236,35117209621.659706
522600,543226,,,118158,13374576-0350155,,G,204.440704,-3.837661,297.856158045,,0.066134,-20.384,0.20623868948245555,11209855128.753185
522601,543227,,,118180,13392660-0357176,,G,204.860855,-3.954914,704.693,,0.14791966396,-20.28,0.2062390659162018,10185913880.541231
522602,543228,,,118185,13393808-0338016,,G,204.908707,-3.633799,857.627607555,,0.17674700000000002,-21.3025,0.20624003127453489,26121613543.992054
522603,543229,,,118188,13394554-0340480,,G,204.939789,-3.680007,458.24659887900003,,0.099374,-20.8755,0.20624068273572715,17627876532.323982
522604,543230,,,118196,13400405-0349410,,G,205.016907,-3.828058,457.088,,0.0991389495695,-19.86,0.20624093841089505,6918309709.18939
522605,543231,,,118199,13401077-0259169,,G,205.044907,-2.988055,494.311,,0.106657373329,-20.22,0.2062412946064945,9638290236.239744
522606,543232,,,118203,13403357-0246016,,G,205.139893,-2.7671360000000003,559.758,,0.119710769855,-20.1,0.206241613531484,8629785477.669737
522607,543233,,,118204,13404665-0248262,,G,205.194397,-2.807289,463.958670521,,0.100532,-20.3434,0.20624201260099584,10798414650.083914
522608,543234,,,118208,13414026-0240367,,G,205.417786,-2.676879,311.889,,0.0691009545505,-19.2,0.20624215181680305,3767037989.8390775
522609,543235,,,118209,13414120-0243017,,G,205.421677,-2.717157,564.937,,0.12073494036699997,-19.92,0.2062424220187971,7311390834.834217
522610,543236,,,118211,13301531-0353274,,G,202.563812,-3.89095,816.7257702910001,,0.169125,-21.4904,0.2062435697720963,31057035608.63465
522611,543237,,,118215,13313229-0354344,,G,202.884567,-3.909562,523.39608182,,0.112484,-21.5372,0.20624476808034764,32425001138.128437
522612,543238,,,118218,13314866-0355064,,G,202.952774,-3.918449,413.21945296800004,,0.090186,-21.1289,0.20624559079370755,22261785814.85605
522613,543239,,,118220,13315112-0315424,,G,202.963028,-3.261782,682.3389999999998,,0.143628101814,-20.57,0.2062460824805082,13304544179.780985
522614,543240,,,118223,13321655-0355575,,G,203.068985,-3.932649,449.654685197,,0.097629,-20.4584,0.20624652613874594,12004940170.840662
522615,543241,,,118225,13322650-0342345,,G,203.110443,-3.709589,549.5409999999998,,0.117686578843,-20.33,0.20624692031326808,10665961212.302591
522616,543242,,,118226,13322928-0321118,,G,203.122009,-3.353285,517.418982857,,0.11129,-20.4742,0.20624737047497596,12180917450.17812
522617,543243,,,118228,13325112-0329508,,G,203.213013,-3.497446,465.291690927,,0.100802,-20.2716,0.20624774400760948,10107412725.073305
522618,543244,,,118234,13341087-0346098,,G,203.545319,-3.769414,472.86386084,,0.102334,-20.3747,0.2062481547490764,11114245868.88242
522619,543245,,,118235,13341713-0232478,,G,203.571396,-2.546635,815.7959140060001,,0.168951,-21.3719,0.20624918382768304,27845819265.204197
522620,543246,,,118240,13351398-0329141,,G,203.808273,-3.487255,676.859136923,,0.142573,-20.8645,0.206249828722,17450183572.02652
522621,543247,,,118242,13352106-0332121,,G,203.837784,-3.536699,548.676301022,,0.117515,-21.7826,0.20625133092474,40648076570.32381
522622,543248,,,118243,13352341-0334480,,G,203.847565,-3.580018,570.389776674,,0.121812,-20.8569,0.20625197132065035,17328461269.50539
522623,543249,,,118251,13355512-0255423,,G,203.979675,-2.928419,740.814967106,,0.15481099999999998,-21.0575,0.20625274167147145,20844908830.97293
522624,543250,,,118256,13365997-0607286,,G,204.249878,-6.1246230000000015,546.318167231,,0.117047,-21.1892,0.20625361136962853,23533146585.94277
522625,543251,,,118257,13370245-0654486,,G,204.260223,-6.913512,404.80010573199996,,0.08845599999999999,-20.3072,0.2062539973529596,10444315922.3356
522626,543252,,,118258,13371276-0552167,,G,204.303192,-5.871308,524.718824785,,0.112748,-21.5376,0.20625519610276533,32436949150.7804
522627,543253,,,118259,13371820-0609176,,G,204.325867,-6.154896,436.878155721,,0.095027,-21.0248,0.20625594359820906,20226465590.94566
522628,543254,,,118261,13374622-0558180,,G,204.44261200000003,-5.971692,625.803758336,,0.13268,-20.9752,0.20625665771385732,19323242315.126144
522629,543255,,,118262,13374790-0608190,,G,204.449615,-6.138636,712.287599118,,0.149373,-21.1873,0.20625752589140428,23492000423.49329
522630,543256,,,118264,13380766-0633345,,G,204.531952,-6.559609,548.1420774630001,,0.117409,-21.1745,0.20625838389389745,23216673827.931324
522631,543257,,,118265,13382149-0539450,,G,204.589569,-5.662512,467.13891410300005,,0.101176,-20.9532,0.20625908368521492,18935640510.41612
522632,543258,,,118267,13383919-0615148,,G,204.663315,-6.254133,576.03214436,,0.122925,-21.0332,0.20625983698622508,20383558307.262928
522633,543259,,,118268,13384167-0611518,,G,204.673645,-6.197744,309.363859144,,0.06856799999999999,-20.4363,0.2062602717051528,11763051542.916744
522634,543260,,,118269,13384711-0622218,,G,204.696304,-6.372743,290.057835577,,0.06448,-19.9114,0.20626053977535985,7253706848.32601
522635,543261,,,118271,13390626-0627552,,G,204.776093,-6.465342,291.22599612700003,,0.064728,-19.9292,0.20626081227664184,7373607224.596063
522636,543262,,,118273,13391162-0621072,,G,204.798447,-6.3520080000000005,387.258,,0.08483899241949999,-19.73,0.20626103910040414,6137620051.647945
522637,543263,,,118274,13391350-0639052,,G,204.80629,-6.651452000000001,860.9153523169998,,0.177357,-21.4978,0.20626219470310928,31269432541.18888
522638,543264,,,118275,13392500-0630019,,G,204.854187,-6.500546,597.035,,0.127055103528,-20.703000000000007,0.20626275046472675,15038343479.613672
522639,543265,,,118276,13393043-0539566,,G,204.876831,-5.6657470000000005,389.045,,0.08520817260410002,-19.03,0.20626286950352934,3221068791.283441
522640,543266,,,118277,13393191-0644149,,G,204.882965,-6.737491,426.58,,0.0929235764618,-19.23,0.20626301261964808,3872576449.216165
522641,543267,,,118278,13393982-0609179,,G,204.915939,-6.15499,338.064344728,,0.07460399999999999,-20.771,0.20626360430191013,16010319546.673378
522642,543268,,,118280,13403412-0541546,,G,205.142181,-5.698524,549.5409999999998,,0.117686578843,-20.75,0.2062641846499872,15703628043.33558
522643,543269,,,118282,13405917-0629451,,G,205.246567,-6.495863,324.47453431400004,,0.071752,-20.5609,0.2062646722329812,13193499349.791893
522644,543270,,,118283,13411029-0553060,,G,205.292877,-5.885024,396.355812248,,0.086717,-20.7424,0.20626524853288855,15594088693.47829
522645,543271,,,118285,13414417-0546437,,G,205.434052,-5.778823,323.000495219,,0.07144199999999999,-20.476,0.20626569944152104,12201128470.319342
522646,543272,,,118286,13300829-0645424,,G,202.534561,-6.761792999999999,708.131573866,,0.148578,-21.7306,0.20626713139381592,38747171054.79696
522647,543273,,,118288,13303176-0622094,,G,202.63237,-6.369279,429.50737356800005,,0.093522,-20.6029,0.20626763820775368,13713869107.172544
522648,543274,,,118289,13303626-0637442,,G,202.651123,-6.628956,446.631080554,,0.097014,-21.0407,0.20626839673039696,20524850383.470318
522649,543275,,,118290,13310478-0611578,,G,202.769943,-6.1994,558.632339917,,0.119488,-21.4736,0.2062695268607772,30580177365.620144
522650,543276,,,118291,13311519-0552237,,G,202.813293,-5.873257,341.51764830900004,,0.075327,-20.2061,0.20626987852529388,9515683750.019993
522651,543277,,,118292,13311708-0658408,,G,202.821182,-6.978007000000002,540.574525226,,0.115906,-21.1283,0.2062707007841312,22249486896.00726
522652,543278,,,118294,13313107-0542114,,G,202.879471,-5.703172,374.317699965,,0.08216,-20.4022,0.20627112206190792,11399347684.251032
522653,543279,,,118295,13313341-0553194,,G,202.889236,-5.888728,836.5986315819998,,0.172836,-21.7616,0.2062725954886566,39869427544.937546
522654,543280,,,118296,13314118-0538454,,G,202.921616,-5.64595,466.822750546,,0.101112,-20.9048,0.2062732647697393,18110064621.73406
522655,543281,,,118297,13314625-0646331,,G,202.942749,-6.775881,557.839232525,,0.119331,-21.0885,0.2062740574326721,21448651854.918037
522656,543282,,,118299,13321581-0653184,,G,203.065903,-6.8884690000000015,430.52522155199995,,0.09373,-20.819000000000006,0.20627467585982526,16734009068.39324
522657,543283,,,118300,13322988-0549388,,G,203.124527,-5.82745,506.408738127,,0.109086,-20.8675,0.2062753225385151,17498466886.246655
522658,543284,,,118303,13324033-0536408,,G,203.16806,-5.611338,360.567554738,,0.079303,-20.2059,0.2062756741382588,9513931057.729708
522659,543285,,,118304,13324268-0548538,,G,203.177856,-5.814949,387.44169900199995,,0.084877,-21.189,0.20627654367622636,23528812019.381733
522660,543286,,,118305,13325522-0627304,,G,203.230087,-6.458462,580.764,,0.123857221929,-20.86,0.2062771859032114,17378008287.49384
522661,543287,,,118306,13325911-0629124,,G,203.246307,-6.486792,580.661106001,,0.123837,-20.8296,0.2062778103976136,16898182648.953962
522662,543288,,,118307,13330669-0616184,,G,203.277878,-6.271782,760.4237991260001,,0.15853,-21.1793,0.20627867220170146,23319541111.398533
522663,543289,,,118309,13331626-0600004,,G,203.31778,-6.0001120000000014,583.02319545,,0.124302,-20.9344,0.2062793599801289,18610583935.61414
522664,543290,,,118310,13331815-0611213,,G,203.325638,-6.189277,608.95390728,,0.12939,-20.9479,0.2062800563637529,18843431793.0824
522665,543291,,,118311,13331956-0547205,,G,203.331528,-5.789037,494.69192243099997,,0.106734,-21.0507,0.2062808219049198,20714764485.809544
522666,543292,,,118312,13332653-0549091,,G,203.360565,-5.819197,512.861,,0.110378365189,-20.16,0.2062811589504328,9120108393.559114
522667,543293,,,118313,13333614-0600095,,G,203.400604,-6.002657,327.557725273,,0.0724,-20.5314,0.20628163346390774,12839851473.230276
522668,543294,,,118314,13333822-0612345,,G,203.409256,-6.2096019999999985,553.749774706,,0.118521,-20.8266,0.20628225623514984,16851555691.98159
522669,543295,,,118316,13340808-0618243,,G,203.533676,-6.30675,578.096,,0.123331801666,-21.994,0.20628408134307025,49385561961.76098
522670,543296,,,118317,13340895-0616373,,G,203.537308,-6.277028,547.436603581,,0.117269,-20.3437,0.20628448052286436,10801398774.569132
522671,543297,,,118319,13342210-0619592,,G,203.592087,-6.333132,504.219227522,,0.108647,-20.6071,0.2062849893011291,13767021796.2694
522672,543298,,,118320,13342444-0618032,,G,203.601868,-6.300908,580.7982239840001,,0.12386400000000003,-20.7201,0.20628555388510764,15277067587.508404
522673,543299,,,118321,13342993-0601482,,G,203.624725,-6.030071,522.396,,0.112284326142,-20.49,0.20628601064561827,12359474334.445068
522674,543300,,,118322,13343624-0543408,,G,203.651001,-5.728017,522.396,,0.112284326142,-20.49,0.20628646740612888,12359474334.445068
522675,543301,,,118326,13353206-0602398,,G,203.883591,-6.044396,653.718651946,,0.138103,-21.664,0.20628781416098374,36441815078.886284
522676,543302,,,118327,13353723-0543570,,G,203.905136,-5.732513,609.618478902,,0.12952,-21.2843,0.20628876347206374,25687391214.67267
522677,543303,,,118328,13354334-0656438,,G,203.930603,-6.945505000000002,703.2066530660001,,0.147635,-21.1504,0.20628960263935894,22707012550.608948
522678,543304,,,118329,13354769-0620358,,G,203.948715,-6.343281,490.078288721,,0.105806,-20.8523,0.20629024032780724,17255200101.808628
522679,543305,,,118330,13354917-0646088,,G,203.95491,-6.769113000000001,776.294792213,,0.161529,-21.3851,0.20629128199395305,28186425258.80008
522740,543366,,,118477,13482314-0239236,,G,207.096451,-2.656556,765.6307684230002,,0.15951500000000002,-21.2001,0.2063290346969156,23770592117.871025
522741,543367,,,118481,13490225-0321028,,G,207.259415,-3.350797,392.645,,0.0859515729758,-19.49,0.20632921653655006,4920395356.814511
522742,543368,,,118482,13490419-0356478,,G,207.267471,-3.946631,580.764,,0.123857221929,-20.33,0.20632961071107225,10665961212.302591
522743,543369,,,118485,13491936-0353188,,G,207.330673,-3.888575,421.813728705,,0.091948,-20.5076,0.2063300749360989,12561456536.573444
522744,543370,,,118494,13500608-0328071,,G,207.525345,-3.46864,1137.63,,0.227386853693,-21.42,0.2063311506296124,29107171180.6662
522745,543371,,,118499,13502218-0341140,,G,207.592438,-3.687247,594.2919999999998,,0.12651687325799998,-20.5,0.206331611616476,12473835142.429485
522746,543372,,,118501,13503669-0336149,,G,207.652878,-3.60416,809.096,,0.167696213848,-20.39,0.20633202818701266,11271974561.75514
522747,543373,,,118506,13511684-0347130,,G,207.820175,-3.78696,704.693,,0.14791966396,-20.4,0.20633244861202907,11376272858.234331
522748,543374,,,118518,13523755-0338277,,G,208.156494,-3.641029,369.828,,0.08122825061410001,-21.14,0.20633327977952245,22490546058.357918
522749,543375,,,118523,13525598-0331341,,G,208.233276,-3.5261440000000004,297.190684858,,0.065993,-20.2732,0.2063336538630198,10122318539.221931
522750,543376,,,118530,13532749-0338121,,G,208.364563,-3.636703,356.96649042800004,,0.078553,-20.2831,0.2063340313730976,10215038316.37062
522751,543377,,,118535,13423208-0349403,,G,205.633698,-3.827885,487.823112975,,0.105352,-20.9753,0.20633474555452136,19325022133.47661
522752,543378,,,118540,13430336-0318530,,G,205.764038,-3.314741,399.945,,0.0874566437283,-19.62,0.20633495052369485,5546257129.579103
522753,543379,,,118542,13431792-0358516,,G,205.824677,-3.981014,756.119748391,,0.15771500000000002,-21.257,0.2063358762626725,25049554127.725624
522754,543380,,,118543,13431784-0248386,,G,205.824371,-2.810737,701.455,,0.14729932365,-20.72,0.2063364407946533,15275660582.380762
522755,543381,,,118531,13532942-0238211,,G,208.37262,-2.639203,361.41792371300005,,0.07948,-20.865,0.20633708598602346,17458221529.205
522756,543382,,,118561,13444082-0343378,,G,206.17009,-3.727194,962.194803215,,0.195961,-21.5673,0.2063383179799016,33336499900.481308
522757,543383,,,118563,13444750-0340049,,G,206.197937,-3.668028,410.204834138,,0.089567,-20.831,0.20633894328007601,16919986025.030075
522758,543384,,,118564,13444970-0338109,,G,206.207123,-3.636362,391.363231902,,0.085687,-21.1679,0.2063397960827429,23075971823.55481
522759,543385,,,118566,13452308-0343190,,G,206.346191,-3.721955,797.995,,0.165613642807,-20.62,0.2063403109420285,13931568029.453035
522760,543386,,,118567,13452442-0349020,,G,206.351761,-3.817233,941.89,,0.19225971613,-21.51,0.2063414796030247,31622776601.683792
522761,543387,,,118569,13453743-0316008,,G,206.40596,-3.266893,414.954,,0.090541965271,-19.61,0.2063416826930295,5495408738.576271
522762,543388,,,118570,13453956-0328258,,G,206.414871,-3.473838,454.98800000000006,,0.09871264935630003,-19.79,0.20634192240435298,6486344335.482401
522763,543389,,,118581,13464765-0335114,,G,206.698578,-3.586511,354.361536661,,0.07801,-20.6852,0.2063424691288703,14793808750.984474
522764,543390,,,118577,13462949-0304237,,G,206.62291,-3.073265,381.944,,0.08374006187000001,-20.28,0.20634284556261656,10185913880.541231
522765,543391,,,118589,13471337-0309265,,G,206.805725,-3.157362,437.52530067,,0.095159,-20.924,0.20634352678443585,18433168795.057587
522766,543392,,,118594,13472493-0353184,,G,206.853897,-3.888471,375.557107242,,0.08241699999999999,-20.5994,0.20634403196722897,13669731995.210596
522767,543393,,,118601,13483180-0540107,,G,207.132538,-5.669643,524.807,,0.112765646383,-21.326,0.20634501844783104,26693160636.242958
522768,543394,,,118602,13483542-0555047,,G,207.147614,-5.917975,537.0319999999998,,0.115201437601,-21.376,0.2063460514198316,27951170539.918484
522769,543395,,,118603,13483937-0541487,,G,207.164078,-5.696864,479.295717036,,0.103633,-20.959,0.20634675495943525,19037065317.42077
522770,543396,,,118604,13484219-0559267,,G,207.175797,-5.990769,657.5620188180001,,0.138847,-21.3277,0.2063477429858369,26734988399.93337
522771,543397,,,118605,13485124-0557597,,G,207.213501,-5.966602,454.571189526,,0.098628,-21.365,0.20634876554524734,27669416454.115128
522772,543398,,,118609,13492045-0545348,,G,207.335236,-5.759686,499.460243247,,0.107692,-20.8825,0.20634942122013394,17741894808.901752
522773,543399,,,118610,13493007-0636276,,G,207.37532,-6.60769,603.2529786580001,,0.128274,-20.9145,0.20635009650738373,18272585386.99777
522774,543400,,,118611,13494019-0605018,,G,207.417465,-6.083844,523.100526878,,0.112425,-20.5879,0.2063505963675736,13525707769.03588
522775,543401,,,118612,13494166-0624238,,G,207.423584,-6.4066220000000005,545.3813290730001,,0.116861,-21.3345,0.20635159060143413,26902955917.04617
522776,543402,,,118614,13494827-0542258,,G,207.451126,-5.707182,575.905324537,,0.1229,-20.8798,0.20635224464781945,17697829222.273468
522777,543403,,,118616,13501096-0559436,,G,207.54567,-5.995466,414.949432704,,0.090541,-20.989,0.2063529678979984,19570413414.8068
522778,543404,,,118617,13501584-0555116,,G,207.56604,-5.919908,712.49680516,,0.14941300000000002,-21.4479,0.20635407159166344,29864826771.46169
522779,543405,,,118618,13501822-0635276,,G,207.575943,-6.591017,764.208205434,,0.159246,-21.0041,0.20635480497079828,19844492645.996075
522780,543406,,,118620,13503043-0629326,,G,207.626816,-6.492393,496.104909001,,0.107018,-20.8249,0.2063554267676944,16825190881.989685
522781,543407,,,118621,13503080-0605446,,G,207.628357,-6.095726,407.58177518199994,,0.089028,-21.1551,0.20635626957550124,22805521089.39309
522782,543408,,,118623,13505579-0641204,,G,207.732498,-6.689019,563.859458874,,0.120522,-20.8969,0.20635693400445565,17978770969.513718
522783,543409,,,118624,13510117-0644534,,G,207.754883,-6.748182000000001,506.019627331,,0.109008,-20.5288,0.20635740738297811,12809140814.514341
522784,543410,,,118627,13520049-0531103,,G,208.002075,-5.519543,320.74782401,,0.07096799999999999,-19.8838,0.20635766872458064,7071637660.263726
522785,543411,,,118628,13523888-0545007,,G,208.162003,-5.750196,776.247,,0.16151990076,-21.14,0.20635849989207397,22490546058.357918
522786,543412,,,118629,13524562-0554216,,G,208.190109,-5.9060000000000015,525.605901626,,0.112925,-20.6813,0.2063590446562618,14740764231.38715
522787,543413,,,118630,13524691-0630405,,G,208.195496,-6.511277,378.172316327,,0.082959,-19.9554,0.20635932381327934,7553704651.726932
522788,543414,,,118631,13524759-0636375,,G,208.198303,-6.610442999999999,517.607,,0.111327565664,-20.637,0.20635984679745686,14151419329.314243
522789,543415,,,118632,13530894-0539430,,G,208.287277,-5.661972,467.46498423199995,,0.101242,-21.3487,0.206360854119992,27257122123.520508
522790,543416,,,118633,13531707-0636199,,G,208.321136,-6.605539,553.916304633,,0.118554,-20.9652,0.20636156168858868,19146085764.7306
522791,543417,,,118634,13531881-0641379,,G,208.328415,-6.6938710000000015,542.255018766,,0.11624,-20.88,0.20636221585546488,17701089583.174183
522792,543418,,,118636,13540266-0645002,,G,208.511124,-6.750062,545.6835120019999,,0.116921,-21.1797,0.20636307797711165,23328133930.59526
522793,543419,,,118639,13424437-0632364,,G,205.684875,-6.543468,582.764064027,,0.124251,-20.6175,0.20636359165225385,13899526312.133554
522794,543420,,,118640,13424645-0627256,,G,205.693573,-6.457123,637.601066331,,0.134976,-21.3477,0.20636459804743773,27232028943.898685
522795,543421,,,118641,13425725-0633416,,G,205.738571,-6.561569,406.91534998199995,,0.088891,-20.2605,0.20636496778072308,10004606230.728434
522796,543422,,,118642,13431069-0552076,,G,205.794571,-5.868792,414.954,,0.090541965271,-19.47,0.2063651463014102,4830588020.397738
522797,543423,,,118643,13432394-0606298,,G,205.849777,-6.108301,302.801627243,,0.06718099999999999,-20.4138,0.20636557210424636,11521791184.133286
522798,543424,,,118644,13433016-0630568,,G,205.875687,-6.515804,307.839304728,,0.068246,-20.6436,0.20636609827723526,14237705318.898329
522799,543425,,,118645,13434094-0551042,,G,205.920624,-5.851192,404.926500895,,0.088482,-20.7469,0.2063666769706626,15658854906.605875
522800,543426,,,118646,13440046-0623202,,G,206.001923,-6.388963,350.7761800190001,,0.077262,-20.3222,0.2063670683235567,10589610829.886871
522801,543427,,,118647,13440551-0537518,,G,206.022964,-5.631074,409.980903011,,0.089521,-20.6268,0.2063675864175412,14019095686.334406
522802,543428,,,118649,13441688-0558298,,G,206.070374,-5.97497,426.58,,0.0929235764618,-20.12,0.20636791127178886,8790225168.308859
522803,543429,,,118650,13443056-0635533,,G,206.127365,-6.598166,414.374309959,,0.090423,-21.337,0.20636890779759515,26964973635.43417
522804,543430,,,118651,13443909-0643253,,G,206.162888,-6.723717,440.555,,0.0957766378883,-21.47,0.20637003418698205,30478949896.27996
522805,543431,,,118653,13444337-0624577,,G,206.18071,-6.4160309999999985,597.035,,0.127055103528,-20.67,0.2063705733108383,14588142602.753534
522806,543432,,,118655,13450114-0606387,,G,206.254791,-6.110757,320.676560286,,0.070953,-20.3943,0.20637099153445154,11316705130.419558
522807,543433,,,118656,13450376-0553407,,G,206.265671,-5.894645,535.783308937,,0.114953,-21.1489,0.2063718295431948,22675663313.717632
522808,543434,,,118657,13450446-0538320,,G,206.2686,-5.642228,760.4185157210001,,0.158529,-21.5503,0.2063730423972645,32818596171.8594
522809,543435,,,118659,13452431-0611510,,G,206.351303,-6.19752,586.474691334,,0.124981,-20.8982,0.2063737076222455,18000310640.153633
522810,543436,,,118660,13454525-0536248,,G,206.438568,-5.606893,329.61,,0.0728309764155,-19.647,0.20637391775248226,5685910246.988568
522811,543437,,,118661,13455476-0535028,,G,206.478195,-5.5841129999999986,389.634345494,,0.08532999999999999,-20.6113,0.20637442850268745,13820380496.400608
522812,543438,,,118664,13463869-0631190,,G,206.661224,-6.521967,380.189,,0.0833767616884,-20.03,0.2063747275146406,8090958991.783845
522813,543439,,,118665,13464608-0535434,,G,206.692032,-5.595401,341.9790000000001,,0.0754236377118,-19.27,0.20637487600168053,4017908108.4893923
522814,543440,,,118666,13464789-0534544,,G,206.69957,-5.581789,540.2425318019999,,0.11584,-21.5029,0.20637603704533647,31416659131.912807
522815,543441,,,118668,13472510-0542104,,G,206.854584,-5.702915,329.61,,0.0728309764155,-20.43,0.20637646924910552,11694993910.198748
522816,543442,,,118671,13474041-0641164,,G,206.918396,-6.6879,434.51,,0.0945437272719,-21.03,0.2063772203331735,20323570109.36229
522817,543443,,,118675,13475578-0620444,,G,206.982422,-6.345675,346.81148883699996,,0.076434,-20.2975,0.20637760288347606,10351421666.793451
522818,543444,,,118676,13480552-0646384,,G,207.02301,-6.777336999999998,343.55800000000005,,0.0757537578769,-20.277,0.2063779782785331,10157808007.969048
522920,543546,,,118882,13535353-0339210,,G,208.473083,-3.655845,931.394878394,,0.190341,-21.8147,0.20648397272589866,41867786416.49211
522922,543548,,,118888,13550414-0341225,,G,208.767273,-3.689604,826.9335046110001,,0.171033,-21.8674,0.20648659928469126,43950113402.323326
522923,543549,,,118892,13551697-0346005,,G,208.820709,-3.766819,710.478358074,,0.149027,-21.9028,0.20648827734880465,45406706268.43666
522924,543550,,,118908,13563766-0315494,,G,209.156952,-3.263726,1106.62,,0.221901440951,-20.87,0.20648892551824288,17538805018.417603
522925,543551,,,118914,13570567-0319257,,G,209.273651,-3.323808,735.887222409,,0.153874,-21.1781,0.20648978637035587,23293781639.916363
522926,543552,,,118915,13571549-0251383,,G,209.31456,-2.860661,869.0251576539999,,0.17886,-21.2812,0.20649073297482334,25614153038.37926
522927,543553,,,118917,13572911-0239303,,G,209.371292,-2.658441,668.676584979,,0.140995,-20.9701,0.20649144374394104,19232688603.611324
522928,543554,,,118919,13573384-0245063,,G,209.391037,-2.751774,561.411917611,,0.120038,-20.7154,0.20649200588919686,15211078233.480797
522929,543555,,,118926,13580852-0315584,,G,209.535538,-3.266239,389.595612095,,0.08532200000000001,-20.0251,0.2064923035547296,8054526227.109142
522930,543556,,,118931,13584512-0336121,,G,209.688034,-3.603369,616.530896442,,0.13087100000000002,-21.4088,0.2064933682088759,28808457145.682587
522931,543557,,,118934,13585549-0356341,,G,209.731216,-3.942807,639.448517775,,0.13533499999999998,-20.915,0.20649404380717856,18281002161.427444
522932,543558,,,118938,13591107-0339070,,G,209.796127,-3.651956,1047.13,,0.211296435648,-20.64,0.206494568238413,14190575216.890957
522933,543559,,,118945,13595213-0350101,,G,209.967224,-3.83615,306.462093451,,0.067955,-19.8709,0.2064948264933008,6988114302.593153
522934,543560,,,118950,13595819-0649496,,G,209.992462,-6.830466,562.832735085,,0.120319,-20.8109,0.20649544032392228,16609631601.942822
522959,543585,,,118993,13545790-0602002,,G,208.741257,-6.033413,879.023,,0.180709710355,-21.63,0.20651314543003516,35318316979.1957
522960,543586,,,118998,13563589-0621492,,G,209.149582,-6.363682,542.001,,0.116189488095,-20.58,0.20651364166635772,13427649611.378641
522961,543587,,,118999,13565085-0621042,,G,209.211914,-6.3511760000000015,332.759509974,,0.073492,-20.2917,0.20651402217852627,10296271835.279415
522962,543588,,,119000,13565904-0634547,,G,209.246002,-6.581888,389.924858771,,0.08539,-20.4699,0.2065144705609186,12132770983.682652
522963,543589,,,119001,13570313-0618297,,G,209.263046,-6.308277,413.131756628,,0.090168,-20.4464,0.2065149093426624,11872987210.934013
522964,543590,,,119002,13570615-0640387,,G,209.275635,-6.677444,302.310073309,,0.067077,-20.2003,0.20651525913359697,9464986524.803291
522965,543591,,,119004,13572735-0559291,,G,209.363968,-5.991428,616.595,,0.130883615442,-21.793000000000006,0.20651677579470354,41039305246.1017
522966,543592,,,119005,13573413-0550053,,G,209.392242,-5.834828,299.645542466,,0.066513,-20.085,0.20651709034387805,8511380382.023794
522967,543593,,,119006,13573599-0555531,,G,209.399994,-5.931428,619.441,,0.13143906572,-20.68,0.20651763445618596,14723125024.327225
522968,543594,,,119007,13580295-0634575,,G,209.512299,-6.582664,512.861,,0.110378365189,-20.27,0.20651800743876686,10092528860.766834
522969,543595,,,119008,13580865-0634275,,G,209.536057,-6.574329,556.95537139,,0.119156,-21.4071,0.20651907042722686,28763385372.329018
522970,543596,,,119009,13581892-0633185,,G,209.578842,-6.555156,509.787583182,,0.109763,-21.5669,0.20652030196730534,33324220542.125893
522971,543597,,,119010,13582217-0654060,,G,209.592407,-6.901673,412.444871915,,0.090027,-20.7538,0.20652088435011834,15758685925.035263
522972,543598,,,119012,13584144-0647330,,G,209.672699,-6.792509,677.123837294,,0.142624,-21.2923,0.20652184068181395,25877361926.241314
522973,543599,,,119013,13585945-0600164,,G,209.747742,-6.004564,549.5409999999998,,0.117686578843,-20.839,0.2065224706063863,17045117524.684748
522974,543600,,,119014,13590866-0644474,,G,209.786118,-6.746505,451.863641318,,0.098078,-20.442,0.2065229076135435,11824968703.831072
522975,543601,,,119016,13592199-0557150,,G,209.841644,-5.954177,530.209734024,,0.113843,-21.8092,0.2065244470740424,41656233589.17427
522976,543602,,,119018,13594337-0643491,,G,209.930725,-6.7303289999999985,593.961592735,,0.126452,-21.2778,0.2065253907188397,25534067375.521603
522977,543603,,,119020,13594725-0626261,,G,209.946915,-6.4406050000000015,357.7584198840001,,0.078718,-21.2029,0.2065262714605208,23831973099.80492
522978,543604,,,119021,13594766-0641011,,G,209.948608,-6.683661,524.807,,0.112765646383,-20.18,0.20652661477217768,9289663867.7994
526148,546774,,,126046,13245436-0342200,,G,201.226532,-3.705577,625.173,,0.132557106279,-20.89,0.20934389563179134,17864875748.52061
526150,546776,,,126054,13272272-0544346,,G,201.844696,-5.742972,405.509,,0.0886017743009,-21.254,0.20934573202195414,24980435187.141525
526151,546777,,,126055,13283756-0643078,,G,202.156509,-6.718837,391.159792028,,0.085645,-20.6118,0.20934624300742272,13826746482.532612
526152,546778,,,126057,13294988-0600423,,G,202.45787,-6.011775,369.828,,0.08122825061410001,-19.8,0.20934648493676786,6546361740.672761
526157,546783,,,126084,13355013-0333170,,G,203.958893,-3.554728,432.48337737400004,,0.09413,-20.5688,0.20935096077873666,13289847577.27286
526161,546787,,,126083,13343224-0325588,,G,203.634338,-3.4330160000000003,527.0296327269999,,0.113209,-21.2342,0.20935376782244944,24529008854.99572
526162,546788,,,126118,13442229-0339329,,G,206.09288,-3.659139,413.638474491,,0.090272,-20.8191,0.20935438630656447,16735550398.566048
526163,546789,,,126129,13504292-0540569,,G,207.678864,-5.682493,519.996,,0.111805105903,-21.316,0.209355363743058,26448436268.54359
526164,546790,,,126130,13504326-0553109,,G,207.680267,-5.886382,311.765662932,,0.069075,-20.4791,0.20935581594096705,12236014979.998095
526165,546791,,,126132,13541069-0556122,,G,208.544556,-5.936724,473.81387346900004,,0.102526,-21.103,0.20935661926091195,21737019751.57131
526166,546792,,,126134,13453833-0641160,,G,206.409744,-6.6877960000000005,369.36422755300003,,0.08113200000000001,-20.5563,0.20935710478250535,13137719950.03219
526167,546793,,,126136,13460175-0538517,,G,206.507294,-5.647709,389.045,,0.08520817260410002,-20.29,0.2093574846993502,10280162981.264746
526168,546794,,,126161,13562331-0338444,,G,209.097153,-3.645677,455.41829775,,0.0988,-21.8601,0.20935909804918815,43655603868.563866
526174,546800,,,126162,13563725-0259004,,G,209.155228,-2.983449,570.065555056,,0.121748,-21.3646,0.20936412160554008,27659224541.91249
529498,550124,,,158807,13223817-0343032,,G,200.659073,-3.717558,292.451103599,,0.064988,-20.9843,0.2126029320225685,19485878936.45231
529499,550125,,,158828,13230089-0148155,,G,200.753723,-1.8043240000000005,293.431501272,,0.065196,-21.3675,0.21260395693922185,27733201046.51849
529500,550126,,,158834,13230765-0347085,,G,200.781876,-3.785712,347.261368358,,0.076528,-21.1233,0.21260477542012293,22147259789.57749
529501,550127,,,158862,13234249-0925334,,G,200.927048,-9.425952,333.593833323,,0.073667,-21.0241,0.21260552243379388,20213429309.514816
529502,550128,,,158865,13235033-0334585,,G,200.959732,-3.582932,301.714629407,,0.066951,-21.516,0.21260669757092715,31798014276.915375
529506,550132,,,158955,13254144-0121518,,G,201.422668,-1.364391,304.910420971,,0.06762699999999999,-20.8589,0.21261002496831474,17360410892.444286
529507,550133,,,158971,13254895-0706270,,G,201.453979,-7.107506,344.763808317,,0.07600599999999999,-21.2656,0.21261095806908906,25248756848.83822
529509,550135,,,158874,13240289-0331505,,G,201.012054,-3.530711,379.572356406,,0.083249,-21.7905,0.2126132110662001,40944917463.26897
529515,550141,,,159183,13314431-0323254,,G,202.934647,-3.390395,391.867035371,,0.08579099999999999,-21.4627,0.2126182873895224,30274710575.18285
529520,550146,,,159221,13321069-0539145,,G,203.044571,-5.654039,511.03102417199995,,0.11001199999999997,-21.8482,0.2126242444874504,43179737716.17757
529523,550149,,,159248,13334314-0227110,,G,203.429779,-2.4530830000000003,454.38898666800003,,0.098591,-21.7421,0.212627375827883,39159758064.87627
529524,550150,,,159268,13340744-0905593,,G,203.531006,-9.099806,342.760310061,,0.075587,-21.187,0.2126282437655768,23485510240.588882
529525,550151,,,159306,13374688-0520385,,G,204.445374,-5.344048,338.532233232,,0.074702,-21.423,0.21262932243545132,29187708481.971638
529526,550152,,,159326,13381262-0608325,,G,204.552612,-6.142385,335.754441651,,0.07412,-21.1351,0.2126301498602821,22389273419.010586
529532,550158,,,159388,13412297-0703594,,G,205.345749,-7.066506,397.13195502800005,,0.086877,-21.3827,0.2126351854956832,28124188493.836056
529533,550159,,,159392,13412548-0110300,,G,205.356171,-1.175007,310.846435867,,0.068881,-20.8717,0.21263583468079275,17566288050.55905
529534,550160,,,159397,13412889-0726374,,G,205.370377,-7.44373,460.243402372,,0.099779,-21.3959,0.212636886760272,28468199459.172886
529538,550164,,,159416,13425658-0623026,,G,205.735779,-6.384069,366.60608525099997,,0.080559,-21.379,0.212641006028648,28028509276.46696
529539,550165,,,159436,13462300-0719081,,G,206.595871,-7.3189350000000015,360.18327204699995,,0.079223,-21.4096,0.21264207146754954,28829691823.538464
529540,550166,,,159440,13463521-0951361,,G,206.646713,-9.860041,376.47366767,,0.082607,-21.1507,0.2126429108667473,22713287596.931408
529546,550172,,,159513,13530034-0422421,,G,208.251434,-4.3783650000000005,346.672707506,,0.076405,-21.4306,0.21264898067806595,29392735057.989037
531436,552062,,,184075,13445228-0707067,,G,206.21785,-7.118534,360.70686718800005,,0.079332,-21.2058,0.2144369734755451,23895713356.33709
531448,552074,,,184196,13504069-0216509,,G,207.669556,-2.280827,302.811080881,,0.067183,-20.9119,0.2144472126209879,18228880587.542046
567257,587883,,,983701,13460091-0959532,,G,206.50383,-9.998114,287.445033201,,0.063925,-20.9358,0.24379480139628404,18634596787.704517
567575,588201,,,986778,13214576-0945372,,G,200.440674,-9.760346,369.648342201,,0.081191,-20.9589,0.2440306856277032,19035312019.65185
567593,588219,,,986915,13521665-0945019,,G,208.069412,-9.750549,919.211602484,,0.188109,-22.4581,0.2440481416733253,75725125192.0687
567713,588339,,,988186,13481631-0939232,,G,207.067993,-9.656467,344.78294015,,0.07601000000000001,-20.9857,0.24413553559559134,19511021163.604923
567804,588430,,,988884,13261654-0936144,,G,201.568954,-9.604026,463.371296968,,0.100413,-20.8476,0.2442120253447873,17180666196.54094
567867,588493,,,989642,13221072-0932513,,G,200.544693,-9.547603,401.039354667,,0.08768200000000001,-21.3309,0.24426382230635285,26813900902.33213
567899,588525,,,989953,13311155-0931288,,G,202.798126,-9.524676,380.82801410400003,,0.083509,-21.6236,0.2442890636589424,35110741388.35367
568026,588652,,,991011,13310492-0926328,,G,202.770523,-9.442454,335.730586771,,0.074115,-20.69,0.2443810572379981,14859356422.87009
568302,588928,,,993647,13380514-0913385,,G,204.521423,-9.227388,290.448748667,,0.064563,-20.0353,0.24458637161838,8130551405.6723795
568489,589115,,,995405,13340001-0905082,,G,203.500061,-9.085638,388.583844288,,0.085113,-21.1734,0.2447195158523776,23193164057.74797
568688,589314,,,997067,13364736-0857285,,G,204.197342,-8.957939,344.57727826,,0.07596699999999999,-21.4654,0.24486567073997434,30350091169.307674
568838,589464,,,998334,13364520-0851175,,G,204.188339,-8.854885000000003,291.626464395,,0.064813,-20.9181,0.2449791981505695,18333272765.77305
568847,589473,,,998418,13344942-0850517,,G,203.705948,-8.847697,815.801257512,,0.168952,-21.8149,0.24498587213343384,41875499458.13825
568903,589529,,,998842,13295960-0848503,,G,202.498367,-8.813999,289.874168765,,0.064441,-20.798,0.2450277890799033,16413454667.021519
568917,589543,,,998929,13290404-0848239,,G,202.266846,-8.80666,425.492437061,,0.092701,-21.5085,0.24503914720538464,31579118286.322624
568988,589614,,,999476,13393589-0846009,,G,204.899567,-8.766935,351.86387566800005,,0.077489,-21.0229,0.24509150580999034,20191100943.21593
569044,589670,,,999969,13300210-0843363,,G,202.508759,-8.726776,639.736768735,,0.135391,-21.49,0.24513297579931234,31045595881.283493
569133,589759,,,1000739,13330193-0840024,,G,203.258072,-8.667338,306.575657432,,0.067979,-21.2757,0.24520148454595,25484727841.624973
569260,589886,,,1001876,13420219-0834538,,G,205.509155,-8.581622,389.46488984,,0.08529500000000001,-21.0443,0.24529473957425155,20593018042.46046
569333,589959,,,1002458,13420590-0832158,,G,205.524597,-8.537730999999999,316.123406401,,0.069994,-21.3073,0.24535405221099546,26237351889.844933
569434,590060,,,1003372,13323480-0827554,,G,203.145035,-8.465411,519.70567289,,0.111747,-20.9088,0.2454294512873483,18176907619.21136
569578,590204,,,1004510,13422697-0822374,,G,205.612381,-8.37708,330.41491122,,0.073,-20.9873,0.24553699841047205,19539794862.990242
569848,590474,,,1007027,13330114-0811134,,G,203.254791,-8.187068,369.672420721,,0.081196,-20.5771,0.2457538488737336,13391832231.998068
569881,590507,,,1007449,13474497-0809364,,G,206.937393,-8.160122,314.999077153,,0.069757,-20.7105,0.24578223170524585,15142584296.693922
569893,590519,,,1007638,13412672-0808524,,G,205.361374,-8.147897,290.048416529,,0.064478,-21.0244,0.2457910918916182,20219015258.1274
569944,590570,,,1008195,13474484-0806314,,G,206.936844,-8.108732,402.763781884,,0.088037,-21.2783,0.2458327106648436,25545828956.098305
570052,590678,,,1009516,13324848-0801124,,G,203.202011,-8.020132,579.25463062,,0.12356,-21.5613,0.245914242966866,33152783688.140495
570084,590710,,,1009993,13304472-0759112,,G,202.68634,-7.9864570000000015,326.50114627700003,,0.07217799999999999,-20.8694,0.24593789827110898,17529115394.170155
570132,590758,,,1010636,13371046-0756256,,G,204.293594,-7.940455,349.33440768699995,,0.076961,-20.7952,0.2459820577618927,16371180619.456509
570138,590764,,,1010708,13461305-0756081,,G,206.554382,-7.935600999999999,384.844136815,,0.08434,-21.6084,0.2459863871032427,34622625645.854485
570173,590799,,,1011108,13454786-0754422,,G,206.449432,-7.911728,301.87056919400004,,0.066984,-21.0001,0.2460139603316452,19771517341.30375
570221,590847,,,1011689,13461648-0752271,,G,206.56868,-7.874213,333.603369571,,0.07366900000000001,-20.3862,0.24605480938575994,11232592404.835714
570246,590872,,,1011951,13332111-0751253,,G,203.337982,-7.857052,331.131,,0.0731503865752,-20.24,0.2460720864195455,9817479430.199823
570277,590903,,,1012230,13453318-0750170,,G,206.388275,-7.838075,333.479400334,,0.073643,-20.3953,0.24609453603499945,11327133002.508976
570298,590924,,,1012489,13505044-0749224,,G,207.710205,-7.82291,451.51917853199996,,0.098008,-21.3214,0.2461112913707713,26580307447.069508
570348,590974,,,1012967,13322813-0747334,,G,203.117233,-7.79263,613.762,,0.130330055165,-21.36,0.2461450413671455,27542287033.381744
570408,591034,,,1013809,13354201-0744198,,G,203.925064,-7.738839,337.544009662,,0.074495,-21.2517,0.24619577283184274,24927573186.3031
570409,591035,,,1013821,13290258-0744189,,G,202.260757,-7.738606,650.0694618,,0.137396,-21.3598,0.2461967905055397,27537214023.873497
570490,591116,,,1014889,13261353-0740394,,G,201.556412,-7.677635,307.205057817,,0.068112,-20.4011,0.24625880458079555,11387804426.75066
570518,591144,,,1015279,13451979-0739170,,G,206.332474,-7.654741,301.927276296,,0.066996,-20.4305,0.2462805146897121,11700380894.230452
570549,591175,,,1015693,13510006-0737534,,G,207.750259,-7.631516,507.745966487,,0.109354,-21.6012,0.24630677442028875,34393787209.15864
570571,591197,,,1016003,13450586-0736457,,G,206.274445,-7.6127,441.83254652,,0.096037,-21.2043,0.2463250730241643,23862723002.49705
570733,591359,,,1018223,13541351-0729011,,G,208.556305,-7.483666,338.38899559,,0.074672,-20.7271,0.2464500772762935,15375880675.647282
570773,591399,,,1018680,13445248-0727237,,G,206.218674,-7.456589,309.742733033,,0.068648,-20.33,0.2464834342359483,10665961212.302591
570784,591410,,,1018847,13271826-0726460,,G,201.826096,-7.446122,314.235496474,,0.069596,-20.9063,0.24649256958690466,18135101891.78385
570787,591413,,,1018877,13474343-0726414,,G,206.930969,-7.444844,335.41571721099996,,0.074049,-20.6559,0.24649513277761764,14399917369.27332
570794,591420,,,1018952,13483384-0726252,,G,207.141022,-7.440347,439.825500966,,0.095628,-20.8574,0.24650112237539465,17336443158.582996
570799,591425,,,1019046,13265910-0726092,,G,201.746262,-7.435914,697.948033753,,0.146627,-21.7601,0.2465059237949012,39814383926.75828
570800,591426,,,1019075,13454732-0726032,,G,206.447205,-7.434228,409.245917614,,0.08937,-21.7959,0.2465074445124225,41149067699.81604
570805,591431,,,1019151,13265762-0725462,,G,201.740097,-7.429525999999999,286.36282891,,0.063695,-21.0826,0.2465124665749363,21332413828.909958
570857,591483,,,1019815,13385322-0723222,,G,204.721771,-7.389507000000001,346.639209362,,0.07639800000000001,-21.3944,0.24655060902737755,28428896344.03496
570971,591597,,,1021407,13442654-0717294,,G,206.110611,-7.2915,478.80020899699997,,0.103533,-21.6758,0.2466441782875,36840032105.01763
571052,591678,,,1022485,13493983-0713298,,G,207.415985,-7.224955,350.254010237,,0.077153,-21.2089,0.2467069259066268,23964038022.970646
571137,591763,,,1023644,13320131-0709151,,G,203.005463,-7.154209,399.810877799,,0.08742899999999999,-21.5543,0.24676899263978555,32939727343.22428
571138,591764,,,1023650,13320318-0709134,,G,203.013275,-7.153745,374.047689703,,0.082104,-20.9026,0.24676966056609384,18073405805.64452
571148,591774,,,1023821,13461151-0708301,,G,206.547989,-7.141713,451.59791021,,0.098024,-21.3918,0.24677879426981955,28360899441.180275
571219,591845,,,1024953,13472510-0703517,,G,206.854584,-7.064365,371.80158397400004,,0.081638,-21.8266,0.2468388993328565,42329194092.51663
571384,592010,,,1027272,13493641-0653428,,G,207.401733,-6.895231,510.505,,0.109906704953,-22.01,0.2469801795554998,50118723362.72735
571457,592083,,,1028472,13461051-0648171,,G,206.543808,-6.804767999999998,685.488,,0.144233952117,-22.37,0.24704475893134664,69823240407.71733
571606,592232,,,1030335,13351738-0639281,,G,203.822418,-6.657829,394.498571665,,0.08633400000000001,-21.0362,0.24716599330169056,20439958043.4956
571660,592286,,,1031201,13492926-0634496,,G,207.371933,-6.580467999999999,323.466415696,,0.07153999999999999,-21.5641,0.2472107353762592,33238391585.770023
571663,592289,,,1031246,13260566-0634420,,G,201.523621,-6.578339,304.96717736799997,,0.067639,-20.8563,0.24721297576433096,17318887853.396847
571781,592407,,,1032879,13391075-0626112,,G,204.794815,-6.436452,362.503992876,,0.079706,-21.8126,0.24730821938239825,41786885201.785774
571862,592488,,,1034062,13425718-0619586,,G,205.738281,-6.3329580000000005,476.04630652699996,,0.102977,-21.2172,0.2473746058891588,24147935101.502327
571885,592511,,,1034354,13560209-0618330,,G,209.008728,-6.309193,324.569654599,,0.071772,-21.5055,0.247394699609412,31491982396.022892
571933,592559,,,1035161,13210975-0614285,,G,200.290649,-6.2412550000000016,490.416177299,,0.105874,-20.9318,0.2474347254964241,18566070703.281
571936,592562,,,1035175,13460523-0614252,,G,206.521805,-6.240334,366.82261843199996,,0.080604,-21.3013,0.24743766753130025,26092758818.42337
571938,592564,,,1035185,13460254-0614212,,G,206.51062,-6.239224,405.208474561,,0.08854,-21.3644,0.24743910464089724,27654129993.70309
571994,592620,,,1035958,13403710-0610174,,G,205.154617,-6.171524,389.045,,0.08520817260410002,-20.04,0.2474828321320647,8165823713.585939
572030,592656,,,1036400,13445940-0608027,,G,206.247528,-6.1340900000000005,348.24747008300005,,0.076734,-19.9364,0.24751153953783284,7422667385.950915
572043,592669,,,1036587,13450108-0606537,,G,206.254501,-6.114923,381.28691806,,0.083604,-20.8113,0.2475226814648117,16615751943.702532
572117,592743,,,1037509,13455376-0602112,,G,206.474014,-6.036449,297.643759168,,0.066089,-21.4935,0.2475822166545045,31145836540.121414
572122,592748,,,1037570,13452820-0601510,,G,206.367523,-6.030854,345.998018965,,0.076264,-21.4984,0.2475870653831858,31286717443.76064
572145,592771,,,1037802,13450932-0600397,,G,206.288864,-6.011033,336.012084468,,0.074174,-20.2218,0.2476059630088075,9654282437.064384
572150,592776,,,1037867,13455791-0600222,,G,206.491333,-6.00617,412.970985257,,0.090135,-20.3876,0.2476085489520739,11247085586.830494
572169,592795,,,1038079,13502664-0559176,,G,207.611023,-5.988231,442.42651680800003,,0.096158,-21.5952,0.2476239562532881,34204244325.742996
572181,592807,,,1038167,13451546-0558530,,G,206.314453,-5.981407,309.818512711,,0.068664,-20.9045,0.2476317185000461,18105061317.21818
572185,592811,,,1038207,13445558-0558397,,G,206.231598,-5.9777010000000015,322.107,,0.071254085627,-20.17,0.2476339343385346,9204495717.53176
572241,592867,,,1038907,13323518-0555078,,G,203.146591,-5.918839,443.79643063300006,,0.096437,-21.2129,0.2476785800322166,24052487631.88
572279,592905,,,1039379,13502281-0552376,,G,207.595078,-5.877124,365.720837913,,0.080375,-21.0627,0.2477092652585883,20944982411.518627
572319,592945,,,1039750,13295134-0550391,,G,202.463943,-5.844197,376.84035541099996,,0.082683,-21.1918,0.2477372630686791,23589568671.059837
572412,593038,,,1040936,13441803-0544378,,G,206.07515,-5.743859,341.269167354,,0.075275,-20.5445,0.2478118952828833,12995709656.617168
572413,593039,,,1040948,13312430-0544357,,G,202.851257,-5.743255,509.85249241199995,,0.109776,-21.3312,0.247812886499445,26821310880.631588
572443,593069,,,1041290,13435107-0542533,,G,205.962814,-5.714815,337.33876059,,0.074452,-20.5233,0.2478371952897674,12744417785.504202
572471,593097,,,1041637,13470781-0541085,,G,206.782562,-5.685695,401.180193803,,0.087711,-20.6877,0.24785699811808976,14827912002.234512
572558,593184,,,1042507,13222221-0536522,,G,200.592575,-5.614506,380.625148325,,0.083467,-20.2665,0.24792416534406336,10060046774.72499
572574,593200,,,1042668,13454719-0535598,,G,206.446655,-5.599948,373.151011518,,0.08191799999999999,-21.0564,0.2479371565883308,20823800767.87375
572591,593217,,,1042916,13240383-0534515,,G,201.015991,-5.580988,420.727,,0.09172531586269997,-20.05,0.2479504504157635,8241381150.13003
572639,593265,,,1043459,13450815-0532100,,G,206.283966,-5.536119,353.90118612699996,,0.077914,-20.8654,0.24798097067668975,17464654560.643467
572677,593303,,,1043897,13454652-0530128,,G,206.443863,-5.50356,377.09126795,,0.082735,-20.8172,0.2480105194217171,16706289386.959885
572686,593312,,,1043989,13251697-0529453,,G,201.320709,-5.4959440000000015,389.20830019,,0.085242,-20.6239,0.2480179690705088,13981700663.132092
572697,593323,,,1044069,13221256-0529239,,G,200.552368,-5.489979,287.153275175,,0.063863,-20.0056,0.24802594240036555,7911156939.118024
572712,593338,,,1044234,13433420-0528386,,G,205.892517,-5.477398,378.74675157900003,,0.083078,-20.9977,0.2480356609566452,19727861032.76313
572713,593339,,,1044249,13260959-0528329,,G,201.539993,-5.47583,300.731896399,,0.066743,-20.6999,0.24803621513371216,14995467157.852682
572722,593348,,,1044343,13315143-0528074,,G,202.96431,-5.468726,515.763554589,,0.110959,-21.3863,0.2480454245858839,28217595269.271744
572731,593357,,,1044423,13314547-0527464,,G,202.939484,-5.462894,417.24591479699995,,0.091012,-21.23,0.24805237827859794,24434305526.939716
572735,593361,,,1044453,13470353-0527364,,G,206.764709,-5.460138,537.7182356540001,,0.115338,-20.8258,0.24805583457292826,16839143580.23646
572745,593371,,,1044565,13265255-0527053,,G,201.718979,-5.4514809999999985,399.335132713,,0.08733099999999999,-20.6317,0.2480652044635497,14082507785.28225
572747,593373,,,1044609,13333685-0526531,,G,203.403549,-5.448085,547.016,,0.117185518593,-19.92,0.2480660238124609,7311390834.834217
572752,593378,,,1044642,13512804-0526456,,G,207.866867,-5.4460190000000015,339.22940454900004,,0.074848,-20.7975,0.2480704395636562,16405897731.995457
572754,593380,,,1044677,13311746-0526367,,G,202.822769,-5.443535,474.242,,0.102612561306,-20.27,0.2480711397426621,10092528860.766834
572755,593381,,,1044682,13330703-0526345,,G,203.279312,-5.442928,503.73061394800004,,0.108549,-20.848000000000006,0.248071774910574,17186996953.977417
572761,593387,,,1044769,13205885-0526066,,G,200.245209,-5.435176,391.20822909,,0.085655,-20.958,0.248077797200254,19019539604.423138
572770,593396,,,1044838,13265262-0525453,,G,201.719269,-5.429259,309.591178578,,0.068616,-20.8059,0.24808315727499725,16533317276.787115
572774,593400,,,1044861,13204773-0525417,,G,200.198898,-5.428253,375.528166927,,0.082411,-21.4272,0.2480869186207191,29300835213.914875
572806,593432,,,1045161,13275404-0524139,,G,201.975204,-5.403883,289.605750187,,0.064384,-21.006,0.2481113663671184,19879250210.418858
572809,593435,,,1045176,13340580-0524098,,G,203.5242,-5.402749,612.8865742219999,,0.130159,-21.2129,0.24811379730235436,24052487631.88
572834,593460,,,1045436,13454940-0523008,,G,206.455872,-5.383559,387.746559532,,0.08494,-20.8017,0.24813535593703698,16469484278.920237
572903,593529,,,1046200,13421720-0519454,,G,205.571686,-5.329279,327.652927951,,0.07242,-20.2361,0.24818851645719084,9782277982.837805
572922,593548,,,1046399,13303938-0518483,,G,202.664093,-5.313423,493.920958796,,0.106579,-21.1933,0.2482028532725519,23622181387.442238
572935,593561,,,1046528,13313355-0518124,,G,202.889816,-5.303451,567.376482325,,0.121217,-20.7484,0.2482132473998608,15680503364.916555
572946,593572,,,1046634,13250201-0517500,,G,201.258408,-5.2972410000000005,519.996,,0.111805105903,-20.15,0.24822028459440945,9036494737.223042
572959,593585,,,1046770,13223728-0517122,,G,200.655334,-5.286725,302.532209316,,0.067124,-20.5129,0.2482325909730917,12622924946.775976
572962,593588,,,1046781,13265442-0517083,,G,201.726791,-5.285647,373.257058875,,0.08194,-20.793000000000006,0.24823382967354696,16338041693.006832
572979,593605,,,1046957,13471223-0516235,,G,206.80098,-5.2731949999999985,587.0239330630001,,0.125089,-21.2033,0.2482457949500508,23840754740.702988
573006,593632,,,1047304,13302283-0514404,,G,202.595154,-5.2445580000000005,602.145331236,,0.128057,-21.5025,0.24826505002280802,31405086938.76216
573010,593636,,,1047356,13470540-0514274,,G,206.772537,-5.240972,565.7162861090001,,0.120889,-21.604,0.24826817528491602,34482599655.26243
573027,593653,,,1047572,13274280-0513299,,G,201.928345,-5.2249940000000015,701.455,,0.14729932365,-21.29,0.24828154096892516,25822601906.34601
573042,593668,,,1047725,13442099-0512478,,G,206.087479,-5.213305,331.131,,0.0731503865752,-19.67,0.24829267489867296,5807644175.2131605
573049,593675,,,1047768,13304380-0512363,,G,202.68251,-5.21009,477.556754861,,0.103282,-20.7911,0.2482978040818288,16309475699.28594
573051,593677,,,1047797,13242744-0512309,,G,201.114349,-5.208595,608.948795583,,0.129389,-20.9639,0.2482988808095446,19123175027.81825
573064,593690,,,1047926,13284464-0512011,,G,202.18602,-5.200325,541.238591427,,0.11603800000000003,-20.3549,0.2483089554268036,10913398157.080393
573081,593707,,,1048072,13303951-0511263,,G,202.664658,-5.190645,559.6176172219999,,0.119683,-21.3255,0.24832171693330785,26680870811.54372
573095,593721,,,1048214,13261630-0510529,,G,201.567932,-5.181388,414.25734647,,0.090399,-21.4924,0.24833535806613505,31114297506.379574
573112,593738,,,1048425,13271080-0509557,,G,201.795029,-5.165473,371.695578435,,0.081616,-20.7479,0.2483477465977951,15673283888.730247
573173,593799,,,1048974,13424897-0507320,,G,205.704071,-5.125581,519.996,,0.111805105903,-20.19,0.24839678436686274,9375620069.258831
573180,593806,,,1049024,13233457-0507203,,G,200.894058,-5.122314,384.147891581,,0.08419600000000001,-20.8155,0.24840031547438776,16680151850.852957
573184,593810,,,1049088,13335850-0507008,,G,203.49379,-5.1169150000000005,437.628265521,,0.09518,-21.3545,0.2484034866705619,27403119210.302944
573258,593884,,,1049996,13554132-0503025,,G,208.922195,-5.050694999999998,553.028221231,,0.118378,-21.6947,0.24845557685839764,37486940768.88308
573278,593904,,,1050243,13521941-0501496,,G,208.080887,-5.030467,434.51,,0.0945437272719,-20.29,0.2484714908101021,10280162981.264746
573282,593908,,,1050273,13305765-0501423,,G,202.740234,-5.028421,416.07555999,,0.090772,-20.6219,0.2484735326607629,13955969125.61267
573296,593922,,,1050429,13213246-0500594,,G,200.385269,-5.016523,486.99388434199994,,0.105185,-20.8046,0.2484839417819234,16513533051.067547
573302,593928,,,1050473,13364682-0500461,,G,204.195099,-5.012815,458.00015021400003,,0.099324,-21.0133,0.2484883960558623,20013359653.242847
573354,593980,,,1050964,13262875-0458300,,G,201.619812,-4.975,765.1812143610001,,0.15943,-21.6268,0.2485294440515417,35214376236.5379
573368,593994,,,1051125,13314954-0457504,,G,202.956451,-4.964005,509.812548148,,0.109768,-21.0261,0.24854062083839784,20250698137.6408
573384,594010,,,1051258,13293626-0457131,,G,202.401093,-4.953646,302.716545655,,0.067163,-20.2292,0.2485530467375661,9720307411.291948
573419,594045,,,1051555,13511606-0455560,,G,207.81694,-4.9322370000000015,437.26544917300004,,0.095106,-20.9997,0.2485830432789819,19764234586.74377
573468,594094,,,1051993,13241679-0453599,,G,201.069992,-4.899986,309.31176717700004,,0.068557,-20.795,0.2486196942114753,16368165214.27817
573475,594101,,,1052051,13565619-0453407,,G,209.234146,-4.894643,347.170430754,,0.07650900000000001,-20.5137,0.24862446470728114,12632229289.02142
573481,594107,,,1052095,13401534-0453317,,G,205.06395,-4.8921480000000015,394.038040634,,0.086239,-21.4777,0.2486292088701651,30695873752.06057
573505,594131,,,1052336,13201581-0452215,,G,200.065887,-4.8726660000000015,329.61,,0.0728309764155,-19.36,0.24865022794649935,4365158322.401666
573540,594166,,,1052667,13510221-0450580,,G,207.759247,-4.849449,429.40462501900004,,0.093501,-20.6843,0.24867477230650156,14781550790.92627
573578,594204,,,1053020,13425987-0449130,,G,205.749496,-4.820298,424.769118746,,0.092553,-20.6218,0.2487002859298165,13954683792.546726
573585,594211,,,1053084,13501639-0448550,,G,207.568314,-4.815304,637.9766698440001,,0.135049,-20.88,0.2487055939659005,17701089583.174183
573602,594228,,,1053188,13430621-0448256,,G,205.775909,-4.807125,376.357879088,,0.082583,-20.874,0.2487198187202557,17603539536.16177
573607,594233,,,1053226,13301198-0448174,,G,202.549942,-4.80484,468.186386326,,0.101388,-20.7931,0.2487233140609545,16339546551.55705
573614,594240,,,1053275,13391865-0448036,,G,204.827728,-4.801026,606.8177395380001,,0.128972,-21.3363,0.2487282845752327,26947594277.508087
573644,594270,,,1053580,13454946-0446498,,G,206.456116,-4.7805040000000005,392.645,,0.0859515729758,-20.65,0.2487525252427547,14321878992.735456
573667,594293,,,1053777,13301639-0446024,,G,202.568329,-4.767338,472.0630000000001,,0.102172191086,-20.26,0.2487684574231285,10000000000.0
573704,594330,,,1054116,13391467-0444360,,G,204.811127,-4.743353,587.4206512669999,,0.125167,-21.0957,0.24879608495714176,21591360069.336742
573724,594350,,,1054326,13220746-0443409,,G,200.531097,-4.7280370000000005,557.186,,0.119201729601,-20.96,0.2488118198662883,19054607179.632526
573737,594363,,,1054442,13384228-0443100,,G,204.676193,-4.719445,605.341,,0.128682814341,-20.66,0.24882212544312696,14454397707.459282
573753,594379,,,1054588,13510670-0442240,,G,207.777954,-4.706675,425.51687587099997,,0.092706,-20.7906,0.2488343487754176,16301966637.320137
573762,594388,,,1054668,13274280-0442009,,G,201.92836,-4.700272,312.666169501,,0.069265,-20.4004,0.2488420510940085,11380464804.179432
573780,594406,,,1054797,13294000-0441211,,G,202.416687,-4.6892010000000015,476.431,,0.103054611527,-20.1,0.2488555300341969,8629785477.669737
573786,594412,,,1054884,13325456-0440547,,G,203.227371,-4.681888,558.369638149,,0.119436,-21.3746,0.2488613031316695,27915152195.568443
573800,594426,,,1055005,13474499-0440169,,G,206.937469,-4.671368,482.91974893400004,,0.104364,-20.8044,0.2488707047752121,16510491426.017263
573824,594450,,,1055235,13415241-0439187,,G,205.468399,-4.655213,392.632558836,,0.085949,-20.5829,0.24888553577729355,13463562786.811874
573842,594468,,,1055360,13392641-0438436,,G,204.860062,-4.64547,331.496476159,,0.073227,-20.1354,0.24889857568100146,8915793476.05174
573850,594476,,,1055406,13551248-0438325,,G,208.802017,-4.642373,492.45901968,,0.106285,-20.8779,0.248904295931158,17666885729.29333
573855,594481,,,1055436,13520070-0438263,,G,208.002945,-4.6406540000000005,613.5005734580001,,0.130279,-20.9561,0.2489072572375077,18986285187.576668
573862,594488,,,1055475,13221254-0438159,,G,200.552277,-4.637757,357.139260374,,0.07858899999999999,-20.6682,0.2489117500985761,14563977522.885344
573868,594494,,,1055526,13531546-0437590,,G,208.314453,-4.633079,532.443285238,,0.114288,-21.1414,0.2489170142206369,22519565145.442783
573895,594521,,,1055763,13515876-0436573,,G,207.994858,-4.615932,428.264789408,,0.093268,-21.1966,0.248935627775058,23694088158.44796
573901,594527,,,1055807,13591889-0436470,,G,209.828735,-4.613066000000001,426.211003021,,0.092848,-20.7411,0.2489394751628389,15575428374.714804
573916,594542,,,1055894,13231675-0436253,,G,200.819824,-4.607049,371.719670335,,0.081621,-21.0411,0.2489498341236619,20532413410.870583
573941,594567,,,1056110,13281238-0435322,,G,202.05162,-4.5923050000000005,337.287,,0.07444125722060001,-19.87,0.24896791447733266,6982324040.771733
573956,594582,,,1056239,13422381-0434543,,G,205.599243,-4.581777,349.353563696,,0.07696499999999999,-20.9033,0.2489793524959249,18085061918.068024
573965,594591,,,1056314,13413506-0434359,,G,205.396088,-4.576665,341.995544452,,0.075427,-20.4801,0.24898711084972625,12247289957.796465
573993,594619,,,1056550,13260398-0433277,,G,201.516617,-4.557717,629.196889105,,0.13334100000000002,-21.3199,0.2490082748248253,26543610750.26967
574010,594636,,,1056737,13525172-0432451,,G,208.215515,-4.5458669999999985,357.614419923,,0.078688,-20.5791,0.24902355732573064,13416523633.249271
574021,594647,,,1056828,13494616-0432208,,G,207.442337,-4.539128,454.590887639,,0.098632,-21.2151,0.24903366692407244,24101273994.01201
574037,594663,,,1057013,13451512-0431360,,G,206.313034,-4.526676,488.682314855,,0.105525,-21.5651,0.24904851084961524,33269019378.21695
574041,594667,,,1057036,13484464-0431307,,G,207.186005,-4.525195,346.041080431,,0.07627300000000001,-21.0146,0.2490518314359552,20037336885.95024
574071,594697,,,1057222,13302067-0430384,,G,202.586151,-4.510669999999998,430.226690183,,0.093669,-21.0835,0.2490742907962563,21350104251.272343
574101,594727,,,1057478,13223398-0429262,,G,200.641602,-4.490615,329.32891113,,0.072772,-20.7111,0.24909759446678295,15150954710.640776
574114,594740,,,1057585,13552478-0428575,,G,208.853287,-4.482652,462.24615318199994,,0.100185,-21.0554,0.2491067001971044,20804630168.325317
574135,594761,,,1057754,13332087-0428115,,G,203.33699,-4.4698699999999985,507.09226640099996,,0.109223,-21.2394,0.2491220744189276,24646769300.16039
574150,594776,,,1057884,13373769-0427395,,G,204.407074,-4.460998,307.44643678799997,,0.068163,-20.7518,0.24913539217893066,15729684072.692215
574151,594777,,,1057887,13281539-0427392,,G,202.064148,-4.460916,310.955403853,,0.06890399999999999,-21.0395,0.24913614986368685,20502178012.019836
574155,594781,,,1057945,13292164-0427266,,G,202.340195,-4.4574,608.708552559,,0.129342,-21.879,0.24913979673927655,44422193547.10558
574162,594788,,,1058006,13331552-0427105,,G,203.314697,-4.452927,416.353486739,,0.090829,-21.6523,0.2491457801106685,36051222809.82087
574168,594794,,,1058051,13235787-0426585,,G,200.991165,-4.4496,319.275331433,,0.070658,-20.9338,0.2491517027233397,18600302188.07355
574171,594797,,,1058107,13233808-0426423,,G,200.908676,-4.445089,337.41513096799997,,0.07446799999999999,-20.2768,0.2491539815138259,10155937042.912846
574193,594819,,,1058276,13235808-0425545,,G,200.992004,-4.431822,315.658450486,,0.069896,-20.9101,0.24917124698521076,18198684669.713528
574252,594878,,,1058730,13333402-0423541,,G,203.391785,-4.398363,515.229,,0.110852125426,-20.44,0.2492133737802113,11803206356.517323
574254,594880,,,1058742,13295678-0423510,,G,202.486603,-4.397526999999998,462.418851771,,0.10022,-21.0482,0.2492148861584881,20667121849.561367
574259,594885,,,1058791,13565472-0423347,,G,209.228012,-4.392976,552.231124349,,0.11822,-20.9026,0.2492188261162629,18073405805.64452
574268,594894,,,1058851,13591281-0423190,,G,209.803375,-4.388622,343.769092641,,0.075798,-20.3433,0.2492258829909681,10797420125.140171
574289,594915,,,1059070,13564442-0422247,,G,209.185104,-4.373531,599.395299391,,0.12751800000000002,-21.4516,0.2492436703817345,29966774514.17508
574293,594919,,,1059093,13420004-0422187,,G,205.500168,-4.371879,296.992483386,,0.065951,-21.2557,0.24924711973657704,25019579136.93929
574298,594924,,,1059106,13250132-0422170,,G,201.255524,-4.371408,361.187295643,,0.079432,-20.4727,0.2492499432554049,12164100510.219671
574301,594927,,,1059135,13415783-0422117,,G,205.490967,-4.369935,334.195,,0.0737929868965,-20.3,0.2492510146643963,10375284158.180126
574318,594944,,,1059244,13503876-0421469,,G,207.66153,-4.36305,401.35989275099996,,0.087748,-20.8777,0.2492606082076692,17663631668.395004
574321,594947,,,1059273,13325382-0421397,,G,203.224258,-4.361055,540.926668368,,0.115976,-21.3137,0.2492632042099017,26392467777.61344
574324,594950,,,1059286,13301813-0421374,,G,202.575562,-4.360394,553.790144992,,0.118529,-21.3517,0.2492654241710903,27332540481.54491
574325,594951,,,1059290,13312521-0421377,,G,202.855042,-4.360477,660.488067246,,0.139413,-21.2243,0.24926632244451186,24306364145.864426
574329,594955,,,1059347,13235380-0421265,,G,200.974182,-4.357377,428.832219015,,0.093384,-21.3304,0.2492698194892582,26801555487.486504
574348,594974,,,1059491,13325422-0420487,,G,203.225937,-4.346888,411.34903624300006,,0.08980199999999999,-20.8861,0.2492869298760424,17800819644.531483
574351,594977,,,1059505,13232551-0420463,,G,200.856293,-4.34621,340.046126335,,0.075019,-20.5087,0.2492883664986177,12574189467.518478
574356,594982,,,1059538,13284543-0420371,,G,202.189316,-4.343657,505.795157263,,0.108963,-20.6939,0.24929223854071225,14912827695.499231
574361,594987,,,1059593,13280159-0420239,,G,202.006638,-4.339992,315.236247627,,0.06980700000000001,-20.2792,0.24929576284357746,10178411386.194529
574368,594994,,,1059624,13314626-0420174,,G,202.942764,-4.338172,469.43679845099996,,0.101641,-20.7409,0.24930061383241625,15572559539.01708
574392,595018,,,1059813,13424856-0419300,,G,205.702347,-4.325025,338.794850397,,0.074757,-20.8597,0.2493169103497392,17373207229.675484
574420,595046,,,1060147,13435417-0418023,,G,205.975723,-4.300652,292.314435544,,0.064959,-20.2943,0.24933750359438556,10320957744.73725
574425,595051,,,1060172,13232289-0417553,,G,200.845413,-4.298712,355.368756466,,0.07822,-21.1264,0.2493412516903454,22210585128.28583
574426,595052,,,1060173,13331886-0417545,,G,203.328613,-4.298481,387.258,,0.08483899241949999,-20.11,0.24934157356631145,8709635899.560833
574429,595055,,,1060187,13515341-0417523,,G,207.97258,-4.297875,387.18524831900004,,0.084824,-21.2386,0.2493441014502543,24628615578.314163
574436,595062,,,1060247,13581232-0417376,,G,209.551346,-4.293786,356.451,,0.07844553922280001,-19.87,0.24934871399247924,6982324040.771733
574457,595083,,,1060403,13412107-0416580,,G,205.337799,-4.282788,1071.52,,0.215657507829,-22.03,0.2493689115175617,51050499997.540855
574461,595087,,,1060440,13581613-0416496,,G,209.56723,-4.280453,445.43703371,,0.096771,-21.0559,0.24937122802513256,20814213261.00282
574488,595114,,,1060673,13294594-0415391,,G,202.441452,-4.260866,483.059,,0.104392102196,-20.34,0.2493879769234464,10764652136.29835
574496,595122,,,1060775,13495110-0415148,,G,207.462921,-4.254126,385.322880923,,0.084439,-20.8541,0.2493932751289599,17283830555.81369
574535,595161,,,1061075,13290626-0413516,,G,202.276123,-4.23101,375.542637056,,0.082414,-20.9463,0.24942256951852354,18815683536.48075
574537,595163,,,1061112,13301238-0413424,,G,202.55159,-4.22845,476.431,,0.103054611527,-19.96,0.2494237497903977,7585775750.291882
574554,595180,,,1061279,13393790-0412546,,G,204.907928,-4.215188,496.836473011,,0.107165,-20.6711,0.2494359815693173,14602929885.727894
574598,595224,,,1061751,13265300-0410543,,G,201.720856,-4.181758,527.23,,0.113248856624,-21.0,0.24946697460640654,19769696401.11866
574599,595225,,,1061768,13284068-0410491,,G,202.169525,-4.180325,447.043922574,,0.097098,-21.3348,0.2494679691150221,26910390505.55564
574600,595226,,,1061779,13314271-0410464,,G,202.927994,-4.1795620000000016,457.85721706699997,,0.099295,-20.2767,0.24946834440636795,10155001689.618496
574652,595278,,,1062320,13582355-0408216,,G,209.598129,-4.139339,446.83258131699995,,0.097055,-20.6237,0.2495092139104989,13979125375.890348
574656,595282,,,1062336,13482952-0408167,,G,207.123016,-4.1379769999999985,797.37370096,,0.165497,-21.4703,0.24951257853091624,30487372704.9622
574665,595291,,,1062410,13293792-0408001,,G,202.408035,-4.133368,619.65554855,,0.131481,-21.5468,0.249518823677478,32712971855.165867
574667,595293,,,1062419,13465933-0407554,,G,206.747238,-4.132082,287.030932369,,0.063837,-20.8196,0.2495207709678668,16743259179.21636
574687,595313,,,1062546,13421264-0407244,,G,205.552689,-4.123446,296.53949382900004,,0.065855,-21.1074,0.24953388518440736,21825288842.465256
574731,595357,,,1062946,13330182-0405425,,G,203.257584,-4.09515,413.16098851699996,,0.090174,-20.7146,0.2495661284155559,15199874424.986916
574768,595394,,,1063234,13343350-0404248,,G,203.639603,-4.073572,535.356238734,,0.114868,-21.0142,0.2495924850570258,20029956217.88819
574782,595408,,,1063353,13521253-0403523,,G,208.052246,-4.0645430000000005,402.457699245,,0.087974,-20.9346,0.2496035477897124,18614012447.63346
574784,595410,,,1063366,13324746-0403498,,G,203.197769,-4.063836,323.31427168,,0.071508,-20.7691,0.2496053697506981,15982326553.618681
574788,595414,,,1063401,13495291-0403391,,G,207.47049,-4.060862,438.197073059,,0.095296,-21.5123,0.2496080572673857,31689836609.11979
574793,595419,,,1063482,13202791-0403177,,G,200.116318,-4.054924,504.503448164,,0.108704,-21.4313,0.24961217951395345,29411691364.72803
574801,595427,,,1063540,13235380-0403005,,G,200.974182,-4.050155,345.144,,0.07608555804280001,-19.41,0.249618987054544,4570881896.148752
574807,595433,,,1063577,13274695-0402519,,G,201.945633,-4.047772,583.739699084,,0.124443,-21.5751,0.2496238276836047,33576853824.406563
574827,595453,,,1063765,13220350-0402049,,G,200.514618,-4.0347050000000015,318.952414881,,0.07059,-20.7726,0.2496375189820818,16033930618.479269
574837,595463,,,1063894,13215014-0401349,,G,200.458923,-4.026372,336.460617943,,0.074268,-20.7477,0.24964410639634624,15670397029.040697
574874,595500,,,1064256,13362240-0359561,,G,204.093353,-3.99893,318.586794918,,0.070513,-20.7891,0.2496736327314673,16279460188.584587
574895,595521,,,1064508,13594732-0358491,,G,209.947189,-3.98032,959.485910557,,0.195468,-21.7122,0.2496938907788449,38096054556.09859
574909,595535,,,1064681,13595694-0357551,,G,209.987289,-3.965314,719.196344814,,0.150693,-21.3372,0.24970206379935825,26969941224.658104
574915,595541,,,1064750,13273499-0357366,,G,201.895828,-3.96019,353.829261617,,0.077899,-21.147,0.24970753802033585,22636016404.49754
574922,595548,,,1064871,13222996-0357022,,G,200.624847,-3.950616,549.5409999999998,,0.117686578843,-20.44,0.24971157071795336,11803206356.517323
574929,595555,,,1064954,13583978-0356361,,G,209.665787,-3.943372,308.11386505,,0.06830399999999999,-21.0996,0.2497170387590956,21669056402.060947
574980,595606,,,1065629,13514588-0353126,,G,207.941193,-3.886848000000001,285.07403700099997,,0.063421,-21.1838,0.2497557217085785,23416393091.61652
574985,595611,,,1065714,13233751-0352433,,G,200.906311,-3.8787,489.79011206800004,,0.105748,-21.4191,0.2497607493259993,29083053352.205032
575006,595632,,,1065967,13302674-0351324,,G,202.61142,-3.859001,567.545,,0.121250280625,-21.08,0.24977670167676724,21281390459.827183
575015,595641,,,1066078,13592075-0350590,,G,209.836487,-3.849732,316.726042338,,0.070121,-21.3494,0.24978290468374964,27274701105.768097
575033,595659,,,1066247,13301411-0350084,,G,202.558807,-3.835672,470.97935202599996,,0.101953,-20.908,0.24979955792899,18163519311.765182
575037,595663,,,1066284,13300171-0350000,,G,202.507126,-3.833358,517.163873293,,0.111239,-21.1711,0.2498023253257993,23144084165.877144
575042,595668,,,1066379,13250773-0349330,,G,201.282211,-3.82585,831.7639999999999,,0.171934645967,-21.13,0.2498056533157964,22284351492.702984
575045,595671,,,1066452,13274995-0349149,,G,201.958145,-3.820827,441.960168841,,0.096063,-21.4819,0.2498081514298444,30814845883.21837
575047,595673,,,1066474,13221833-0349072,,G,200.576401,-3.818674,442.161427941,,0.096104,-21.0119,0.24980944945291397,19987570104.33767
575063,595689,,,1066753,13242948-0347439,,G,201.122864,-3.795539,363.078,,0.0798254499127,-19.54,0.2498195230713167,5152286445.817583
575069,595695,,,1066857,13280164-0347139,,G,202.006866,-3.787214,374.896359823,,0.08227999999999999,-21.0996,0.2498235831721499,21669056402.060947
575086,595712,,,1067078,13523167-0346136,,G,208.131989,-3.770472,385.893585575,,0.08455700000000001,-20.4483,0.2498364235350273,11893782709.47543
575087,595713,,,1067101,13365226-0346067,,G,204.217789,-3.768535,474.496835293,,0.102664,-21.0232,0.2498371699297323,20196680721.4204
575089,595715,,,1067115,13391224-0345590,,G,204.801041,-3.76641,658.249417935,,0.13898,-21.527,0.2498389819878511,32121809339.879726
575112,595738,,,1067331,13230457-0345025,,G,200.769073,-3.750712,394.081667465,,0.086248,-21.1019,0.2498565916887188,21715008315.19493
575128,595754,,,1067608,13280704-0343432,,G,202.029343,-3.728694,437.123273658,,0.095077,-20.672,0.24986655664446605,14615039720.061632
575168,595794,,,1068130,13305015-0341053,,G,202.708969,-3.684812,487.528,,0.105292582646,-20.63,0.2498983352505198,14060475241.29913
575169,595795,,,1068131,13505393-0341069,,G,207.724716,-3.685274,334.195,,0.0737929868965,-20.78,0.24989893185780165,16143585568.264938
575191,595817,,,1068483,13220376-0339199,,G,200.515701,-3.655538,296.138458543,,0.06577000000000001,-21.2925,0.2499164971799135,25882129151.53093
575194,595820,,,1068543,13422774-0339043,,G,205.615585,-3.65122,420.727,,0.09172531586269997,-20.96,0.2499190808608816,19054607179.632526
575204,595830,,,1068660,13201539-0338305,,G,200.064133,-3.641833,306.196,,0.0678987039494,-19.4,0.2499259626867055,4528975799.036214
575205,595831,,,1068680,13221679-0338219,,G,200.569977,-3.639422,439.428140721,,0.095547,-20.9954,0.24992669021275785,19686114193.74125
575210,595836,,,1068748,13272416-0338016,,G,201.850708,-3.633805,515.98357298,,0.111003,-21.2692,0.24993090010429936,25332613667.019108
575232,595858,,,1068939,13201766-0337055,,G,200.073593,-3.618221,523.661598416,,0.11253699999999997,-21.2503,0.2499509425446351,24895451099.9111
575320,595946,,,1070035,13342549-0331508,,G,203.606232,-3.530793,450.761467144,,0.097854,-20.6237,0.25002109420429863,13979125375.890348
575322,595948,,,1070061,13243088-0331449,,G,201.128693,-3.529149,421.965106517,,0.091979,-21.3034,0.2500225492952772,26143275526.55466
575416,596042,,,1071293,13211706-0326176,,G,200.321121,-3.438226,532.1080000000002,,0.114221157111,-20.15,0.2500979175634106,9036494737.223042
575424,596050,,,1071358,13241732-0326019,,G,201.072189,-3.433875,564.496860961,,0.120648,-21.4993,0.2501039026493716,31312662714.199867
575434,596060,,,1071504,13331391-0325195,,G,203.307968,-3.4220940000000004,844.09475246,,0.174232,-21.593000000000004,0.2501138684423096,34135007294.93132
575439,596065,,,1071552,13325828-0325065,,G,203.242844,-3.418483,582.1798055219999,,0.124136,-21.1563,0.2501182383319027,22830740617.04316
575455,596081,,,1071743,13240629-0324105,,G,201.026245,-3.402933,483.450491645,,0.104471,-20.7578,0.2501320017948375,15816850146.176062
575485,596111,,,1072042,13235801-0322545,,G,200.99173,-3.381822,563.940393504,,0.120538,-21.8412,0.25015987551053925,42902243157.0843
575499,596125,,,1072214,13340418-0322168,,G,203.517456,-3.37136,477.943125385,,0.10336,-20.7779,0.2501702347519081,16112391282.77772
575501,596127,,,1072260,13234096-0322083,,G,200.92067,-3.368975,593.599927724,,0.126381,-20.8585,0.2501718137590594,17354016258.719032
575562,596188,,,1073225,13450665-0317560,,G,206.27774,-3.298896,857.8161914589999,,0.176782,-21.65,0.2502186802599316,35974933515.57431
575566,596192,,,1073219,13360306-0317583,,G,204.012787,-3.299529,455.51188487900004,,0.098819,-21.2215,0.2502212429157085,24243761335.250805
575573,596199,,,1073285,13234660-0317405,,G,200.944168,-3.294598,391.92517090300004,,0.08580299999999999,-21.316,0.2502264198374168,26448436268.54359
575587,596213,,,1073488,13453049-0316560,,G,206.377075,-3.282232,413.048,,0.0901507350754,-20.22,0.2502375793471617,9638290236.239744
575750,596376,,,1075258,13332913-0310121,,G,203.371414,-3.1700310000000003,863.6441675960001,,0.17786300000000002,-21.3897,0.25037154292300384,28306097613.538105
575760,596386,,,1075359,13471998-0309484,,G,206.833267,-3.163472,307.389640242,,0.068151,-21.3294,0.25037876967805983,26776881707.07278
575802,596428,,,1075978,13283434-0307442,,G,202.143112,-3.128966,385.478,,0.08447107223549999,-19.9,0.2504073325248882,7177942912.713644
575832,596458,,,1076359,13403112-0306306,,G,205.129684,-3.108527,749.80532999,,0.15651800000000002,-21.3077,0.250429950183793,26247019868.29768
575835,596461,,,1076386,13291876-0306256,,G,202.328201,-3.107122,830.1692257310001,,0.17163699999999998,-21.4348,0.25043243061345016,29506656439.04016
575923,596549,,,1077609,13200944-0302186,,G,200.039337,-3.038501,532.925287978,,0.114384,-20.7563,0.25050158290776275,15795013447.887297
575959,596585,,,1078018,13235962-0300565,,G,200.998428,-3.015711,359.749,,0.0791326595663,-19.32,0.25052903439177243,4207266283.8444633
576012,596638,,,1078704,13240129-0258415,,G,201.005386,-2.978211,372.45695857699997,,0.081774,-21.6254,0.25057135069395714,35168998404.23739
576052,596678,,,1079518,13243327-0256199,,G,201.138657,-2.93887,382.939441716,,0.083946,-21.1267,0.2505979102127197,22216722987.6902
576063,596689,,,1079703,13340966-0255508,,G,203.540268,-2.930804,839.46,,0.173369156685,-20.92,0.25060633390070103,18365383433.483585
576088,596714,,,1080141,13355825-0254293,,G,203.992737,-2.908141,498.090890865,,0.107417,-20.5705,0.25062377997868984,13310672559.803743
576115,596741,,,1080614,13354389-0253130,,G,203.932907,-2.886954,1158.78,,0.231111835556,-21.07,0.2506453732088109,21086281499.332973
576216,596842,,,1082472,13272208-0248136,,G,201.842026,-2.803805,351.74406943300005,,0.077464,-21.0031,0.2507213378049596,19826223607.312855
576229,596855,,,1082581,13275302-0247549,,G,201.970932,-2.798604,366.976605347,,0.080636,-20.5252,0.2507321410750157,12766739591.86693
576315,596941,,,1084308,13355411-0243443,,G,203.975494,-2.728975,409.255651589,,0.08937200000000001,-20.475,0.2508019399726307,12189895989.248724
576340,596966,,,1084828,13234312-0242213,,G,200.929688,-2.705917,489.779,,0.105745762873,-20.82,0.2508206373654432,16749428760.26445
576384,597010,,,1085603,13393526-0240246,,G,204.896927,-2.673523,414.954,,0.090541965271,-19.81,0.25085540193723377,6606934480.075964
576387,597013,,,1085647,13451614-0240190,,G,206.317276,-2.671954,406.142054621,,0.088732,-20.0364,0.2508580725472684,8138792945.918329
576412,597038,,,1086131,13274521-0239149,,G,201.9384,-2.65416,389.69244634300003,,0.085342,-19.8256,0.25087902297911124,6702549036.389412
576420,597046,,,1086327,13471517-0238455,,G,206.813248,-2.645973,741.31,,0.154905107453,-20.67,0.2508849701478091,14588142602.753534
576425,597051,,,1086398,13271174-0238377,,G,201.79892,-2.643807,388.801665888,,0.085158,-20.9946,0.2508880028349473,19671614271.38007
576488,597114,,,1087461,13254098-0236108,,G,201.420761,-2.603001,396.278,,0.0867008533504,-19.64,0.2509348715498013,5649369748.123057
576530,597156,,,1088209,13395588-0234390,,G,204.982864,-2.577505,1077.2253253,,0.216675,-21.3695,0.2509654921354603,27784334572.025467
576647,597273,,,1090395,13271427-0229507,,G,201.809479,-2.497418,319.394058155,,0.07068300000000001,-19.9566,0.2510515226187477,7562057929.978189
576660,597286,,,1090659,13222860-0229112,,G,200.619202,-2.48645,487.528,,0.105292582646,-22.21,0.2510633331990723,60255958607.435936
576681,597307,,,1090968,13522235-0228306,,G,208.093155,-2.475191,377.31806891300005,,0.08278200000000001,-20.6815,0.25108201014902914,14743479830.613703
576749,597375,,,1092083,13205915-0226066,,G,200.24649,-2.435176,684.728835695,,0.14408800000000002,-21.4566,0.2511271222908589,30105094860.65251
576753,597379,,,1092144,13533877-0226011,,G,208.411545,-2.433647,304.253059724,,0.067488,-20.8112,0.2511299224642439,16614221646.86707
576847,597473,,,1093907,13463762-0222264,,G,206.656784,-2.374014,861.368256559,,0.17744100000000002,-21.8229,0.25119773099358583,42185189078.34443
576853,597479,,,1094007,13433472-0222136,,G,205.894699,-2.370455,451.16490558699996,,0.097936,-21.0907,0.2512021486963202,21492156781.005203
576887,597513,,,1094544,13291736-0220566,,G,202.322342,-2.349066,389.045,,0.08520817260410002,-20.25,0.25122977839920274,9908319448.927729
576927,597553,,,1095071,13562529-0219514,,G,209.105377,-2.330954,597.437155869,,0.127134,-21.0585,0.2512622588115731,20864116545.63015
576975,597601,,,1095665,13400041-0218350,,G,205.00174,-2.309726,417.743424329,,0.091114,-20.7355,0.251298619028844,15495300395.827475
577010,597636,,,1096287,13210062-0217156,,G,200.252594,-2.287676,558.9051629109999,,0.119542,-21.3677,0.25132673638698305,27738310161.49582
577041,597667,,,1096790,13341192-0216188,,G,203.549683,-2.271914,347.6777960390001,,0.076615,-19.6879,0.2513516601987713,5904185583.437984
577052,597678,,,1097001,13204519-0215547,,G,200.188309,-2.265199,380.189,,0.0833767616884,-20.4,0.2513590003751471,11376272858.234331
577057,597683,,,1097002,13383417-0215550,,G,204.64241,-2.265284,455.68428806400004,,0.098854,-20.9993,0.2513636160938595,19756954514.755543
577059,597685,,,1097157,13485793-0215368,,G,207.241379,-2.260241,912.011,,0.186787323394,-21.35,0.25136504893839,27289777828.08052
577082,597708,,,1097465,13480459-0214586,,G,207.01915,-2.249612,704.693,,0.14791966396,-20.85,0.2513829390923132,17218685749.86016
577088,597714,,,1097531,13243252-0214499,,G,201.135529,-2.247204,834.286531872,,0.172405,-21.7006,0.2513897015685014,37691203072.76519
577102,597728,,,1097775,13384962-0214220,,G,204.706757,-2.239465,479.22634220699996,,0.103619,-21.6467,0.2514017911435901,35865756859.821236
577116,597742,,,1098146,13442565-0213299,,G,206.106888,-2.224973,506.842790225,,0.109173,-20.9404,0.2514131085729041,18713714521.03538
577126,597752,,,1098234,13265077-0213193,,G,201.711548,-2.222037,379.14746079300005,,0.083161,-20.584,0.2514212706554142,13477210138.513502
577129,597755,,,1098359,13292022-0213056,,G,202.33429,-2.218233,390.539853001,,0.085517,-21.0373,0.251424416710004,20460677024.095383
577155,597781,,,1098751,13455557-0212218,,G,206.481583,-2.206058,419.60722247800004,,0.091496,-21.4712,0.2514443164157248,30512655099.359314
577167,597793,,,1098974,13233775-0211513,,G,200.907333,-2.197589,494.194509673,,0.106634,-20.8225,0.2514542897635628,16788040181.22566
577195,597821,,,1099449,13332257-0210575,,G,203.344055,-2.182648,701.6670547010001,,0.14734,-21.4747,0.2514760030093781,30611174988.033695
577294,597920,,,1101108,13355224-0207243,,G,203.967697,-2.12342,904.4024124069999,,0.185389,-21.5418,0.2515559299297521,32562669402.300087
577299,597925,,,1101157,13331356-0207195,,G,203.306534,-2.122094,343.55800000000005,,0.0757537578769,-20.27,0.2515597332286628,10092528860.766834
577344,597970,,,1101803,13580456-0205524,,G,209.519028,-2.0979080000000003,625.172646347,,0.13255699999999998,-20.984,0.2515979024297004,19480495532.90773
577398,598024,,,1102656,13253555-0203543,,G,201.398132,-2.065105,359.36680543800003,,0.079053,-20.5877,0.2516412259101925,13523216471.053438
577409,598035,,,1102827,13490066-0203278,,G,207.252777,-2.057742,356.832119462,,0.078525,-20.6323,0.251650602608539,14090292217.401941
577471,598097,,,1103839,13202384-0201037,,G,200.09935,-2.017702,368.05469441800005,,0.08086,-20.4236,0.2516993695147009,11626259172.010859
577514,598140,,,1104552,13311616-0159337,,G,202.817352,-1.992702,448.754733665,,0.097446,-20.815,0.25173626136671784,16672472125.510675
577535,598161,,,1104943,13311329-0158417,,G,202.805389,-1.978257,343.33399069,,0.07570700000000001,-20.6746,0.2517543350041538,14650080126.2421
577555,598181,,,1105340,13593154-0157490,,G,209.881424,-1.963619,570.394842833,,0.121813,-20.8019,0.2517684712288715,16472518349.479097
577565,598191,,,1105418,13315017-0157364,,G,202.959061,-1.960116,439.060250864,,0.095472,-21.8076,0.2517766213403989,41594891904.10402
577602,598228,,,1105967,13341245-0156218,,G,203.551895,-1.939414,831.7639999999999,,0.171934645967,-21.17,0.25180891523894755,23120647901.75608
577610,598236,,,1106132,13335080-0155540,,G,203.461685,-1.931691,443.570533482,,0.096391,-21.2098,0.2518134213518692,23983910783.62186
577633,598259,,,1106391,13252927-0155173,,G,201.371994,-1.921497,408.88091156400003,,0.089295,-20.87,0.2518314855555888,17538805018.417603
577654,598280,,,1106661,13474911-0154389,,G,206.954651,-1.910812,416.787483049,,0.090918,-20.4886,0.2518482833847311,12343547709.764795
577685,598311,,,1107010,13261453-0153549,,G,201.560577,-1.89861,601.185938628,,0.127869,-21.339,0.2518728938973927,27014690729.572548
577713,598339,,,1107456,13214257-0152564,,G,200.427399,-1.882354,628.058,,0.13311927656,-20.9,0.2518951451663584,18030177408.5957
577729,598355,,,1107717,13393431-0152206,,G,204.892975,-1.872412,385.661423986,,0.084509,-20.872,0.2519073369151931,17571142465.951004
577765,598391,,,1108169,13404632-0151242,,G,205.193039,-1.856733,399.945,,0.0874566437283,-19.65,0.2519345042146585,5701642722.807478
577809,598435,,,1108704,13223760-0150132,,G,200.656693,-1.837003,372.64491836199994,,0.081813,-20.2725,0.2519649537750694,10115794542.599043
577825,598451,,,1108890,13273381-0149486,,G,201.890884,-1.830191,403.63844046300005,,0.08821699999999999,-20.975,0.2519761693444708,19319683170.1693
577833,598459,,,1109007,13315677-0149334,,G,202.986572,-1.825948,318.567802705,,0.070509,-20.98,0.2519832309510487,19408858775.92779
577872,598498,,,1109516,13204832-0148287,,G,200.201355,-1.807976,470.519489634,,0.10186,-20.6749,0.25201294761860005,14654128652.27409
577892,598518,,,1109814,13391963-0147476,,G,204.831818,-1.796582,413.048,,0.0901507350754,-19.59,0.25202918774241984,5395106225.151268
577896,598522,,,1109853,13322258-0147445,,G,203.094101,-1.795702,346.02672655199996,,0.07627,-20.6955,0.2520322907996496,14934820251.27052
577912,598538,,,1110086,13392190-0147126,,G,204.841278,-1.78686,390.64639771099996,,0.085539,-20.7399,0.2520455129999703,15558223284.73793
577915,598541,,,1110119,13562394-0147084,,G,209.099762,-1.785677,610.206453496,,0.129635,-21.4644,0.252048459947108,30322150571.404774
577980,598606,,,1111207,13413130-0144430,,G,205.380447,-1.74528,348.04161114,,0.076691,-20.7372,0.2521000234601775,15519581288.30412
578024,598650,,,1111834,13213023-0143174,,G,200.375977,-1.721523,633.87,,0.134250547125,-20.82,0.2521293687571797,16749428760.26445
578047,598673,,,1112146,13564405-0142347,,G,209.183548,-1.709642,304.789,,0.0676013438007,-19.73,0.2521462038312949,6137620051.647945
578063,598689,,,1112365,13484130-0142047,,G,207.172104,-1.701307,381.12750289,,0.083571,-20.8254,0.2521604096193949,16832940953.114853
578106,598732,,,1112790,13262040-0141110,,G,201.585037,-1.686389,474.55622882,,0.102676,-20.9654,0.2521938125566921,19149612928.918087
578110,598736,,,1112873,13223039-0140582,,G,200.626663,-1.682839,401.791,,0.0878367439184,-20.46,0.2521962414508608,12022644346.17418
578154,598780,,,1113426,13351246-0139371,,G,203.801926,-1.660311,339.100465422,,0.074821,-20.5786,0.25222898059583393,13410346518.228264
578204,598830,,,1114062,13591666-0138030,,G,209.819443,-1.634178,424.02150731800003,,0.0924,-21.1889,0.2522687904981733,23526645035.50408
578207,598833,,,1114126,13374491-0137535,,G,204.437149,-1.631551,811.3734597580002,,0.168123,-21.3301,0.2522706323445817,26794150967.049942
578241,598867,,,1114463,13294489-0137051,,G,202.437042,-1.618089,440.178744245,,0.0957,-20.2351,0.25229722568677976,9773272319.752005
578248,598874,,,1114514,13294529-0136551,,G,202.438721,-1.6153110000000002,622.459380599,,0.132028,-21.5436,0.2523023219538336,32616698564.703808
578294,598920,,,1115137,13232245-0135253,,G,200.843582,-1.590379,352.424621362,,0.077606,-20.6103,0.2523381354934155,13807657315.696991
578324,598950,,,1115554,13252660-0134163,,G,201.360855,-1.57122,704.391708688,,0.147862,-21.6721,0.2523652482903691,36714701362.037285
578332,598958,,,1115684,13470790-0133565,,G,206.782944,-1.565695,338.646827455,,0.074726,-20.7827,0.2523710892241399,16183781264.551338
578366,598992,,,1116126,13301874-0132424,,G,202.578094,-1.545115,497.588081423,,0.107316,-20.7253,0.2523987465759564,15350410717.292152
578389,599015,,,1116484,13203198-0131517,,G,200.133255,-1.531035,345.144,,0.07608555804280001,-19.68,0.2524149356966631,5861381645.140297
578447,599073,,,1117322,13445805-0129469,,G,206.241898,-1.496362,375.56193065,,0.08241799999999999,-20.1724,0.252457049823946,9224864590.991304
578486,599112,,,1118019,13423910-0127561,,G,205.662933,-1.465584,728.0617563710001,,0.152384,-21.6968,0.25248693802870714,37559517105.43418
578487,599113,,,1118093,13254464-0127428,,G,201.436005,-1.46189,924.628401082,,0.189102,-21.4618,0.25248805594310564,30249625338.5643
578499,599125,,,1118292,13231369-0127125,,G,200.807053,-1.453489,471.70139405599997,,0.102099,-20.5023,0.2524963998980671,12500287452.039783
578501,599127,,,1118254,13203145-0127187,,G,200.131042,-1.455202,394.222246261,,0.08627699999999999,-21.0747,0.2524985042365889,21177758912.94081
578508,599134,,,1118424,13281464-0126512,,G,202.061005,-1.447583,482.041945876,,0.104187,-21.0814,0.2525032469982529,21308849398.415787
578515,599141,,,1118635,13284638-0126201,,G,202.193268,-1.438935,657.658,,0.138865509433,-20.65,0.2525082079285484,14321878992.735456
578531,599157,,,1118811,13330882-0125535,,G,203.286774,-1.431539,481.684928558,,0.104115,-20.1718,0.2525189920517698,9219768150.753382
578533,599159,,,1118820,13215160-0125509,,G,200.465027,-1.430818,452.898,,0.0982882391441,-20.1,0.25252018404572263,8629785477.669737
578597,599223,,,1119654,13353157-0123420,,G,203.881577,-1.395016,449.52681059400004,,0.097603,-20.7998,0.25257018691132954,16440688466.463758
578603,599229,,,1119757,13381894-0123260,,G,204.578934,-1.39057,824.138,,0.170510845255,-20.9,0.2525764543746599,18030177408.5957
578604,599230,,,1119731,13231449-0123285,,G,200.810394,-1.391267,424.77889240900004,,0.092555,-20.8208,0.2525770738279298,16761774743.327532
578605,599231,,,1119762,13283257-0123232,,G,202.135742,-1.389801,648.634,,0.137117678559,-20.73,0.25257764358346074,15417004529.495615
578613,599239,,,1119887,13231591-0123053,,G,200.816299,-1.384829,486.239286227,,0.105033,-21.3653,0.2525837039417706,27677062852.758636
578636,599262,,,1120120,13254584-0122348,,G,201.44101,-1.376334,375.706635811,,0.08244800000000001,-20.3062,0.2526024860951245,10434700780.491991
578655,599281,,,1120477,13334785-0121450,,G,203.449402,-1.362525,379.48544198,,0.083231,-21.052,0.2526142735889653,20739582044.53835
578658,599284,,,1120543,13254190-0121358,,G,201.424606,-1.359946,400.66542801,,0.087605,-20.8159,0.25261651354337017,16686298178.018887
578660,599286,,,1120498,13213756-0121404,,G,200.406525,-1.361244,353.642264545,,0.07786,-20.2738,0.25261883735748825,10127913885.076796
578702,599328,,,1121050,13204471-0120207,,G,200.186325,-1.339089,393.09291724699995,,0.08604400000000001,-21.0175,0.2526492498045639,20090928126.08732
578705,599331,,,1121090,13203071-0120147,,G,200.127975,-1.337424,543.1659883269999,,0.116421,-20.6177,0.25265058809030405,13902086935.335323
578716,599342,,,1121206,13364414-0119581,,G,204.183945,-1.332817,501.592375012,,0.10812,-20.9398,0.25265933404698826,18703375797.171787
578725,599351,,,1121377,13283437-0119332,,G,202.143234,-1.325912,541.168155148,,0.116024,-21.4987,0.2526668857765093,31295363477.70278
578733,599359,,,1121473,13232171-0119183,,G,200.840469,-1.321769,385.478,,0.08447107223549999,-20.03,0.2526744359551271,8090958991.783845
578816,599442,,,1122668,13241229-0116205,,G,201.051224,-1.272378,826.2748303760001,,0.17090999999999998,-21.7756,0.2527424145523311,40386851730.09867
578832,599458,,,1122812,13310074-0115583,,G,202.753113,-1.2662,345.10819680300006,,0.07607799999999999,-19.9608,0.2527522929321185,7591367216.142683
578836,599462,,,1122879,13443818-0115508,,G,206.159103,-1.264138,322.107,,0.071254085627,-20.24,0.2527544346892245,9817479430.199823
578880,599506,,,1123383,13490214-0114398,,G,207.258926,-1.244409,332.797646229,,0.0735,-20.4299,0.2527896291343976,11693916811.056091
578888,599514,,,1123491,13373310-0114225,,G,204.387939,-1.23961,359.749,,0.0791326595663,-19.33,0.25279441502253464,4246195639.4631295
578980,599606,,,1124694,13200815-0111196,,G,200.033997,-1.188779,512.861,,0.110378365189,-20.38,0.25285949403982505,11168632477.805613
579018,599644,,,1125271,13214643-0109374,,G,200.443481,-1.160409,531.58987626,,0.114118,-20.8169,0.2528863084304077,16701673906.293238
579021,599647,,,1125339,13214523-0109284,,G,200.438477,-1.157909,496.592,,0.107115803558,-20.18,0.2528882109715938,9289663867.7994
579040,599666,,,1125630,13201509-0108456,,G,200.062881,-1.146,337.58219683,,0.074503,-20.2989,0.2529007918878702,10364777892.38363
579068,599694,,,1126186,13223165-0107282,,G,200.631897,-1.124505,378.443,,0.0830151415076,-20.31,0.2529215345742685,10471285480.508986
579081,599707,,,1126370,13262147-0106579,,G,201.589493,-1.116111,654.636,,0.13828065914,-20.56,0.2529300291597393,13182567385.564049
579190,599816,,,1127865,13200882-0103226,,G,200.036774,-1.0562790000000002,355.934840329,,0.078338,-21.1369,0.2530054574564347,22426422513.72112
579215,599841,,,1128200,13542401-0102391,,G,208.600082,-1.044201,612.257314385,,0.13003599999999998,-22.0697,0.25302485215882026,52951711269.09677
579220,599846,,,1128273,13374610-0102285,,G,204.442108,-1.041273,422.59998186400003,,0.092109,-20.2356,0.2530283075286752,9777774114.479624
579249,599875,,,1128729,13250172-0101240,,G,201.257202,-1.023353,378.33160457800005,,0.082992,-21.5404,0.2530491627325605,32520708603.634663
579256,599882,,,1128820,13240369-0101085,,G,201.015381,-1.019045,328.005199963,,0.072494,-20.1224,0.25305336763389524,8809677291.448406
579273,599899,,,1129102,13245672-0100280,,G,201.236359,-1.007799,376.704,,0.08265478132739999,-19.63,0.2530630534951181,5597576014.951093
579281,599907,,,1129208,13252279-0100183,,G,201.344971,-1.00511,429.747130845,,0.093571,-20.9651,0.2530674850163398,19144322426.269814
579293,599919,,,1129436,13245539-0059470,,G,201.230804,-0.99641,870.9639999999998,,0.17921891960900002,-20.93,0.2530755400260821,18535316234.148144
579358,599984,,,1130291,13310568-0057497,,G,202.773697,-0.963814,660.3742984730001,,0.139391,-21.295,0.25312530503121755,25941793621.188232
579360,599986,,,1130324,13203911-0057457,,G,200.162964,-0.962701,459.05505893699996,,0.099538,-21.7973,0.25312740805896633,41202161492.02326
579371,599997,,,1130463,13341844-0057248,,G,203.576843,-0.956913,1371.83701848,,0.267941,-21.9755,0.2531335164539965,48551203524.22792
579382,600008,,,1130582,13524265-0057077,,G,208.177734,-0.952142,600.864487443,,0.127806,-21.0199,0.2531404141237818,20135387875.458176
579395,600021,,,1130757,13513349-0056426,,G,207.889557,-0.945185,685.488,,0.144233952117,-20.62,0.25314980191530223,13931568029.453035
579416,600042,,,1131231,13510069-0055310,,G,207.752884,-0.925281,403.645,,0.0882183141092,-19.87,0.2531625792946969,6982324040.771733
579433,600059,,,1131466,13254609-0054528,,G,201.442078,-0.914668,676.563313495,,0.142516,-21.6055,0.25317486014332,34530272050.564186
579477,600103,,,1132069,13280576-0053343,,G,202.024017,-0.892862,498.55890828699995,,0.107511,-21.1026,0.25320037017985825,21729013012.53419
579543,600169,,,1132757,13544815-0051545,,G,208.700653,-0.8651639999999999,680.888394259,,0.143349,-21.5084,0.25324263448394657,31576209875.9814
579554,600180,,,1132905,13270662-0051323,,G,201.777588,-0.858977,435.285267457,,0.094702,-19.9549,0.2532479256462417,7550226843.037827
579600,600226,,,1133302,13242935-0050339,,G,201.12233,-0.8427610000000001,400.64600426199996,,0.087601,-21.0948,0.2532806622943641,21573469745.49994
579688,600314,,,1134368,13222144-0048052,,G,200.589371,-0.801452,474.967058329,,0.102759,-20.9403,0.25334066270889904,18711991003.60395
579697,600323,,,1134436,13452890-0047540,,G,206.370422,-0.7983439999999999,399.945,,0.0874566437283,-20.22,0.2533460543492023,9638290236.239744
579745,600371,,,1134966,13211793-0046396,,G,200.324738,-0.777671,613.096347609,,0.1302,-21.0116,0.25338402936639953,19982048097.550186
579746,600372,,,1135011,13212696-0046334,,G,200.362335,-0.775968,515.229,,0.110852125426,-20.31,0.2533844163464259,10471285480.508986
579777,600403,,,1135408,13394778-0045340,,G,204.949097,-0.759452,392.51626671300005,,0.085925,-21.4723,0.2534034990855509,30543584277.77108
579802,600428,,,1135598,13260289-0045057,,G,201.51207,-0.751607,377.424235838,,0.082804,-20.7871,0.2534195062140841,16249499917.603884
579855,600481,,,1136181,13395111-0043450,,G,204.962982,-0.729173,335.034094192,,0.07396900000000001,-20.2064,0.2534579296501314,9518313393.88826
579879,600505,,,1136500,13403335-0042596,,G,205.138962,-0.716581,519.996,,0.111805105903,-21.32,0.2534738340307208,26546055619.75547
579884,600510,,,1136516,13410006-0042562,,G,205.25029,-0.715623,634.396863548,,0.134353,-21.4408,0.25347752559986203,29670167630.46271
579903,600529,,,1136737,13255896-0042237,,G,201.495682,-0.706609,385.908096155,,0.08456,-20.2374,0.2534915103229412,9793997752.015331
579911,600537,,,1136863,13383072-0042060,,G,204.628021,-0.701675,384.133387856,,0.08419299999999999,-20.3884,0.25349732553397764,11255375799.598478
579920,600546,,,1136895,13302853-0041594,,G,202.618881,-0.6998340000000001,608.98457759,,0.129396,-21.391,0.2535039016006552,28340010055.09101
579928,600554,,,1137026,13235235-0041385,,G,200.968155,-0.694044,420.727,,0.09172531586269997,-19.26,0.25350845276929546,3981071705.534985
579949,600575,,,1137184,13212629-0041154,,G,200.359543,-0.687635,430.55948072900003,,0.093737,-21.9542,0.25352281645341496,47608006878.00942
579996,600622,,,1137882,13274007-0039259,,G,201.916977,-0.657217,657.658,,0.138865509433,-20.53,0.2535577345496145,12823305826.560284
580029,600655,,,1138171,13211313-0038436,,G,200.304718,-0.64545,333.403113705,,0.073627,-19.9148,0.253582657478382,7276457548.893215
580131,600757,,,1139385,13303694-0035573,,G,202.653931,-0.5992569999999999,613.762,,0.130330055165,-20.38,0.2536565940903442,11168632477.805613
580156,600782,,,1139756,13205213-0035046,,G,200.217209,-0.584623,303.822767767,,0.067397,-20.3641,0.25367258489534505,11006265882.073584
580178,600804,,,1140039,13251358-0034214,,G,201.306595,-0.572613,438.280439801,,0.095313,-20.7988,0.2536898086324691,16425553003.999226
580179,600805,,,1140043,13302512-0034214,,G,202.604691,-0.572613,505.825,,0.108969054485,-20.34,0.2536902064542432,10764652136.29835
580203,600829,,,1140541,13304214-0033133,,G,202.675598,-0.553701,750.4801585439999,,0.156646,-21.5307,0.2537098763430154,32231461606.712887
580211,600837,,,1140610,13512288-0033026,,G,207.845367,-0.550743,407.73258839199997,,0.089059,-20.9789,0.2537169956790496,19389204892.140274
580276,600902,,,1141349,13214692-0031029,,G,200.445541,-0.517486,884.24321713,,0.181674,-21.3199,0.2537598573535264,26543610750.26967
580277,600903,,,1141377,13504989-0030579,,G,207.707886,-0.516105,515.323553263,,0.110871,-20.6864,0.25376040468264005,14810168511.736454
580294,600920,,,1141513,13515106-0030403,,G,207.962753,-0.511209,691.831,,0.145453002727,-20.67,0.2537713316914933,14588142602.753534
580339,600965,,,1141956,13270461-0029403,,G,201.769211,-0.494533,303.6194614,,0.067354,-20.5106,0.2538017675164461,12596213119.535088
580363,600989,,,1142221,13304594-0028573,,G,202.691437,-0.48259,409.270252599,,0.089375,-20.5391,0.2538189386796701,12931234873.862623
580405,601031,,,1142670,13404540-0027552,,G,205.189178,-0.465345,666.807,,0.140634130317,-20.84,0.2538500437967325,17060823890.03121
580442,601068,,,1143009,13480953-0027036,,G,207.039734,-0.451001,405.57798912,,0.088616,-20.6964,0.2538736118883202,14947205313.751972
580543,601169,,,1144545,13204070-0023217,,G,200.169617,-0.389367,501.187,,0.108038544019,-20.45,0.2539386963191007,11912420080.273762
580544,601170,,,1144522,13410433-0023262,,G,205.268066,-0.390624,407.38,,0.0889864944932,-20.13,0.2539390241791877,8871560120.37962
580591,601217,,,1145301,13415608-0021327,,G,205.483673,-0.359102,413.896731666,,0.090325,-20.8735,0.2539697253775989,17595434672.97469
580690,601316,,,1147049,13254942-0017238,,G,201.455933,-0.289945,374.973,,0.0822958911479,-19.67,0.2540370119548594,5807644175.2131605
580692,601318,,,1147043,13262841-0017250,,G,201.618393,-0.29027800000000004,372.693114721,,0.081823,-20.4898,0.25403883953999384,12357197844.815208
580705,601331,,,1147307,13420481-0016537,,G,205.52005,-0.28160100000000005,388.041765676,,0.085001,-20.6654,0.2540485330905167,14526466938.366213
580743,601369,,,1147894,13524460-0015257,,G,208.185852,-0.257142,499.823821875,,0.107765,-20.8781,0.254072532772749,17670140389.66696
580748,601374,,,1147984,13433462-0015136,,G,205.894272,-0.25379,346.737,,0.0764184082092,-19.53,0.25407495280141396,5105049999.754086
580769,601395,,,1148302,13355548-0014293,,G,203.981201,-0.241476,344.620322803,,0.075976,-20.1877,0.2540899215731637,9355779981.11585
580826,601452,,,1149182,13460340-0012257,,G,206.514206,-0.207156,317.687,,0.0703233651617,-19.29,0.25413013067276424,4092606597.3001275
580863,601489,,,1149652,13405980-0011212,,G,205.249176,-0.189234,669.885,,0.141228220614,-20.77,0.254158427340901,15995580286.146713
580881,601507,,,1149888,13261308-0010489,,G,201.554504,-0.180277,359.749,,0.0791326595663,-19.32,0.254170322616675,4207266283.8444633
580987,601613,,,1151600,13322855-0006505,,G,203.118973,-0.114034,676.0830000000002,,0.14242354121200002,-20.69,0.2542441534744757,14859356422.87009
581057,601683,,,1152716,13315442-0004054,,G,202.976761,-0.06817100000000001,723.613854963,,0.15153599999999998,-21.3375,0.25429554995767106,26977394324.44926
581085,601711,,,1153123,13514515-0003076,,G,207.938126,-0.052128,737.464385428,,0.154174,-21.1437,0.2543175915461322,22567320667.51877
581100,601726,,,1153410,13255262-0002227,,G,201.469254,-0.039666,462.468195614,,0.10023,-20.8704,0.2543258789253477,17545267743.379974
581104,601730,,,1153517,13270366-0002093,,G,201.765289,-0.035922,823.60888781,,0.17041199999999998,-21.3556,0.2543293510169528,27430896405.054688
581127,601753,,,1153976,13393401-0001086,,G,204.891739,-0.019079,666.807,,0.140634130317,-20.38,0.2543481954430219,11168632477.805613
584244,604870,,,1101649,13502948-0206119,,G,207.622864,-2.103327,334.690668195,,0.073897,-21.1722,0.2565290017925226,23167544186.18706
645649,666275,,,3082265,13333822-0323561,,G,203.409256,-3.398917,300.760240593,,0.066749,-21.0021,0.3002610782797581,19807971387.28971
645899,666525,,,3092656,13431424-0410156,,G,205.809372,-4.1710150000000015,298.488711411,,0.066268,-20.3046,0.30049428855811483,10419334961.887457
645940,666566,,,3093238,13442278-0919023,,G,206.094925,-9.317333,353.35938981,,0.077801,-21.4441,0.30053257161440694,29760484689.438686
645941,666567,,,3093241,13551637-0946522,,G,208.818222,-9.781182,330.75792721700003,,0.073072,-21.0976,0.30053337094889204,21629177266.37841
646347,666973,,,1119943,13254197-0122598,,G,201.424881,-1.383279,401.593028473,,0.087796,-20.7009,0.3008642627190629,15009284855.81698
647994,668620,,,3105756,13230183-0333335,,G,200.75766,-3.559324,714.4960000000002,,0.149795174898,-20.75,0.3018390559895129,15703628043.33558
648006,668632,,,3105842,13220063-0323019,,G,200.502625,-3.383872,839.46,,0.173369156685,-20.94,0.30184559006425976,18706821403.658016
648007,668633,,,3105844,13234612-0322535,,G,200.9422,-3.381542,522.396,,0.112284326142,-20.12,0.3018459149185074,8790225168.308859
648010,668636,,,3105860,13233120-0320293,,G,200.880035,-3.3414839999999995,418.794,,0.0913292556646,-19.6,0.3018469885893777,5445026528.424242
648037,668663,,,3106116,13240295-0240175,,G,201.012329,-2.671545,654.865119561,,0.138325,-20.9018,0.3018606015456651,18060093733.063496
648046,668672,,,3106218,13235021-0226555,,G,200.959229,-2.448766,459.198,,0.0995669297835,-19.75,0.3018658328872569,6251726927.756875
648058,668684,,,3106275,13223327-0218362,,G,200.638657,-2.31006,411.58765798800005,,0.089851,-20.7143,0.3018708555430513,15195675124.656485
648059,668685,,,3106278,13224588-0218271,,G,200.691193,-2.307555,459.198,,0.0995669297835,-19.86,0.3018711112182192,6918309709.18939
648062,668688,,,3106296,13215234-0217009,,G,200.468094,-2.283595,487.528,,0.105292582646,-19.81,0.30187318656959994,6606934480.075964
648097,668723,,,3106568,13201803-0145565,,G,200.07515,-1.765722,642.688,,0.135964147982,-20.9,0.3018889998884612,18030177408.5957
648110,668736,,,3106652,13224888-0139545,,G,200.70369,-1.665158,372.16298939300003,,0.081713,-19.7807,0.3018952829671678,6431022070.024063
648111,668737,,,3106662,13224955-0138505,,G,200.706467,-1.6473799999999998,504.269089354,,0.108657,-21.0893,0.3018960762143714,21464461629.467358
648125,668751,,,3106733,13233773-0133033,,G,200.907211,-1.550923,385.478,,0.08447107223549999,-19.59,0.30190139005263905,5395106225.151268
648132,668758,,,3106765,13201596-0129125,,G,200.066513,-1.486833,666.807,,0.140634130317,-21.18,0.3019056112449626,23334580622.810143
648136,668762,,,3106787,13234345-0126223,,G,200.931076,-1.439529,398.47603114,,0.087154,-20.705,0.30190724054891616,15066070661.867447
648145,668771,,,3106881,13215827-0115469,,G,200.492798,-1.263039,682.3389999999998,,0.143628101814,-20.68,0.3019116371559105,14723125024.327225
648186,668812,,,3107174,13314689-0108494,,G,202.945404,-1.147061,765.597,,0.15950851975400002,-21.12,0.301930039355351,22080047330.18906
648212,668838,,,3107331,13221673-0106079,,G,200.569748,-1.102202,472.0630000000001,,0.102172191086,-19.83,0.3019444555296546,6729766562.843196
648246,668872,,,3107564,13304767-0102293,,G,202.698654,-1.041479,734.5733206460001,,0.153624,-20.9422,0.30195991408181383,18744764995.07798
648247,668873,,,3107582,13453429-0102108,,G,206.392899,-1.036338,430.95593051,,0.093818,-20.1542,0.3019602493316311,9071518696.657051
648254,668880,,,3107611,13273914-0101439,,G,201.913086,-1.028883,887.1560000000002,,0.182211631106,-20.61,0.30196355869641633,13803842646.028866
648259,668885,,,3107642,13432356-0101246,,G,205.84819,-1.023514,401.791,,0.0878367439184,-19.34,0.3019656245693218,4285485203.9743924
648273,668899,,,3107786,13421694-0059324,,G,205.570602,-0.992335,839.46,,0.173369156685,-20.93,0.3019729504271383,18535316234.148144
648281,668907,,,3107828,13420721-0059024,,G,205.530045,-0.984004,672.977,,0.141824620912,-20.6,0.301976336200956,13677288255.958578
648282,668908,,,3107836,13261627-0058559,,G,201.56781,-0.982222,389.045,,0.08520817260410002,-19.08,0.3019764608498845,3372873086.588692
648304,668930,,,3107949,13591805-0057280,,G,209.825241,-0.957788,535.733063104,,0.114943,-20.6287,0.3019877096155257,14043650086.900814
648310,668936,,,3108012,13273579-0056406,,G,201.899155,-0.944635,825.3699638610001,,0.170741,-21.1902,0.30199123996270444,23554831399.643547
648325,668951,,,3108085,13422647-0055393,,G,205.610321,-0.92761,459.198,,0.0995669297835,-20.02,0.30199906314055003,8016780633.876789
648329,668955,,,3108104,13213669-0055204,,G,200.402893,-0.922356,454.142780041,,0.098541,-20.137,0.3020010168923177,8928941960.649845
648335,668961,,,3108127,13441667-0055058,,G,206.069473,-0.918304,398.90313057699996,,0.087242,-20.0403,0.30200330881744314,8168080325.808655
648360,668986,,,3108268,13224498-0053102,,G,200.687454,-0.8861680000000001,903.649,,0.185250332625,-21.08,0.30201481874695474,21281390459.827183
648421,669047,,,3108685,13214162-0048434,,G,200.423447,-0.812077,498.884,,0.107576333788,-19.97,0.3020465561984849,7655966069.112569
648425,669051,,,3108731,13522432-0048096,,G,208.101364,-0.802692,403.645,,0.0882183141092,-19.59,0.3020482953005195,5395106225.151268
648455,669081,,,3108911,13321456-0046065,,G,203.060684,-0.768483,517.607,,0.111327565664,-20.32,0.3020636303540376,10568175092.136606
648475,669101,,,3109030,13411412-0044560,,G,205.308868,-0.748904,679.204,,0.143024771512,-20.61,0.3020749244965029,13803842646.028866
648490,669116,,,3109116,13411233-0044050,,G,205.301376,-0.734739,709.945131877,,0.148925,-20.9011,0.3020809176652861,18048453713.035625
648492,669118,,,3109118,13584156-0044041,,G,209.673172,-0.734482,632.22775318,,0.133931,-20.8134,0.3020823340142869,16647920757.17162
648538,669164,,,3109426,13585315-0040401,,G,209.72149700000003,-0.677808,445.058749524,,0.096694,-20.1321,0.30210571561997035,8888735843.973665
648561,669187,,,3109571,13302953-0039064,,G,202.623047,-0.651778,381.944,,0.08374006187000001,-19.41,0.3021171256832644,4570881896.148752
648567,669193,,,3109597,13301393-0038524,,G,202.558044,-0.647895,534.371632507,,0.114672,-20.7512,0.30212158431492997,15720993929.433573
648613,669239,,,3109895,13383012-0035250,,G,204.625519,-0.590287,793.64854897,,0.164797,-21.1731,0.3021457988466661,23186756434.97616
648617,669243,,,3109917,13524533-0035067,,G,208.188889,-0.585198,654.636,,0.13828065914,-20.19,0.30214823176399,9375620069.258831
648628,669254,,,3109969,13513309-0034276,,G,207.887878,-0.5743520000000001,698.232,,0.146681503341,-20.7,0.3021522222103315,14996848355.02374
648704,669330,,,3110436,13573331-0028303,,G,209.388809,-0.475108,666.807,,0.140634130317,-20.36,0.3021887204716935,10964781961.431871
648715,669341,,,3110548,13574027-0027164,,G,209.417801,-0.454579,480.839,,0.103944381972,-19.86,0.3021955943753682,6918309709.18939
648726,669352,,,3110623,13431069-0026246,,G,205.794571,-0.440182,695.0239999999999,,0.146065993033,-20.52,0.30220074507466305,12705741052.085394
648736,669362,,,3110681,13404060-0025426,,G,205.169189,-0.42852,390.841,,0.08557924278960001,-19.23,0.3022046520225805,3872576449.216165
648741,669367,,,3110722,13271672-0025147,,G,201.819672,-0.420751,874.9839999999998,,0.179962949981,-20.58,0.30220712185287063,13427649611.378641
648742,669368,,,3110724,13443141-0025119,,G,206.130905,-0.419975,831.7639999999999,,0.171934645967,-20.57,0.3022076135396713,13304544179.780985
648814,669440,,,3111305,13422940-0018453,,G,205.622513,-0.312609,504.578246375,,0.108719,-20.8256,0.3022443513255931,16836041981.034191
648824,669450,,,3111428,13455456-0017288,,G,206.477341,-0.291337,608.9181255240001,,0.129383,-20.7558,0.3022491806736709,15787741249.999594
648825,669451,,,3111429,13455796-0017278,,G,206.491516,-0.291059,403.645,,0.0882183141092,-19.83,0.30224942938098065,6729766562.843196
648829,669455,,,3111452,13415814-0017117,,G,205.492279,-0.286602,478.63,,0.103498551749,-19.9,0.3022512159648878,7177942912.713644
648835,669461,,,3111477,13393668-0016536,,G,204.902863,-0.281578,676.0830000000002,,0.14242354121200002,-20.15,0.3022537720981886,9036494737.223042
648868,669494,,,3111773,13413770-0013249,,G,205.407104,-0.223609,401.791,,0.0878367439184,-19.62,0.30227084015228617,5546257129.579103
648878,669504,,,3111834,13204750-0012477,,G,200.197937,-0.21325500000000006,369.828,,0.08122825061410001,-19.47,0.30227506568016344,4830588020.397738
648889,669515,,,3111927,13314755-0011354,,G,202.948151,-0.193172,676.0830000000002,,0.14242354121200002,-20.52,0.3022802610444851,12705741052.085394
648906,669532,,,3112076,13231532-0009523,,G,200.813873,-0.164552,842.7837405619998,,0.173988,-21.0416,0.30228739842757585,20541871114.228626
648966,669592,,,3112505,13283522-0004562,,G,202.146759,-0.082301,851.138,,0.175541817771,-20.57,0.3023163713563633,13304544179.780985
648977,669603,,,3112576,13282989-0003592,,G,202.124542,-0.066469,695.0239999999999,,0.146065993033,-20.39,0.30232075937087605,11271974561.75514
648987,669613,,,3112677,13420828-0002387,,G,205.5345,-0.044101,465.586,,0.100861580431,-19.76,0.3023263105001545,6309573444.801943
648997,669623,,,3112755,13214601-0001514,,G,200.441742,-0.030965,390.176655205,,0.08544199999999999,-20.5353,0.3023311433425717,12886055573.805323
659360,679986,,,3272812,13323028-0305248,,G,203.12619,-3.090229,831.7639999999999,,0.171934645967,-20.87,0.3078531206459668,17538805018.417603
659361,679987,,,3272853,13315114-0405574,,G,202.963089,-4.099282,836.3732759139999,,0.172794,-21.189,0.3078539901839343,23528812019.381733
659362,679988,,,3272893,13310548-0353287,,G,202.772873,-3.891313,554.626,,0.118694579347,-19.99,0.30785427838033314,7798301105.232576
659363,679989,,,3272915,13304200-0429473,,G,202.675003,-4.496479,734.1476946360001,,0.153543,-21.1319,0.30785510337007754,22323382461.97231
659364,679990,,,3272928,13302464-0247194,,G,202.602676,-2.788724,859.0139999999999,,0.17700425850200002,-20.56,0.3078555905490665,13182567385.564049
659365,679991,,,3272952,13300436-0422124,,G,202.518173,-4.370118,335.010244102,,0.073964,-19.9813,0.3078558764453764,7736063038.414961
659366,679992,,,3272968,13295083-0407471,,G,202.461792,-4.129753,349.415821421,,0.07697799999999999,-20.0627,0.3078561845999017,8338347685.142439
659367,679993,,,3272976,13294641-0356171,,G,202.44339,-3.938088,554.626,,0.118694579347,-19.56,0.3078563785493505,5248074602.497712
659368,679994,,,3272982,13294033-0405281,,G,202.41806,-4.091145,482.428750606,,0.104265,-21.2042,0.3078572603462141,23860525265.697655
659369,679995,,,3272997,13292571-0332236,,G,202.357147,-3.539899,1161.25550568,,0.231547,-21.5476,0.3078584701879153,32737084545.947605
659370,679996,,,3273017,13291289-0413136,,G,202.303711,-4.220456,603.446973604,,0.12831199999999998,-21.2142,0.3078593601439448,24081303987.71098
659371,679997,,,3273031,13285642-0301001,,G,202.235123,-3.016709,874.9839999999998,,0.179962949981,-20.54,0.30785983843091513,12941958414.499916
659372,679998,,,3273048,13284383-0425201,,G,202.182632,-4.422269,465.586,,0.100861580431,-19.78,0.3078600759445521,6426877173.17022
659373,679999,,,3273054,13283794-0410051,,G,202.158096,-4.1681040000000005,463.447,,0.100428350214,-19.64,0.3078602847243869,5649369748.123057
659374,680000,,,3273056,13283694-0421461,,G,202.153931,-4.362826,424.505239251,,0.092499,-20.7354,0.3078608573207033,15493873291.641
659375,680001,,,3273061,13283216-0403382,,G,202.134033,-4.0606339999999985,454.98800000000006,,0.09871264935630003,-19.71,0.30786108000446544,6025595860.743593
659376,680002,,,3273075,13281766-0420512,,G,202.073624,-4.347582,755.623578205,,0.157621,-21.3135,0.3078620551929174,26387606553.13271
659377,680003,,,3273083,13280590-0339092,,G,202.024612,-3.652583,1148.15,,0.229241364621,-20.98,0.30786277247263377,19408858775.92779
659378,680004,,,3273086,13280647-0408339,,G,202.026962,-4.142767,492.04,,0.1062006231,-19.91,0.3078630401974011,7244359600.74989
659379,680005,,,3273090,13280324-0327029,,G,202.013535,-3.450824,794.526366358,,0.164962,-21.0895,0.30786383359073977,21468415893.607468
659380,680006,,,3273109,13274621-0427249,,G,201.942566,-4.456938,660.693,,0.139452669726,-20.7,0.3078643878188507,14996848355.02374
659381,680007,,,3273130,13272055-0336047,,G,201.835663,-3.601306,622.3,,0.131996825998,-20.58,0.3078648840551733,13427649611.378641
659382,680008,,,3273144,13270369-0353323,,G,201.765381,-3.89231,622.3,,0.131996825998,-20.52,0.30786535361242257,12705741052.085394
659383,680009,,,3273147,13270697-0406483,,G,201.779053,-4.113419,628.02619568,,0.133113,-21.1579,0.3078661985965476,22864410042.223537
659384,680010,,,3273149,13270396-0420513,,G,201.766541,-4.347588,688.6519999999998,,0.144842322421,-19.93,0.30786647129868994,7379042301.291045
659385,680011,,,3273150,13270146-0250453,,G,201.756088,-2.8459220000000003,376.84035541099996,,0.082683,-20.3708,0.30786688056740674,11074394749.895666
659386,680012,,,3273155,13265753-0342003,,G,201.739746,-3.700091000000001,758.578,,0.15818047909000002,-20.6,0.3078673860294513,13677288255.958578
659387,680013,,,3273161,13264257-0359363,,G,201.677399,-3.993427,701.455,,0.14729932365,-20.3,0.3078677694616235,10375284158.180126
659388,680014,,,3273179,13261798-0400069,,G,201.574951,-4.001944,1024.14852462,,0.20717,-21.5088,0.3078689368316813,31587845124.76636
659389,680015,,,3273186,13260818-0403587,,G,201.534119,-4.0663269999999985,914.121699524,,0.187175,-21.553,0.30787015270562,32900310752.470627
659390,680016,,,3273191,13255990-0425007,,G,201.499619,-4.416886,519.996,,0.111805105903,-19.49,0.3078703345452545,4920395356.814511
659391,680017,,,3273197,13255414-0345537,,G,201.475601,-3.764943,831.7639999999999,,0.171934645967,-20.79,0.3078709366728756,16292960326.397282
659392,680018,,,3273199,13255119-0249157,,G,201.463318,-2.821055,510.505,,0.109906704953,-19.76,0.3078711698514001,6309573444.801943
659393,680019,,,3273204,13255187-0355087,,G,201.466156,-3.919111,439.88927862400004,,0.095641,-20.4037,0.3078715917115958,11415107348.963636
659394,680020,,,3273236,13251829-0402273,,G,201.326233,-4.0409440000000005,425.125873581,,0.092626,-20.3736,0.30787200203713583,11102991312.434013
659395,680021,,,3273271,13244401-0346270,,G,201.18338,-3.774189,542.001,,0.116189488095,-20.48,0.3078724546100409,12246161992.650517
659396,680022,,,3273278,13244106-0424269,,G,201.171112,-4.407477,546.222459087,,0.117028,-21.2268,0.3078733549541966,24362396102.028736
659397,680023,,,3273292,13242333-0331499,,G,201.097244,-3.5305410000000004,870.9639999999998,,0.17921891960900002,-20.52,0.30787382451144585,12705741052.085394
659398,680024,,,3273300,13241913-0338589,,G,201.079712,-3.649708,831.7639999999999,,0.171934645967,-21.09,0.30787461827023976,21478304741.30537
659399,680025,,,3273302,13241317-0317515,,G,201.054916,-3.297654,1001.55062623,,0.203096,-21.3974,0.30787567180422504,28507556911.096786
659400,680026,,,3273305,13241030-0318265,,G,201.042938,-3.307377,1113.24620323,,0.223076,-21.775,0.3078771635284749,40364539296.76065
659401,680027,,,3273308,13241078-0403025,,G,201.044922,-4.05071,544.503,,0.116686558343,-20.01,0.3078774570828449,7943282347.242822
659402,680028,,,3273310,13240496-0323515,,G,201.020676,-3.3976550000000003,522.396,,0.112284326142,-19.8,0.30787769901219,6546361740.672761
659403,680029,,,3273320,13240028-0346395,,G,201.00119,-3.777655,348.750198058,,0.076839,-20.1876,0.3078780447354104,9354918321.616629
659404,680030,,,3273332,13234752-0352415,,G,200.948013,-3.878209,1169.5,,0.232994906497,-21.06,0.3078788168620736,20892961308.54041
659405,680031,,,3273403,13221773-0311552,,G,200.573898,-3.198674,776.247,,0.16151990076,-20.19,0.3078791633503541,9375620069.258831
659406,680032,,,3273417,13220624-0356259,,G,200.526016,-3.940537,744.732,,0.155555057778,-21.64,0.3078804806620561,35645113342.624535
659407,680033,,,3273436,13214474-0337504,,G,200.436432,-3.630687,443.482142515,,0.096373,-20.4444,0.3078809186362781,11851136491.67995
659408,680034,,,3273491,13200670-0304116,,G,200.027924,-3.06989,1366.22907656,,0.266987,-21.7406,0.3078823638382644,39105694214.361084
659415,680041,,,3273727,13323122-0459488,,G,203.13011200000003,-4.9968949999999985,1024.87667878,,0.207301,-21.6074,0.30788698922317986,34590751709.92076
659416,680042,,,3273753,13315898-0451215,,G,202.995758,-4.855985,419.74387172400003,,0.091524,-20.6639,0.3078875253265653,14506411739.461098
659417,680043,,,3273756,13315736-0528435,,G,202.989029,-5.4787620000000015,549.5409999999998,,0.117686578843,-19.77,0.3078877606626641,6367955209.079162
659418,680044,,,3273757,13320004-0548445,,G,203.000198,-5.812373,698.232,,0.146681503341,-20.57,0.3078882523494648,13304544179.780985
659419,680045,,,3273762,13315498-0527074,,G,202.979111,-5.452058,568.201760506,,0.12138,-20.8215,0.3078888722022397,16772584943.2936
659420,680046,,,3273812,13304400-0526223,,G,202.68335,-5.439535,691.831,,0.145453002727,-20.43,0.3078893044060087,11694993910.198748
659421,680047,,,3273815,13303918-0453213,,G,202.663284,-4.889256,558.617183601,,0.119485,-20.8416,0.3078899358408618,17085984183.475891
659422,680048,,,3273818,13303543-0514453,,G,202.647644,-5.245922,554.626,,0.118694579347,-19.89,0.3078901986791014,7112135136.533323
659423,680049,,,3273846,13295853-0439270,,G,202.493896,-4.657526,476.431,,0.103054611527,-19.92,0.3078904688810955,7311390834.834217
659424,680050,,,3273860,13294403-0525081,,G,202.433472,-5.418922,870.9639999999998,,0.17921891960900002,-20.55,0.30789095159360064,13061708881.318405
659425,680051,,,3273864,13293807-0511241,,G,202.40863,-5.190034,630.470626737,,0.133589,-20.7633,0.307891539094519,15897176644.262562
659426,680052,,,3273865,13293693-0517281,,G,202.403885,-5.291144999999998,557.186,,0.119201729601,-20.31,0.3078919260745453,10471285480.508986
659427,680053,,,3273877,13292627-0502466,,G,202.359467,-5.046288,1000.0,,0.202815791408,-21.13,0.3078927496218493,22284351492.702984
659428,680054,,,3273879,13292224-0429446,,G,202.342697,-4.495733,559.758,,0.119710769855,-21.64,0.30789406693355137,35645113342.624535
659429,680055,,,3273885,13291148-0431096,,G,202.297836,-4.519344,323.594,,0.0715667757834,-19.24,0.3078942113739073,3908408957.9240093
659430,680056,,,3273890,13290726-0445206,,G,202.280273,-4.755733,350.838462164,,0.077275,-19.7725,0.3078944472525118,6382634861.905509
659431,680057,,,3273904,13284564-0502201,,G,202.190186,-5.038935,862.9789999999998,,0.17773967887000006,-20.95,0.3078951449843645,18879913490.962925
659432,680058,,,3273944,13274099-0443419,,G,201.920822,-4.728326999999998,319.154,,0.07063248531619999,-19.16,0.3078952791646001,3630780547.7010174
659433,680059,,,3273948,13273724-0532069,,G,201.905167,-5.53527,941.89,,0.19225971613,-21.56,0.3078965029028922,33113112148.259075
659434,680060,,,3273957,13272759-0437456,,G,201.864975,-4.629359,457.088,,0.0991389495695,-20.09,0.30789681890395976,8550667128.846841
659435,680061,,,3273958,13272318-0503106,,G,201.846619,-5.0529720000000005,305.605750211,,0.067774,-20.9398,0.3078975101116316,18703375797.171787
659436,680062,,,3273968,13270177-0435403,,G,201.757385,-4.594533,334.195,,0.0737929868965,-19.14,0.3078976418428018,3564511334.262453
659437,680063,,,3273969,13265964-0453523,,G,201.748505,-4.897867,884.589849159,,0.181738,-21.2907,0.3078985967662328,25839255721.024128
659438,680064,,,3273981,13265309-0531563,,G,201.721222,-5.532314,924.698,,0.189114754557,-20.62,0.3078991116255185,13931568029.453035
659439,680065,,,3274001,13261537-0445159,,G,201.564056,-4.754443,748.17,,0.156207738104,-20.56,0.30789959880450746,13182567385.564049
659440,680066,,,3274027,13254653-0430298,,G,201.443893,-4.508278,338.844,,0.07476738738369999,-19.25,0.3078997445813535,3944573020.752801
659441,680067,,,3274049,13251349-0450593,,G,201.306213,-4.849833,1056.82,,0.213031246516,-20.87,0.3079003927507917,17538805018.417603
659442,680068,,,3274063,13244989-0435090,,G,201.207901,-4.5858550000000005,859.0139999999999,,0.17700425850200002,-20.78,0.30790098935807353,16143585568.264938
659443,680069,,,3274078,13243252-0506249,,G,201.135529,-5.1069260000000005,608.166776409,,0.129236,-21.1791,0.3079018510034259,23315245888.79628
659444,680070,,,3274090,13241152-0453145,,G,201.048035,-4.8873760000000015,300.79803321,,0.06675700000000001,-20.4484,0.30790229059418045,11894878217.79538
659445,680071,,,3274101,13235794-0504485,,G,200.99144,-5.080155,485.06299208,,0.104796,-20.678,0.30790283370511895,14696028989.796547
659446,680072,,,3274141,13223846-0438222,,G,200.660278,-4.639503,895.612874273,,0.183771,-21.7336,0.3079042696195156,38854381493.44124
659447,680073,,,3274154,13223029-0613464,,G,200.626236,-6.229575,941.89,,0.19225971613,-22.1,0.3079062819001598,54450265284.24242
659448,680074,,,3274156,13222221-0538412,,G,200.592575,-5.644784,1120.74147041,,0.224403,-21.5035,0.3079074435856095,31434025417.39003
659449,680075,,,3274169,13215957-0452029,,G,200.498215,-4.867483999999998,748.17,,0.156207738104,-21.06,0.3079082157122727,20892961308.54041
659450,680076,,,3274189,13211994-0503254,,G,200.333115,-5.057078,372.548527533,,0.08179299999999999,-20.0209,0.3079085122285573,8023428743.956469
659451,680077,,,3274207,13204771-0440037,,G,200.198807,-4.6676980000000015,1021.56461685,,0.20670500000000006,-22.1153,0.3079105530666402,55223000499.13423
659452,680078,,,3274212,13204249-0437437,,G,200.177063,-4.628811,787.046,,0.163555011778,-20.4,0.30791097349165664,11376272858.234331
659453,680079,,,3274215,13204478-0511487,,G,200.1866,-5.196866,833.482105675,,0.172255,-21.4005,0.30791203003799633,28589068155.119724
659454,680080,,,3274240,13201723-0535535,,G,200.071823,-5.59822,835.6030000000002,,0.172650326325,-20.59,0.3079125308659371,13551894123.510351
659458,680084,,,3274334,13523032-0438336,,G,208.126358,-4.6426940000000005,651.560780929,,0.137685,-20.7408,0.3079151494551212,15571125319.328238
659459,680085,,,3274341,13522256-0453396,,G,208.094009,-4.894358,1086.43,,0.218314429157,-21.02,0.3079158936532091,20137242498.62389
659460,680086,,,3274383,13510832-0433570,,G,207.784683,-4.565843,874.9839999999998,,0.179962949981,-20.63,0.30791641327642905,14060475241.29913
659461,680087,,,3274392,13505161-0321019,,G,207.715057,-3.350549,583.445,,0.124384952192,-19.76,0.30791664645495354,6309573444.801943
659462,680088,,,3274421,13495171-0408000,,G,207.465485,-4.133361,492.04,,0.1062006231,-19.84,0.3079168974635237,6792036326.171857
659463,680089,,,3274434,13493666-0427338,,G,207.402771,-4.459409,568.576479617,,0.121454,-21.4269,0.30791798001498305,29292740212.36702
659464,680090,,,3274435,13493325-0405308,,G,207.38855,-4.0919089999999985,1023.29,,0.207015583508,-21.07,0.3079187592860462,21086281499.332973
659465,680091,,,3274498,13473556-0442089,,G,206.898178,-4.702479,862.9789999999998,,0.17773967887000006,-20.9,0.30791942561479263,18030177408.5957
659466,680092,,,3274502,13473061-0430269,,G,206.877563,-4.507478,472.0630000000001,,0.102172191086,-20.3,0.3079198090469647,10375284158.180126
659467,680093,,,3274517,13471825-0453575,,G,206.82608,-4.899306,594.420084843,,0.12654200000000002,-20.8095,0.3079204220865938,16588228153.75049
659468,680094,,,3274519,13471551-0408545,,G,206.814636,-4.148473,331.131,,0.0731503865752,-20.23,0.30792078157803066,9727472237.76964
659469,680095,,,3274535,13470252-0528484,,G,206.760529,-5.480138,361.13444542400003,,0.079421,-21.1233,0.30792160005893177,22147259789.57749
659470,680096,,,3274602,13460578-0433067,,G,206.524094,-4.551876999999998,519.996,,0.111805105903,-20.74,0.3079221750863457,15559656316.05075
659471,680097,,,3274606,13460258-0321567,,G,206.510788,-3.3657660000000003,445.84483573,,0.096854,-20.4599,0.3079226193579436,12021537070.70083
659472,680098,,,3274615,13455161-0502298,,G,206.465042,-5.041614,549.5409999999998,,0.117686578843,-19.99,0.3079229075543424,7798301105.232576
659473,680099,,,3274618,13454940-0535428,,G,206.455872,-5.595226,326.588,,0.07219635609819999,-19.1,0.30792303452066755,3435579478.998757
659474,680100,,,3274627,13454263-0253258,,G,206.427658,-2.890504,748.17,,0.156207738104,-20.3,0.3079234179528397,10375284158.180126
659475,680101,,,3274628,13454498-0541438,,G,206.437454,-5.695504,389.045,,0.08520817260410002,-19.23,0.3079235610689584,3872576449.216165
659476,680102,,,3274642,13453622-0425108,,G,206.400925,-4.419671,794.270985127,,0.164914,-21.5678,0.3079247936303214,33351855461.503307
659477,680103,,,3274647,13453433-0521208,,G,206.393082,-5.355781,392.645,,0.0859515729758,-19.61,0.3079249967203261,5495408738.576271
659478,680104,,,3274664,13452128-0528020,,G,206.338669,-5.467232,776.247,,0.16151990076,-20.7,0.3079255509484371,14996848355.02374
659479,680105,,,3274690,13445565-0331489,,G,206.231888,-3.530251,454.132932098,,0.098539,-20.4449,0.3079259891244001,11856595398.587341
659480,680106,,,3274715,13443103-0435039,,G,206.129318,-4.5844190000000005,461.318,,0.0999967999984,-20.23,0.3079263486158369,9727472237.76964
659481,680107,,,3274723,13442004-0535128,,G,206.083527,-5.586916,1023.29,,0.207015583508,-20.95,0.3079270463476897,18879913490.962925
659482,680108,,,3274725,13441887-0403138,,G,206.078659,-4.05386,764.8216012519998,,0.15936199999999998,-21.1988,0.3079279237697509,23742147568.475727
659483,680109,,,3274758,13435485-0513283,,G,205.978561,-5.224541,473.37842282699995,,0.10243800000000003,-20.523000000000003,0.3079283946262289,12740896859.191216
659484,680110,,,3274786,13432864-0510016,,G,205.869339,-5.167123,776.247,,0.16151990076,-20.39,0.3079288111967657,11271974561.75514
659485,680111,,,3274792,13432248-0457366,,G,205.843674,-4.96018,335.511129311,,0.07406900000000001,-20.6665,0.3079293485854901,14541191703.751802
659486,680112,,,3274801,13431471-0453246,,G,205.811325,-4.890182,474.27906661300005,,0.10262,-20.4752,0.30792979916200325,12192141657.899313
659487,680113,,,3274806,13431223-0433106,,G,205.800995,-4.552959,376.51708932199995,,0.082616,-20.5349,0.3079302752075971,12881309049.88552
659488,680114,,,3274808,13430863-0357576,,G,205.78598,-3.966015,420.727,,0.09172531586269997,-19.6,0.3079304764356615,5445026528.424242
659489,680115,,,3274811,13430628-0448416,,G,205.776199,-4.81157,424.62,,0.0925224762612,-19.72,0.3079307011798911,6081350012.7871895
659490,680116,,,3274827,13425318-0447310,,G,205.721619,-4.791968,341.431633732,,0.075309,-20.0995,0.30793101995804395,8625812229.5348
659491,680117,,,3274829,13425165-0451320,,G,205.71521,-4.8589129999999985,422.669,,0.0921230560615,-19.74,0.3079312488805807,6194410750.767812
659492,680118,,,3274832,13424923-0423400,,G,205.705139,-4.39447,360.370604814,,0.079262,-20.2957,0.3079316307971934,10334274663.357924
659493,680119,,,3274840,13423826-0359070,,G,205.659439,-3.985305,1300.17,,0.255688567844,-21.31,0.30793260284707075,26302679918.95381
659494,680120,,,3274849,13423402-0553043,,G,205.641785,-5.88455,337.257618842,,0.074435,-20.4518,0.30793304381656833,11932185599.838106
659495,680121,,,3274850,13423188-0346513,,G,205.632858,-3.780941,1312.2,,0.257754548877,-21.33,0.3079340339382021,26791683248.19037
659496,680122,,,3274855,13423063-0422593,,G,205.627625,-4.383163,508.159,,0.109436724718,-19.95,0.3079343117102558,7516228940.182045
659497,680123,,,3274859,13422607-0353433,,G,205.608643,-3.895387,1237.6073454000002,,0.244882,-21.7449,0.30793576264723616,39260877312.995834
659498,680124,,,3274865,13421839-0411474,,G,205.57663,-4.1965010000000005,422.669,,0.0921230560615,-20.05,0.3079360672182366,8241381150.13003
659499,680125,,,3274885,13420559-0433287,,G,205.5233,-4.557989,727.3009094989999,,0.152239,-21.0946,0.30793686434712736,21569496131.5074
659500,680126,,,3274886,13420512-0438057,,G,205.521362,-4.634933,772.681,,0.16084706042400002,-20.59,0.3079373651750681,13551894123.510351
659501,680127,,,3274887,13420608-0542587,,G,205.525345,-5.716321,424.031279076,,0.092402,-20.507,0.30793782914362544,12554516736.871405
659502,680128,,,3274896,13420260-0556457,,G,205.510849,-5.946045,588.844,,0.12544671272299998,-20.14,0.3079381600373645,8953647655.495974
659503,680129,,,3274899,13415976-0408187,,G,205.499039,-4.138546,941.89,,0.19225971613,-21.24,0.3079390713943983,24660393372.34336
659504,680130,,,3274903,13415622-0410447,,G,205.484283,-4.179101,392.645,,0.0859515729758,-19.51,0.307939256614684,5011872336.272736
659505,680131,,,3274909,13415241-0416447,,G,205.468414,-4.279102,534.564,,0.114710247355,-19.72,0.3079394813589136,6081350012.7871895
659506,680132,,,3274922,13414036-0505387,,G,205.418198,-5.0941,779.83,,0.162195681098,-20.48,0.3079399339318187,12246161992.650517
659507,680133,,,3274939,13412701-0406320,,G,205.362564,-4.108895,357.278442115,,0.078618,-20.79,0.3079405360594397,16292960326.397282
659508,680134,,,3274943,13412270-0454290,,G,205.344589,-4.9080650000000015,515.229,,0.110852125426,-19.58,0.30794073361467805,5345643593.969735
659509,680135,,,3274963,13410181-0503212,,G,205.257568,-5.055901,790.679,,0.164238562119,-20.33,0.3079411277892002,10665961212.302591
659510,680136,,,3274966,13405840-0415302,,G,205.243347,-4.258401,866.962,,0.17847782923900002,-20.62,0.30794164264848584,13931568029.453035
659511,680137,,,3274978,13404863-0438122,,G,205.202652,-4.636734,390.841,,0.08557924278960001,-19.68,0.30794185926349715,5861381645.140297
659512,680138,,,3274979,13404850-0455112,,G,205.202087,-4.919789,790.2292177610001,,0.164154,-21.7328,0.3079432941202626,38825763071.87251
659513,680139,,,3274983,13404550-0407572,,G,205.18959,-4.1325660000000015,505.825,,0.108969054485,-19.64,0.30794350290009753,5649369748.123057
659514,680140,,,3274985,13404264-0308082,,G,205.177673,-3.135621,883.08,,0.18145920073,-20.78,0.3079440995073793,16143585568.264938
659515,680141,,,3274988,13404109-0336402,,G,205.171249,-3.611176,294.412175945,,0.06540399999999999,-19.8128,0.3079443443057652,6623995061.652941
659516,680142,,,3274996,13403327-0444016,,G,205.138626,-4.733803,316.261007129,,0.070023,-20.4162,0.30794477105087176,11547288062.382769
659517,680143,,,3274999,13403121-0336396,,G,205.130051,-3.611027,1073.08660864,,0.215937,-21.3502,0.3079457797660361,27294805253.958813
659518,680144,,,3275025,13401661-0436537,,G,205.069214,-4.614925,691.831,,0.145453002727,-20.78,0.30794637637331795,16143585568.264938
659519,680145,,,3275039,13400743-0500370,,G,205.030975,-5.010278,422.932112427,,0.092177,-20.9804,0.30794709391733865,19416010581.08038
659520,680146,,,3275046,13400086-0427280,,G,205.003601,-4.457781,519.996,,0.111805105903,-19.68,0.30794731053234997,5861381645.140297
659521,680147,,,3275050,13395490-0413310,,G,204.978775,-4.225283,353.33541838599996,,0.077796,-20.3039,0.3079476953442996,10412619533.417038
659522,680148,,,3275051,13395235-0246430,,G,204.96814,-2.778617,420.727,,0.09172531586269997,-19.57,0.30794789108834064,5296634438.916602
659523,680149,,,3275089,13385594-0411370,,G,204.733109,-4.193632,346.737,,0.0764184082092,-19.65,0.30794810179999155,5701642722.807478
659524,680150,,,3275092,13385326-0431230,,G,204.721954,-4.5230760000000005,403.468352095,,0.08818200000000001,-20.745,0.3079486794816114,15631476426.409569
659525,680151,,,3275103,13384279-0409010,,G,204.678329,-4.150278,831.7639999999999,,0.171934645967,-20.45,0.3079491197206484,11912420080.273762
659526,680152,,,3275149,13373341-0414235,,G,204.389236,-4.239888,691.831,,0.145453002727,-21.12,0.30794993571762536,22080047330.18906
659527,680153,,,3275207,13361780-0446452,,G,204.074203,-4.779245,340.624152556,,0.07514,-20.3264,0.3079503285873385,10630654410.491302
659528,680154,,,3275213,13360476-0446033,,G,204.019852,-4.7675839999999985,382.485166096,,0.083852,-20.5191,0.30795079775551865,12695213238.122946
659529,680155,,,3275267,13351311-0421041,,G,203.804657,-4.3511440000000015,968.278,,0.197067248534,-21.46,0.3079519138181056,30199517204.020317
659530,680156,,,3275286,13345275-0426028,,G,203.719833,-4.434126,570.303652896,,0.121795,-20.7865,0.3079525140078217,16240522592.851925
659531,680157,,,3275293,13343911-0402448,,G,203.662994,-4.045795,467.49956900300003,,0.101249,-21.6499,0.307953843386013,35971620254.33242
659532,680158,,,3275338,13335610-0420488,,G,203.48378,-4.346916,503.501,,0.108502854251,-20.66,0.307954377567152,14454397707.459282
659533,680159,,,3275341,13335253-0404350,,G,203.468903,-4.076411,542.001,,0.116189488095,-20.25,0.30795474374203363,9908319448.927729
659534,680160,,,3275353,13333550-0502171,,G,203.397949,-5.038085,392.645,,0.0859515729758,-19.92,0.3079550139440277,7311390834.834217
659535,680161,,,3275371,13332074-0443505,,G,203.336456,-4.730703,928.966,,0.189896374948,-20.97,0.3079557246476841,19230917289.101616
659536,680162,,,3275379,13331312-0459195,,G,203.304688,-4.988761,410.85236149699995,,0.0897,-20.9544,0.3079564252128672,18956580523.47489
659537,680163,,,3275398,13325693-0432055,,G,203.237228,-4.534872,513.2092067880001,,0.110448,-20.5205,0.3079568949864054,12711593609.571556
659538,680164,,,3275408,13324710-0548528,,G,203.196289,-5.814669,567.545,,0.121250280625,-20.06,0.30795720237556656,8317637711.02671
659539,680165,,,3275409,13324643-0254108,,G,203.193497,-2.903003,922.964042508,,0.188797,-21.3049,0.3079581698701667,26179418757.571026
659540,680166,,,3275419,13323818-0501008,,G,203.159119,-5.0168940000000015,1135.90778437,,0.227083,-21.2557,0.3079590945013795,25019579136.93929
659541,680167,,,3275420,13323602-0303058,,G,203.150116,-3.051617,1025.81063281,,0.207469,-21.4593,0.30796020984464617,30180053130.89397
659570,680196,,,3276033,13595408-0417071,,G,209.975372,-4.285316000000001,524.807,,0.112765646383,-20.0,0.3079785744688747,7870457896.951001
659571,680197,,,3276083,13590216-0335240,,G,209.759003,-3.5900230000000004,636.7959999999998,,0.13481943741,-19.53,0.30797876313266265,5105049999.754086
659572,680198,,,3276101,13583494-0250276,,G,209.645599,-2.841002,928.966,,0.189896374948,-20.47,0.30797921155635444,12133888504.649809
659573,680199,,,3276142,13574120-0438394,,G,209.421707,-4.6443,470.183279903,,0.101792,-20.6223,0.3079797275074629,13961111641.875692
659574,680200,,,3276152,13572349-0359503,,G,209.3479,-3.997329,859.222708134,,0.177043,-21.4855,0.30798087009254577,30917188938.916973
659575,680201,,,3276156,13571740-0452003,,G,209.32251,-4.866773,995.405,,0.201985240993,-20.72,0.3079814346245266,15275660582.380762
659576,680202,,,3276261,13540810-0358570,,G,208.533783,-3.982511,803.5743394389999,,0.166661,-21.2121,0.30798232286089217,24034771631.666595
660162,680788,,,3299103,13294480-0045071,,G,202.436691,-0.751977,1158.78,,0.231111835556,-21.1,0.30829990045364153,21677041048.19705
660163,680789,,,3299167,13274274-0026299,,G,201.928085,-0.441661,688.6519999999998,,0.144842322421,-20.28,0.30830027688738776,10185913880.541231
660164,680790,,,3299246,13251959-0100133,,G,201.331635,-1.003722,386.35311468300006,,0.084652,-20.2669,0.3083006488065456,10063753715.72498
660165,680791,,,3299293,13235629-0007055,,G,200.984558,-0.118211,1061.80714892,,0.213923,-21.5612,0.30830187389811103,33149730344.533974
660166,680792,,,3299314,13233251-0117293,,G,200.885468,-1.291483,695.0239999999999,,0.146065993033,-20.38,0.3083022866495061,11168632477.805613
660167,680793,,,3299356,13220932-0021039,,G,200.538864,-0.351092,1086.43,,0.218314429157,-21.23,0.30830318965116843,24434305526.939716
660168,680794,,,3299407,13211882-0108584,,G,200.328445,-1.1495799999999998,1081.43,,0.217424238712,-21.12,0.3083040056481453,22080047330.18906
660169,680795,,,3299436,13204524-0024497,,G,200.188507,-0.413811,1189.60173277,,0.236517,-21.608,0.30830528470117224,34609872548.53535
660175,680801,,,3299769,13320344-0219545,,G,203.014359,-2.331819,903.649,,0.185250332625,-20.9,0.3083085201464714,18030177408.5957
660176,680802,,,3299795,13314170-0222074,,G,202.923767,-2.368728,1055.6111955,,0.212815,-21.3345,0.308309514380332,26902955917.04617
660177,680803,,,3299816,13311716-0230117,,G,202.821533,-2.503257,851.138,,0.175541817771,-20.79,0.30831011650795304,16292960326.397282
660178,680804,,,3299831,13310569-0226277,,G,202.773712,-2.441036,851.138,,0.175541817771,-20.66,0.30831065068909197,14454397707.459282
660179,680805,,,3299834,13305834-0140253,,G,202.743118,-1.6737,396.278,,0.0867008533504,-19.06,0.3083107730629213,3311311214.8259077
660180,680806,,,3299847,13305341-0215323,,G,202.722565,-2.258979,851.138,,0.175541817771,-20.66,0.30831130724406025,14454397707.459282
660181,680807,,,3299862,13303447-0147443,,G,202.643631,-1.7956450000000002,373.25,,0.0819384709692,-19.59,0.3083115066272547,5395106225.151268
660182,680808,,,3299887,13301428-0156234,,G,202.559525,-1.939839,1099.12318096,,0.220571,-21.6352,0.3083128181280244,35487875429.54038
660183,680809,,,3299889,13301408-0216014,,G,202.558701,-2.267061,378.443,,0.0830151415076,-19.37,0.3083129809408261,4405548635.065536
660184,680810,,,3299903,13300662-0240304,,G,202.527588,-2.675118,1047.13,,0.211296435648,-20.9,0.3083136472695725,18030177408.5957
660185,680811,,,3299920,13294669-0136071,,G,202.44455,-1.601977,374.973,,0.0822958911479,-19.61,0.30831385035957737,5495408738.576271
660186,680812,,,3299930,13294343-0207301,,G,202.430984,-2.125034,422.15555807,,0.092018,-20.2194,0.3083142063583903,9632965391.66341
660187,680813,,,3299966,13285866-0148121,,G,202.244431,-1.803375,369.828,,0.08122825061410001,-19.49,0.3083143881980248,4920395356.814511
660188,680814,,,3299983,13284259-0210591,,G,202.17749,-2.183103,396.278,,0.0867008533504,-19.47,0.30831456671871194,4830588020.397738
660189,680815,,,3299985,13283632-0215261,,G,202.151367,-2.257271,355.114527086,,0.078167,-20.6198,0.3083150814831657,13929001976.133244
660190,680816,,,3300030,13274307-0149469,,G,201.929489,-1.829716,642.688,,0.135964147982,-20.37,0.3083154904504333,11066237839.776676
660191,680817,,,3300075,13263141-0208400,,G,201.630905,-2.144445,734.005827801,,0.153516,-21.1235,0.308316309082118,22151339841.37201
660192,680818,,,3300097,13254904-0158217,,G,201.454361,-1.972722,401.175337193,,0.08771,-20.3287,0.30831670278496,10653198027.479626
660193,680819,,,3300112,13252567-0209143,,G,201.356995,-2.153998,1187.06975567,,0.236074,-21.7744,0.3083181936850803,40342239190.32243
660194,680820,,,3300175,13231468-0219013,,G,200.811172,-2.317051,837.242560412,,0.172956,-22.3033,0.3083206203429477,65662891016.08983
660195,680821,,,3300203,13223759-0128442,,G,200.656662,-1.478948,933.254,,0.190681145341,-21.35,0.308321628872317,27289777828.08052
660196,680822,,,3300267,13205922-0229386,,G,200.246765,-2.494065,887.1560000000002,,0.182211631106,-20.75,0.30832220922039405,15703628043.33558
660197,680823,,,3300278,13203352-0219037,,G,200.139679,-2.317701,1106.62,,0.221901440951,-20.97,0.3083229199240505,19230917289.101616
660198,680824,,,3300282,13202784-0143427,,G,200.116028,-1.728535,371.535,,0.0815827307914,-19.17,0.3083230553458404,3664375746.478348
660199,680825,,,3300288,13201917-0149565,,G,200.07988,-1.832388,1089.42311131,,0.218847,-21.616,0.3083243438580845,34865829335.287346
660210,680836,,,3300988,13505164-0031059,,G,207.715195,-0.518328,522.895153735,,0.112384,-20.7311,0.3083317616919067,15432631989.05668
660211,680837,,,3301106,13462174-0052287,,G,206.590591,-0.874656,289.563370209,,0.064375,-20.9577,0.3083324643896354,19014285037.397545
660212,680838,,,3301120,13461134-0113257,,G,206.547256,-1.223822,401.791,,0.0878367439184,-19.54,0.3083326547991079,5152286445.817583
660213,680839,,,3301121,13460867-0121087,,G,206.536148,-1.352433,409.50874372,,0.089424,-20.2513,0.3083330214126895,9920190223.51442
660214,680840,,,3301126,13460714-0016537,,G,206.529755,-0.2816,1132.68454112,,0.226514,-21.2995,0.3083339841073206,26049536482.448288
660215,680841,,,3301128,13460700-0104517,,G,206.529205,-1.081045,343.55800000000005,,0.0757537578769,-19.17,0.3083341195291105,3664375746.478348
660216,680842,,,3301208,13433556-0035596,,G,205.898193,-0.5999,698.232,,0.146681503341,-20.81,0.3083347328511198,16595869074.375563
660217,680843,,,3301206,13433610-0116386,,G,205.900452,-1.2774,527.23,,0.113248856624,-20.51,0.30833519810344234,12589254117.941713
660218,680844,,,3301272,13414587-0058547,,G,205.441162,-0.981879,695.0239999999999,,0.146065993033,-20.59,0.30833569893138313,13551894123.510351
660219,680845,,,3301276,13413914-0102129,,G,205.413101,-1.036941,831.7639999999999,,0.171934645967,-20.5,0.3083361599182467,12473835142.429485
660220,680846,,,3301287,13412611-0024440,,G,205.358826,-0.412229,409.261,,0.08937310468660001,-19.58,0.30833635747348503,5345643593.969735
660221,680847,,,3301294,13410867-0119142,,G,205.286133,-1.320623,480.839,,0.103944381972,-19.8,0.3083365994028301,6546361740.672761
660222,680848,,,3301296,13410673-0049542,,G,205.278076,-0.831735,698.232,,0.146681503341,-20.18,0.30833694271448703,9289663867.7994
660224,680850,,,3301336,13393349-0054296,,G,204.889572,-0.908246,387.258,,0.08483899241949999,-19.99,0.30833770046813513,7798301105.232576
660225,680851,,,3301367,13384385-0027370,,G,204.682724,-0.460279,1043.41787114,,0.210631,-21.3303,0.3083386908633875,26799087086.677017
660226,680852,,,3301389,13371086-0114187,,G,204.295258,-1.238533,611.126920431,,0.129815,-20.7147,0.3083392526463317,15201274449.63011
660227,680853,,,3301492,13522262-0215146,,G,208.094284,-2.25408,776.247,,0.16151990076,-20.57,0.3083397443331323,13304544179.780985
660228,680854,,,3301511,13513923-0128396,,G,207.913483,-1.477684,698.232,,0.146681503341,-20.37,0.3083401533003998,11066237839.776676
660229,680855,,,3301583,13490026-0209028,,G,207.251114,-2.1507970000000003,520.486541465,,0.111903,-20.87,0.3083408014698381,17538805018.417603
660230,680856,,,3301591,13484304-0155067,,G,207.179352,-1.918529,433.952646703,,0.09443,-20.5042,0.3083412642434105,12522181664.916285
660231,680857,,,3301593,13484011-0222597,,G,207.16716,-2.383252,805.378,,0.1669992235,-20.9,0.308341930572157,18030177408.5957
660232,680858,,,3301616,13472238-0157515,,G,206.843262,-1.964306,591.562,,0.12598074299,-20.66,0.308342464753296,14454397707.459282
660233,680859,,,3301610,13474104-0149499,,G,206.921021,-1.830535,523.711697807,,0.112547,-20.8035,0.3083430744144865,16496811044.727354
660234,680860,,,3301633,13465403-0140344,,G,206.725128,-1.676232,381.944,,0.08374006187000001,-19.54,0.30834326482395896,5152286445.817583
660235,680861,,,3301654,13461647-0227407,,G,206.568649,-2.461322,994.6132893060001,,0.201842,-21.5253,0.3083444500700995,32071553718.65903
660236,680862,,,3301646,13461827-0213257,,G,206.576157,-2.223822,726.7500280639999,,0.152134,-21.2009,0.3083453291908877,23788113391.69398
660237,680863,,,3301670,13455363-0153008,,G,206.473495,-1.883559,698.232,,0.146681503341,-20.4,0.30834574961590416,11376272858.234331
660238,680864,,,3301671,13455538-0231558,,G,206.480759,-2.5321700000000003,405.509,,0.0886017743009,-19.51,0.3083459348361899,5011872336.272736
660239,680865,,,3301688,13451881-0157190,,G,206.328415,-1.955287,631.87832751,,0.133863,-20.7842,0.3083465337558229,16206155436.61592
660240,680866,,,3301695,13450355-0138070,,G,206.264801,-1.635285,340.408,,0.0750947775474,-19.27,0.3083466822428628,4017908108.4893923
660241,680867,,,3301702,13445872-0202009,,G,206.244675,-2.033585,632.433310558,,0.133971,-20.8781,0.3083473352659712,17670140389.66696
660242,680868,,,3301706,13445058-0130129,,G,206.210785,-1.503584,527.23,,0.113248856624,-20.07,0.3083476454993692,8394599865.193998
660243,680869,,,3301761,13422215-0126024,,G,205.592316,-1.4340000000000002,790.679,,0.164238562119,-20.84,0.3083482760043908,17060823890.03121
660244,680870,,,3301770,13420008-0151037,,G,205.500366,-1.851046,698.232,,0.146681503341,-20.37,0.30834868497165835,11066237839.776676
660245,680871,,,3301771,13420095-0235467,,G,205.503998,-2.596323,891.2510000000002,,0.182967001484,-20.72,0.3083492495036391,15275660582.380762
660246,680872,,,3301793,13410694-0227112,,G,205.278931,-2.453123,1188.17843888,,0.236268,-21.4734,0.3083503794258608,30574544807.57035
660247,680873,,,3301796,13410266-0205462,,G,205.261124,-2.096179,432.514,,0.0941363270682,-19.74,0.3083506083483976,6194410750.767812
660248,680874,,,3301799,13404946-0131592,,G,205.2061,-1.533123,794.328,,0.164924632462,-20.83,0.30835123307291434,16904409316.4327
660249,680875,,,3301791,13410660-0200592,,G,205.277527,-2.016456,891.153139742,,0.182949,-21.4598,0.3083523489299339,30193954759.705692
660250,680876,,,3301818,13401103-0225549,,G,205.045959,-2.431944,432.514,,0.0941363270682,-19.5,0.30835253245210986,4965923214.503378
660251,680877,,,3301858,13384948-0222370,,G,204.706192,-2.376965,963.0742477560001,,0.196121,-21.3933,0.3083535820152007,28400108550.203106
660252,680878,,,3301929,13355518-0203233,,G,203.979919,-2.056475,839.46,,0.173369156685,-20.81,0.30835419533721004,16595869074.375563
660253,680879,,,3301920,13361291-0134552,,G,204.053818,-1.582026,287.50621139599997,,0.063938,-20.3382,0.3083545924999972,10746820621.642292
660254,680880,,,3301999,13332010-0215045,,G,203.333771,-2.251259,492.04,,0.1062006231,-19.97,0.3083548754362189,7655966069.112569
660255,680881,,,3302005,13330082-0136525,,G,203.253433,-1.614595,378.443,,0.0830151415076,-19.02,0.30835499338366723,3191537855.1007576
660256,680882,,,3302012,13324695-0207278,,G,203.195648,-2.124392,309.03,,0.0684974142487,-18.69,0.3083550804175883,2355049283.896009
660257,680883,,,3301990,13334881-0219170,,G,203.4534,-2.321414,435.706706387,,0.094788,-20.493,0.3083555384419201,12393672048.206896
660258,680884,,,3302019,13323920-0129358,,G,203.163345,-1.493283,676.0830000000002,,0.14242354121200002,-20.6,0.3083560439039648,13677288255.958578
660259,680885,,,3302023,13323501-0224038,,G,203.145905,-2.401062,1035.76017252,,0.20925700000000005,-21.7023,0.3083574390142799,37750264596.30732
660284,680910,,,3303216,13594825-0146501,,G,209.95108,-1.7805970000000002,297.544644125,,0.066068,-19.7878,0.30837303786843906,6473214525.674737
660287,680913,,,3303386,13581283-0121256,,G,209.553482,-1.35712,1037.32542523,,0.209538,-21.4436,0.3083761238870982,29746782635.01415
660288,680914,,,3303454,13574234-0141214,,G,209.426453,-1.689301,937.562,,0.191468855734,-20.62,0.3083766387463838,13931568029.453035
660289,680915,,,3303458,13574141-0137004,,G,209.422562,-1.616801,679.204,,0.143024771512,-20.61,0.30837714888541123,13803842646.028866
660290,680916,,,3303484,13573124-0145413,,G,209.380203,-1.761496,949.683692907,,0.193682,-21.4859,0.30837829189151555,30928581350.687008
660291,680917,,,3303515,13571230-0149333,,G,209.30127,-1.825939,935.2434224739999,,0.191045,-21.4016,0.3083793495088244,28618047488.01323
660292,680918,,,3303566,13563575-0159174,,G,209.148987,-1.988172,1004.43543834,,0.203617,-21.3036,0.3083803158456937,26148091739.451324
660293,680919,,,3303752,13543523-0122141,,G,208.646805,-1.370584,426.963930615,,0.093002,-20.154,0.3083806510337614,9069847815.057909
663606,684233,,,SDSSJ133014.24-002338.6,13301425-0023384,,G,202.559402,-0.394006,1268.79314407,,0.250282,-21.242,0.3108613866704889,24705861360.38438
667224,687851,,,SDSSJ132037.48-013840.8,13203745-0138407,,G,200.156052,-1.644645,790.679,,0.164238562119,-21.446,0.3163768834772351,29812610081.722538
667748,688375,,,SDSSJ134426.67-011105.7,13442667-0111059,,G,206.11113,-1.184973,660.693,,0.139452669726,-20.73,0.31712586563540196,15417004529.495615
667749,688376,,,SDSSJ134326.16-011343.2,13432616-0113436,,G,205.859039,-1.228791,578.096,,0.123331801666,-20.64,0.31712639006663645,14190575216.890957
667796,688423,,,SDSSJ134029.52-011213.5,13402956-0112137,,G,205.123199,-1.203806,703.269291608,,0.147647,-20.9786,0.31715915087339525,19383848196.931316
667814,688441,,,SDSSJ135218.57-010308.1,13521858-0103076,,G,208.077438,-1.052135,654.636,,0.13828065914,-19.4,0.3171705209652879,4528975799.036214
667823,688450,,,LCRSB133621.4-060639,13385821-0621512,,G,204.742554,-6.364231,401.3307518,,0.087742,-21.4875,0.3171748717884899,30974192992.165783
667827,688454,,,LCRSB132107.6-031228,13234270-0328053,,G,200.927917,-3.46814,421.760015437,,0.091937,-20.5553,0.3171776520275567,13125625233.464777
669638,690265,,,SDSSJ133403.75-022351.2,13340378-0223518,,G,203.515778,-2.397749,920.471209834,,0.18834,-21.1721,0.3181412106724675,23165410474.77432
669678,690305,,,2DFGRSN269Z061,13483643-0113567,,G,207.151794,-1.23242,722.3295714210001,,0.151291,-21.2297,0.31816114354631525,24427555011.48132
674670,695297,,,46861,13241512-0324469,,G,201.063019,-3.413042,322.990987274,,0.07144,-20.726,0.32192589297782875,15360310683.850304
678252,698882,,,159371,13410219-0624051,,G,205.25914,-6.401417,324.369904938,,0.07173,-20.8952,0.32468436749666724,17950642594.35583
678258,698888,,,159520,13563228-0808252,,G,209.134506,-8.140349,330.88180219599997,,0.073098,-21.4084,0.3246895590201747,28797845672.672092
679487,700118,,,184241,13550000-0916242,,G,208.75,-9.273412,285.384431907,,0.063487,-20.9392,0.3256650451490692,18693042785.11969
679523,700154,,,184133,13470841-0810197,,G,206.78508,-8.172142,464.486887754,,0.100639,-21.3209,0.3256922862210188,26568069581.219707
679524,700155,,,184149,13473944-0519339,,G,206.914337,-5.32609,324.650508842,,0.07178899999999999,-20.4831,0.325692740087959,12281177266.026585
760188,780819,,,984160,13431288-0957436,,G,205.803696,-9.962117999999998,374.086261389,,0.082112,-20.5159,0.3858762625851131,12657851608.095377
760195,780826,,,984218,13542615-0957281,,G,208.608978,-9.957818,370.958442373,,0.081463,-20.5576,0.3858803916330181,13153459744.546673
760213,780844,,,984391,13431153-0956416,,G,205.798065,-9.944897,482.85527097,,0.104351,-21.4281,0.38589443483921976,29325133643.275093
760241,780872,,,984575,13325279-0955594,,G,203.219971,-9.933186,538.6684383859999,,0.115527,-21.0216,0.3859159333813244,20166939712.175625
760254,780885,,,984777,13324676-0955034,,G,203.19487,-9.917632,457.295392315,,0.099181,-21.284,0.3859242942904402,25680294506.67356
760291,780922,,,985049,13203279-0953405,,G,200.136642,-9.894586,420.910469433,,0.091763,-21.0539,0.385950539933905,20775907355.135803
760315,780946,,,985220,13471547-0952577,,G,206.814468,-9.882699,360.08240453300004,,0.079202,-20.443,0.3859708404574604,11835864919.618605
760319,780950,,,985276,13585963-0952444,,G,209.748459,-9.879008,469.827324196,,0.10172,-21.0787,0.385973778077046,21255924558.13093
760370,781001,,,985721,13302887-0950374,,G,202.6203,-9.843726,345.70138724199995,,0.07620199999999999,-20.5635,0.386006328870096,13225131530.409494
760397,781028,,,985985,13303502-0949182,,G,202.64595,-9.821732,470.60354652,,0.101877,-20.9323,0.38602708912326383,18574622663.818974
760415,781046,,,986162,13294282-0948303,,G,202.428452,-9.808437,530.044147882,,0.11381,-21.1976,0.3860401688882906,23715921273.09984
760509,781140,,,986927,13284082-0944569,,G,202.170105,-9.749166,405.140410027,,0.088526,-20.567,0.38610452719563015,13267833107.241543
760511,781142,,,986933,13481746-0944572,,G,207.072784,-9.749245,449.600583893,,0.097618,-20.8841,0.3861062063968777,17768059505.432842
760582,781213,,,987602,13342232-0942062,,G,203.593018,-9.701743,366.43767937800004,,0.080524,-20.622,0.3861572410341418,13957254577.06773
760651,781282,,,988179,13443819-0939253,,G,206.159149,-9.657051,382.03577781,,0.083759,-20.6055,0.3862050641527074,13746748904.492607
760674,781305,,,988300,13283394-0938498,,G,202.141449,-9.647172,498.170549582,,0.107433,-20.3689,0.38622407684984733,11055031897.429476
760774,781405,,,989127,13261573-0935094,,G,201.565567,-9.58597,495.54264032199995,,0.106905,-21.3144,0.3862999491734868,26409489116.859497
760777,781408,,,989145,13590436-0935054,,G,209.768173,-9.58484,431.357316272,,0.0939,-21.0152,0.3863018976376755,20048412987.680416
760809,781440,,,989398,13305532-0933562,,G,202.730515,-9.565622,440.09043041,,0.095682,-21.0077,0.3863233717175428,19910400683.436096
760840,781471,,,989611,13361911-0933059,,G,204.079651,-9.551652,407.05154413900004,,0.08891900000000001,-21.0892,0.3863444110799967,21462484770.531284
760841,781472,,,989614,13223592-0933014,,G,200.649673,-9.550407,348.3767363290001,,0.076761,-20.6572,0.3863449438853133,14417169353.733328
760965,781596,,,990609,13231054-0928249,,G,200.793945,-9.473591,383.09893461400003,,0.083979,-20.9416,0.38644134415956377,18734409116.828674
761027,781658,,,991051,13262344-0926205,,G,201.597702,-9.439031,673.855085684,,0.141994,-20.9018,0.3864906097705021,18060093733.063496
761103,781734,,,991771,13354860-0922518,,G,203.952515,-9.381058,305.899059699,,0.06783600000000001,-20.3619,0.3865497567900181,10983986741.428259
761160,781791,,,992254,13364738-0920325,,G,204.197418,-9.342383,431.99374519699995,,0.09403,-20.9774,0.3865910213308682,19362436211.058098
761199,781830,,,992514,13522589-0919149,,G,208.10791,-9.32082,323.556754287,,0.071559,-20.8408,0.3866187072700675,17073399402.056463
761219,781850,,,992687,13514391-0918238,,G,207.932983,-9.306635,322.525129142,,0.071342,-20.6218,0.3866305019738077,13954683792.546726
761228,781859,,,992752,13460515-0918071,,G,206.521469,-9.301999,317.414216865,,0.070266,-20.8471,0.3866367484286804,17172756028.889719
761244,781875,,,992898,13550000-0917242,,G,208.750015,-9.290078,524.849117898,,0.112774,-21.2992,0.3866494768528482,26042339723.83712
761282,781913,,,993252,13321529-0915384,,G,203.063736,-9.260691,574.429418951,,0.122609,-21.5392,0.3866767819349273,32484785243.82855
761301,781932,,,993377,13242291-0915008,,G,201.09549,-9.250247,486.09036915800004,,0.105003,-20.8966,0.3866898237566469,17973803937.76326
761356,781987,,,993967,13210644-0912055,,G,200.276871,-9.201534,308.975555786,,0.068486,-19.8026,0.3867347181674819,6562057022.984049
761357,781988,,,993973,13425610-0912036,,G,205.73378,-9.201014,476.24931708800005,,0.103018,-20.8632,0.3867353622901004,17429302198.684605
761390,782021,,,994294,13441214-0910332,,G,206.050613,-9.175904,300.750792503,,0.066747,-20.709,0.3867582825322516,15121678487.917694
761450,782081,,,994775,13341959-0908062,,G,203.58165,-9.135078,354.12176349099997,,0.07796,-20.8608,0.3868032636999381,17390817595.742992
761470,782101,,,994953,13352459-0907121,,G,203.852478,-9.120048,512.494674874,,0.110305,-21.1824,0.38681800873539,23386218337.08852
761498,782129,,,995235,13333109-0905535,,G,203.379547,-9.098209,341.135377014,,0.07524700000000001,-20.8646,0.3868394985977517,17451790867.346523
761557,782188,,,995879,13335877-0902545,,G,203.494888,-9.048487,347.419318047,,0.076561,-20.7753,0.3868855618137424,16073853286.383154
761591,782222,,,996165,13300041-0901373,,G,202.501724,-9.027055,500.815112942,,0.107964,-21.2024,0.3869146571836462,23821000597.311584
761613,782244,,,996416,13295649-0900273,,G,202.485413,-9.00761,434.271062084,,0.094495,-20.8628,0.3869313651941511,17422882189.138874
761616,782247,,,996444,13341736-0900222,,G,203.572342,-9.006191000000003,315.49240963200003,,0.069861,-20.9439,0.38693289213284265,18774137747.57181
761621,782252,,,996476,13295359-0900133,,G,202.473328,-9.00372,505.82009777,,0.108968,-21.336,0.38693676101678987,26940149410.63672
761682,782313,,,997051,13293279-0857313,,G,202.386642,-8.958717,542.1040485469999,,0.11621,-21.1044,0.3869788837736642,21765066579.225
761694,782325,,,997145,13364857-0857035,,G,204.202408,-8.950994,386.125761624,,0.084605,-21.0496,0.3869873096610675,20693788210.04864
761735,782366,,,997549,13341546-0855082,,G,203.564453,-8.918969,341.216606271,,0.075264,-20.5532,0.3870169408108437,13100262559.29318
761742,782373,,,997592,13323345-0854554,,G,203.139389,-8.915411,460.430808772,,0.099817,-20.9708,0.3870223056476608,19245092374.26651
761745,782376,,,997612,13201773-0854489,,G,200.073883,-8.913588,472.57692252,,0.102276,-20.6504,0.3870246447862911,14327156340.010609
761753,782384,,,997707,13201159-0854199,,G,200.048294,-8.905536,403.64816003,,0.088219,-20.735,0.3870307020566915,15488166189.124859
761782,782413,,,997916,13593115-0853211,,G,209.879807,-8.889221000000003,586.434009552,,0.124973,-20.9931,0.3870508550467362,19644455696.71272
761814,782445,,,998235,13291761-0851453,,G,202.32338,-8.862608999999997,738.1585033160001,,0.154306,-21.5217,0.38707530215530384,31965389448.19258
761824,782455,,,998325,13233059-0851184,,G,200.877472,-8.855124,531.700307518,,0.11414,-21.1253,0.3870848457986585,22188094148.058517
761839,782470,,,998452,13440282-0850432,,G,206.011765,-8.845350999999997,458.369829005,,0.099399,-21.3171,0.3870943539264424,26475245748.1316
761882,782513,,,998867,13290964-0848433,,G,202.290207,-8.812052,503.187225039,,0.10844,-20.7476,0.38712655859479095,15668953798.600971
761939,782570,,,999405,13584970-0846194,,G,209.707108,-8.772062,470.465100833,,0.101849,-21.0326,0.3871709502126019,20372297048.550102
761962,782593,,,999539,13393670-0845419,,G,204.902939,-8.761658,354.1265588,,0.077961,-21.1408,0.3871884613094405,22507123811.825832
761968,782599,,,999582,13220747-0845313,,G,200.531143,-8.758714999999999,772.304949672,,0.160776,-21.4959,0.3871945196262531,31214759990.438217
761988,782619,,,999785,13585409-0844354,,G,209.725388,-8.743175,351.408632999,,0.077394,-20.3361,0.38720896489166995,10726054516.793123
762054,782685,,,1000395,13303938-0841362,,G,202.664108,-8.6934,334.38542825900004,,0.07383300000000001,-20.6792,0.3872608858572359,14712280620.618818
762077,782708,,,1000609,13375236-0840330,,G,204.468185,-8.675855,340.93470082,,0.075205,-20.9114,0.3872787691856147,18220487810.45824
762083,782714,,,1000652,13204520-0840225,,G,200.18837,-8.672917,411.232165754,,0.089778,-21.0224,0.3872826030784273,20181804738.301937
762105,782736,,,1000824,13285445-0839389,,G,202.226913,-8.660832000000001,566.166701946,,0.120978,-21.0697,0.3872974254571858,21080455949.305832
762112,782743,,,1000959,13552454-0839062,,G,208.85228,-8.65173,552.725508405,,0.118318,-21.1855,0.3873027110973424,23453086212.002785
762155,782786,,,1001354,13294086-0837113,,G,202.420258,-8.619825,574.921330757,,0.122706,-21.206,0.3873336399399172,23900115514.847218
762196,782827,,,1001838,13254596-0835060,,G,201.441528,-8.585005,521.743250468,,0.112154,-21.1263,0.3873606596724276,22208539552.0007
762205,782836,,,1001923,13420293-0834428,,G,205.512238,-8.578566,365.398545414,,0.080308,-20.7918,0.3873673973686516,16319994197.25818
762222,782853,,,1002138,13241914-0833448,,G,201.079773,-8.562467999999999,542.119145323,,0.116213,-21.1835,0.38738056787935865,23409923796.903904
762273,782904,,,1002690,13324094-0831044,,G,203.170593,-8.517911999999999,375.320767961,,0.082368,-20.023,0.3874201269687205,8038962448.57127
762283,782914,,,1002757,13550546-0830462,,G,208.772751,-8.512855,451.858720208,,0.098077,-20.326,0.3874281161636597,10626738654.024708
762286,782917,,,1002771,13573870-0830431,,G,209.411285,-8.511984,483.286797135,,0.10443800000000003,-20.772,0.3874302211985948,16025072388.814209
762294,782925,,,1002809,13225334-0830329,,G,200.72226,-8.509144000000001,582.0020035169999,,0.124101,-20.9886,0.3874371507868251,19563204736.025246
762336,782967,,,1003133,13474133-0829014,,G,206.922226,-8.483732,472.25537834,,0.102211,-21.1869,0.3874699292728617,23483347244.768875
762425,783056,,,1003867,13373799-0825381,,G,204.40831,-8.42725,430.799303501,,0.093786,-20.9134,0.38753022755591976,18254082121.35812
762481,783112,,,1004349,13535967-0823222,,G,208.498642,-8.389505999999999,643.717566488,,0.136164,-21.2055,0.38757071557331657,23889111638.83684
762489,783120,,,1004455,13464985-0822521,,G,206.707733,-8.381141,376.44954475,,0.082602,-20.5945,0.38757701618367657,13608178583.624577
762549,783180,,,1004930,13423714-0820354,,G,205.65477,-8.343191000000001,411.816554151,,0.089898,-20.8415,0.3876255967657775,17084410578.644903
762561,783192,,,1005067,13554431-0819493,,G,208.934662,-8.330384,298.035527184,,0.06617200000000001,-20.5733,0.3876345734660099,13345043691.48906
762571,783202,,,1005132,13242393-0819308,,G,201.099747,-8.325247000000001,430.872721619,,0.093801,-20.5447,0.3876432812841375,12998103775.30315
762622,783253,,,1005564,13363756-0817425,,G,204.15654,-8.295166,334.032526985,,0.073759,-20.1199,0.3876808667413833,8789415595.934185
762664,783295,,,1005975,13571814-0815517,,G,209.325623,-8.264385,398.277058181,,0.087113,-20.4679,0.3877151326400843,12110442165.51513
762679,783310,,,1006031,13440881-0815332,,G,206.036728,-8.25924,286.85683661900003,,0.0638,-20.2273,0.3877269855748203,9703312091.675709
762681,783312,,,1006049,13494978-0815278,,G,207.457443,-8.257733,472.428514279,,0.102246,-20.9517,0.3877283403769136,18909498019.02819
762693,783324,,,1006168,13374506-0814560,,G,204.43779,-8.248915,375.074798219,,0.082317,-20.2116,0.3877356865384676,9564009525.725842
762697,783328,,,1006209,13591807-0814413,,G,209.825302,-8.244831,347.91714396599997,,0.076665,-20.6904,0.3877382178423076,14864831820.6282
762753,783384,,,1006696,13294573-0812303,,G,202.440552,-8.20844,304.19631489999995,,0.067476,-20.6158,0.3877784184993562,13877780048.649384
762777,783408,,,1006920,13493900-0811408,,G,207.412537,-8.194676,519.665632349,,0.111739,-20.8876,0.3877940209245388,17825429381.5952
762787,783418,,,1006975,13310573-0811268,,G,202.773911,-8.190788000000001,332.78811212700003,,0.07349800000000001,-21.3128,0.3878008881573128,26370599317.549892
762901,783532,,,1008009,13440591-0807232,,G,206.024658,-8.12313,290.015450063,,0.064471,-20.3951,0.3878815686852995,11325046659.666306
762916,783547,,,1008105,13273467-0806570,,G,201.894485,-8.115847,459.09943045800003,,0.099547,-20.8025,0.38789026218027706,16481623915.255037
762918,783549,,,1008133,13404052-0806504,,G,205.168839,-8.114023,453.950749606,,0.098502,-21.315,0.3878920338659927,26424087573.2195
762925,783556,,,1008212,13575441-0806255,,G,209.476746,-8.107109,448.11554981,,0.097316,-20.566,0.3878959399586156,13255618607.198557
762935,783566,,,1008325,13554263-0805593,,G,208.927628,-8.099829,389.43584107099997,,0.085289,-21.1242,0.3879036914146344,22165625942.74644
762950,783581,,,1008452,13355934-0805299,,G,203.997269,-8.091654,328.786034925,,0.072658,-20.4946,0.3879147103126338,12411949502.308607
762961,783592,,,1008568,13493033-0805046,,G,207.376389,-8.084634,552.6901933290001,,0.118311,-21.5134,0.38792193234239547,31721959038.555305
762962,783593,,,1008569,13591990-0805031,,G,209.832947,-8.084218,414.910438587,,0.090533,-21.7108,0.3879233384176001,38046963345.07312
762973,783604,,,1008685,13562296-0804340,,G,209.095703,-8.076128,316.654859514,,0.07010599999999999,-20.5829,0.38793077979047386,13463562786.811874
762980,783611,,,1008758,13254496-0804180,,G,201.437363,-8.071671,509.21842340800004,,0.109649,-20.0985,0.38793611344199175,8617871220.404156
763008,783639,,,1009021,13424481-0803114,,G,205.686737,-8.053189,388.89363882099997,,0.085177,-21.0112,0.3879598330962392,19974687794.87894
763016,783647,,,1009085,13543132-0802586,,G,208.630539,-8.049632,510.82126057199997,,0.10997,-21.4453,0.3879662243220563,29793395376.44107
763040,783671,,,1009336,13471165-0802007,,G,206.798553,-8.033532000000001,450.303959277,,0.097761,-20.8085,0.3879877455677913,16572956864.772085
763060,783691,,,1009485,13470970-0801217,,G,206.790421,-8.022698,523.47122629,,0.112499,-20.9255,0.3880012569456197,18458652758.513
763073,783704,,,1009580,13283719-0800548,,G,202.154984,-8.015225,413.21945296800004,,0.090186,-20.8299,0.3880106333920123,16902852434.49487
763091,783722,,,1009707,13330510-0800294,,G,203.271255,-8.008171,507.052349185,,0.109215,-21.2533,0.38802435332775104,24964334896.069897
763126,783757,,,1009977,13292778-0759153,,G,202.365753,-7.987608,652.7583229969999,,0.137917,-20.9488,0.3880488259869615,18859058166.630653
763153,783784,,,1010194,13493099-0758186,,G,207.379166,-7.9718550000000015,494.96055081699996,,0.106788,-20.7529,0.3880690031193149,15745628480.134338
763199,783830,,,1010691,13565437-0756127,,G,209.226562,-7.936885,367.20278532699996,,0.080683,-20.3815,0.3881019891086538,11184073177.398598
763245,783876,,,1011110,13223286-0754404,,G,200.636932,-7.911242,336.861482512,,0.074352,-20.4733,0.3881398750807792,12170824498.3162
763251,783882,,,1011161,13464522-0754310,,G,206.688446,-7.908638000000002,390.704514287,,0.085551,-20.6502,0.3881438211642628,14324517423.342237
763260,783891,,,1011249,13451131-0754087,,G,206.297165,-7.9024199999999984,452.975970995,,0.098304,-20.7694,0.3881510372552383,15986743243.803688
763317,783948,,,1011711,13265723-0752222,,G,201.73848,-7.872859,491.772986216,,0.106147,-21.3008,0.3881911683539787,26080745425.32351
763325,783956,,,1011812,13585409-0751574,,G,209.725388,-7.865952,354.745206589,,0.07808999999999999,-20.6476,0.3881969073011291,14290255705.691013
763417,784048,,,1012608,13422731-0748564,,G,205.6138,-7.8156919999999985,637.1380371490001,,0.13488599999999998,-21.2802,0.3882664917447906,25590572392.552658
763419,784050,,,1012633,13312161-0748528,,G,202.840073,-7.8146710000000015,726.6923204010001,,0.152123,-21.2608,0.3882681746551691,25137379398.675
763426,784057,,,1012721,13544580-0748306,,G,208.690857,-7.808522,420.34909138800003,,0.091648,-20.6781,0.38827292687653103,14697382606.423075
763429,784060,,,1012756,13545145-0748236,,G,208.714401,-7.806575,406.253905184,,0.088755,-21.459,0.3882762888501105,30171715226.017693
763434,784065,,,1012808,13573095-0748131,,G,209.378998,-7.803650999999999,306.883245015,,0.06804400000000001,-21.3139,0.388280755039538,26397329897.647186
763484,784115,,,1013273,13434565-0746182,,G,205.940247,-7.771737,631.868050702,,0.13386099999999998,-21.5121,0.3883173764577916,31683999663.108807
763486,784117,,,1013280,13545663-0746172,,G,208.735977,-7.771466999999999,403.857136761,,0.08826200000000001,-20.5781,0.38831811588194975,13404172247.218828
763493,784124,,,1013337,13254298-0746061,,G,201.429108,-7.768383999999998,469.60486810599997,,0.101675,-21.0717,0.3883233907965719,21119323371.432
763509,784140,,,1013455,13242387-0745398,,G,201.099472,-7.7610800000000015,352.17539037,,0.077554,-20.0508,0.3883373188082641,8247455861.903919
763558,784189,,,1013840,13590062-0744134,,G,209.752594,-7.737063,581.905485517,,0.124082,-21.2793,0.3883758275491632,25569368372.713158
763561,784192,,,1013918,13283631-0743568,,G,202.151306,-7.732449000000001,419.719469715,,0.091519,-20.5638,0.3883779052965093,13228786274.193558
763580,784211,,,1014104,13224409-0743154,,G,200.683731,-7.720960000000002,324.62197184,,0.071783,-20.3349,0.3883889427393899,10714206192.071741
763611,784242,,,1014421,13234053-0742124,,G,200.9189,-7.703454,365.60538660099996,,0.080351,-20.2341,0.3884128395815022,9764274947.369879
763680,784311,,,1015030,13203119-0740045,,G,200.129959,-7.66792,435.50088163699996,,0.094746,-20.7649,0.3884662371503989,15920620859.61151
763739,784370,,,1015571,13530317-0738149,,G,208.263214,-7.637485000000002,482.37915816599997,,0.104255,-21.2289,0.3885105196855603,24409562753.199257
763743,784374,,,1015601,13504593-0738074,,G,207.691406,-7.63541,324.08456774,,0.07167000000000001,-20.1093,0.3885125205049874,8704022399.553312
763753,784384,,,1015674,13383294-0737558,,G,204.637268,-7.632186999999999,343.319647562,,0.075704,-20.5045,0.3885207877107787,12525642149.63793
763769,784400,,,1015835,13292333-0737233,,G,202.347244,-7.623164999999998,749.0462616980002,,0.156374,-21.3265,0.38853234471060377,26705456121.919014
763779,784410,,,1015947,13563295-0736592,,G,209.137299,-7.616461,550.284422454,,0.117834,-21.4319,0.3885405121454741,29427949357.866863
763809,784440,,,1016207,13570649-0736057,,G,209.277054,-7.601610000000001,285.577267053,,0.063528,-21.1376,0.38856101784695257,22440886024.63256
763833,784464,,,1016448,13533758-0735115,,G,208.406586,-7.5865399999999985,337.67289298,,0.074522,-20.7585,0.3885788172995307,15827050934.310415
763872,784503,,,1016794,13285261-0734030,,G,202.219238,-7.5675,549.467681825,,0.117672,-20.8827,0.3886064836409156,17745163287.73116
763901,784532,,,1017010,13285181-0733210,,G,202.215881,-7.555834,453.527331125,,0.098416,-20.932,0.38862496817868203,18569491014.904568
763930,784561,,,1017301,13232082-0732224,,G,200.836777,-7.539569,462.32016593699996,,0.1002,-21.4637,0.3886477568363549,30302607459.106564
763943,784574,,,1017471,13540484-0731452,,G,208.520172,-7.5292270000000014,434.64829580000014,,0.094572,-20.8717,0.3886588972331024,17566288050.55905
764019,784650,,,1018201,13570151-0729057,,G,209.256317,-7.484942999999999,561.826484064,,0.12012,-20.478,0.3887160876239209,12223624492.787302
764021,784652,,,1018219,13542191-0729011,,G,208.591324,-7.483657000000001,318.254445896,,0.07044299999999999,-20.1929,0.3887169860096661,9400695812.079659
764028,784659,,,1018243,13462576-0728521,,G,206.607361,-7.481155999999999,322.601183439,,0.071358,-20.1273,0.38872046817804,8849525805.261494
764029,784660,,,1018244,13494635-0728518,,G,207.443146,-7.481066999999999,331.887254079,,0.073309,-20.265,0.3887208394469216,10046157902.784008
764041,784672,,,1018322,13260192-0728360,,G,201.508026,-7.476673,845.637237705,,0.174519,-21.4499,0.38872913634428,29919890515.416874
764055,784686,,,1018488,13210252-0728015,,G,200.260513,-7.467091,324.560142456,,0.07177,-20.5795,0.388741745023144,13421467373.834894
764107,784738,,,1018924,13553092-0726313,,G,208.87886,-7.442050999999998,335.506358645,,0.074068,-20.4665,0.3887804403463548,12094836447.83942
764112,784743,,,1018949,13383133-0726258,,G,204.630554,-7.440521,626.588926014,,0.13283299999999998,-21.1449,0.3887850193985368,22592276780.792027
764114,784745,,,1020317,13212125-0721372,,G,200.338577,-7.360352000000002,337.291029928,,0.074442,-20.894,0.38878676590359257,17930813770.804432
764120,784751,,,1019035,13553139-0726103,,G,208.880814,-7.436217999999998,302.21555163,,0.067057,-20.6576,0.3887906020153095,14422481813.742447
764143,784774,,,1019249,13530236-0725259,,G,208.259872,-7.423872999999999,394.096209854,,0.086251,-20.978,0.38880843574985857,19373139245.819653
764145,784776,,,1019256,13391258-0725242,,G,204.802429,-7.423396,359.986342822,,0.079182,-21.3014,0.3888100145834775,26095162160.999424
764183,784814,,,1019652,13485811-0723537,,G,207.242142,-7.398266,462.42872049,,0.100222,-21.0682,0.3888404028149761,21051352331.82824
764192,784823,,,1019754,13364307-0723335,,G,204.179459,-7.392664,414.929935596,,0.090537,-20.6269,0.3888473244596495,14020386952.228277
764252,784883,,,1020202,13470251-0722011,,G,206.760498,-7.366975999999998,511.785263298,,0.110163,-20.9004,0.3888923468528275,18036821195.187325
764261,784892,,,1020285,13482402-0721452,,G,207.100113,-7.362576,286.46162479599997,,0.063716,-20.1303,0.3888980701165689,8874011761.720978
764271,784902,,,1020356,13350603-0721271,,G,203.775131,-7.357553,469.377481451,,0.101629,-20.8726,0.38890448092580265,17580855321.63517
764297,784928,,,1020610,13434136-0720259,,G,205.922363,-7.34053,580.696654686,,0.123844,-21.1767,0.3889262780337893,23263764884.54906
764317,784948,,,1020820,13435286-0719422,,G,205.970276,-7.328407,610.477459733,,0.129688,-21.3533,0.3889430971919015,27372848894.75703
764322,784953,,,1020844,13282911-0719368,,G,202.121292,-7.326896,332.197047398,,0.073374,-20.393,0.3889463634674739,11303163247.387024
764377,785008,,,1021317,13510465-0717534,,G,207.769409,-7.298194,639.911787345,,0.135425,-21.1296,0.3889902562504048,22276143146.34048
764488,785119,,,1022243,13213570-0714262,,G,200.398788,-7.24063,412.878423004,,0.090116,-20.8841,0.3890705283148421,17768059505.432842
764511,785142,,,1022477,13435844-0713312,,G,205.99353,-7.225352,470.44532327300004,,0.101845,-21.0355,0.3890892375354498,20426784162.755463
764541,785172,,,1022758,13580692-0712325,,G,209.528854,-7.209052000000002,464.190682472,,0.100579,-20.6505,0.3891113018799083,14328475980.645975
764549,785180,,,1022799,13252522-0712241,,G,201.355103,-7.206722,534.80864828,,0.114759,-21.35,0.3891170403531861,27289777828.08052
764581,785212,,,1023020,13423981-0711304,,G,205.665909,-7.191803,369.489427916,,0.08115800000000001,-21.075,0.3891393041243288,21183611352.485043
764624,785255,,,1023471,13340271-0709552,,G,203.511322,-7.165361,404.523023431,,0.088399,-21.2627,0.38917112447905816,25181407437.056
764659,785290,,,1023819,13522733-0708299,,G,208.113876,-7.141653,342.875038889,,0.075611,-20.7487,0.3891966833896645,15684836646.749868
764668,785299,,,1023931,13220644-0708073,,G,200.526871,-7.135382000000001,302.825261385,,0.067186,-20.09,0.3892032090820366,8550667128.846841
764703,785334,,,1024270,13505540-0706384,,G,207.730865,-7.110686,395.07067840699995,,0.086452,-20.4574,0.3892308404499683,11993888302.683477
764712,785343,,,1024349,13212428-0706172,,G,200.351196,-7.1047970000000005,608.253660508,,0.129253,-21.7084,0.3892396598767156,37962954113.907394
764755,785386,,,1024745,13412512-0704344,,G,205.354706,-7.076229,304.565172699,,0.067554,-20.2894,0.3892707185610185,10274483522.69352
764814,785445,,,1025200,13475156-0702464,,G,206.964844,-7.046233,325.882574288,,0.072048,-20.1933,0.389313884688582,9404159794.456106
764888,785519,,,1025762,13344032-0700237,,G,203.668015,-7.006588000000002,636.7830807509999,,0.13481700000000002,-21.282,0.3893671260401443,25633033198.65895
764896,785527,,,1025880,13512627-0659514,,G,207.859482,-6.997622,413.365618025,,0.090216,-20.3467,0.3893712481921913,10831285413.233812
764898,785529,,,1025920,13470057-0659431,,G,206.75238,-6.995309,503.087528547,,0.10842,-21.1742,0.3893729366659424,23210259710.0675
764919,785550,,,1026165,13361971-0658389,,G,204.082138,-6.977486,534.80864828,,0.114759,-21.104,0.3893881791168612,21757049509.258045
764984,785615,,,1026826,13445154-0655417,,G,206.214783,-6.928256,585.106977554,,0.124712,-21.0832,0.38943556332617024,21344205814.395058
765016,785647,,,1027078,13415269-0654328,,G,205.469574,-6.909122999999999,471.201885222,,0.101998,-21.109,0.3894596118679405,21857475486.869476
765018,785649,,,1027098,13393426-0654269,,G,204.892761,-6.907491,437.716523285,,0.095198,-21.194000000000006,0.3894608325146666,23637416081.163116
765035,785666,,,1027216,13493216-0653556,,G,207.384033,-6.898799,506.48357139300003,,0.109101,-21.1808,0.3894755076826441,23351780513.10352
765084,785715,,,1027639,13455249-0652092,,G,206.468735,-6.869227,399.048743736,,0.087272,-20.8421,0.3895107242982878,17093854382.012897
765104,785735,,,1027805,13535530-0651285,,G,208.480423,-6.857922,533.733772572,,0.114545,-21.4356,0.3895240483329469,29528405758.72519
765157,785788,,,1028455,13500950-0648206,,G,207.539612,-6.805745,458.443768935,,0.099414,-20.5734,0.3895646196454887,13346272872.04083
765232,785863,,,1029201,13392822-0645049,,G,204.867584,-6.75138,339.94104062900004,,0.07499700000000001,-20.58,0.3896207645379672,13427649611.378641
765291,785922,,,1029846,13405783-0641541,,G,205.240982,-6.6983630000000005,389.769915547,,0.085358,-20.541,0.3896644397214636,12953883889.748909
765318,785949,,,1030066,13524262-0640486,,G,208.177612,-6.680167999999999,689.722576119,,0.145048,-21.1734,0.38968107118566775,23193164057.74797
765352,785983,,,1030373,13215805-0639123,,G,200.491882,-6.6534369999999985,757.080564115,,0.157897,-21.0857,0.3897083961993579,21393409290.3809
765361,785992,,,1030420,13585248-0638594,,G,209.718704,-6.649841,338.3842211,,0.074671,-21.3331,0.3897149074375588,26868288319.53464
765457,786088,,,1031323,13380907-0634175,,G,204.537827,-6.571553999999999,499.08673755800004,,0.107617,-20.9759,0.3897833725233488,19335704486.740746
765529,786160,,,1032057,13410944-0630200,,G,205.289337,-6.50558,304.517881066,,0.067544,-20.0261,0.38983011872695306,8061948137.309149
765687,786318,,,1033620,13385747-0622222,,G,204.739471,-6.372841,469.38736755599996,,0.101631,-20.7487,0.3899462139561368,15684836646.749868
765692,786323,,,1033683,13385311-0622052,,G,204.721313,-6.368118,370.72239727699997,,0.081414,-20.8072,0.389950357539649,16553125205.222881
765700,786331,,,1033747,13385760-0621432,,G,204.740036,-6.362008,467.598384301,,0.101269,-21.3844,0.3899557557720283,28168258655.71508
765732,786363,,,1034033,13400795-0620120,,G,205.033127,-6.336687,624.105605415,,0.132349,-21.6893,0.3899804154893529,37300959208.34725
765868,786499,,,1035488,13334103-0612465,,G,203.42099,-6.212935,614.861912084,,0.130545,-21.2129,0.3900823797055527,24052487631.88
765876,786507,,,1035628,13441714-0612043,,G,206.071442,-6.2012220000000005,461.289046735,,0.099991,-20.9439,0.3900886781580608,18774137747.57181
765924,786555,,,1036083,13514943-0609368,,G,207.955963,-6.160245,1014.89086416,,0.205503,-21.5881,0.3901224982467296,33981300832.04992
765938,786569,,,1036194,13361144-0609029,,G,204.047699,-6.150822,459.380461711,,0.099604,-21.3519,0.3901329300536457,27337575785.32053
765991,786622,,,1036663,13344609-0606277,,G,203.692047,-6.107698,349.6504947640001,,0.077027,-20.6472,0.3901759826190361,14284991950.608013
766048,786679,,,1037281,13371398-0603266,,G,204.308258,-6.057398,318.43960793,,0.070482,-21.3641,0.3902167103380542,27646489930.767475
766338,786969,,,1039930,13400424-0549360,,G,205.017685,-5.826669,356.66416271699995,,0.07849,-20.8213,0.3904408592006187,16769495603.516113
766481,787112,,,1041520,13504419-0541419,,G,207.684158,-5.694993,457.295392315,,0.099181,-21.213,0.3905466770494601,24054703049.881042
766511,787142,,,1041816,13391428-0540100,,G,204.80954,-5.669464,339.315366535,,0.074866,-21.04,0.3905693300915767,20511621788.25571
766573,787204,,,1042440,13514178-0537116,,G,207.924088,-5.619905,463.73654419400003,,0.100487,-21.5214,0.3906120698879848,31956558304.80817
766592,787223,,,1042683,13214525-0535564,,G,200.438583,-5.599019,464.97073749199996,,0.100737,-21.0871,0.3906266618415522,21421012764.55324
766628,787259,,,1043089,13575587-0533584,,G,209.482803,-5.566244,1087.84921478,,0.218567,-22.0368,0.3906562702679344,51371234220.563034
766685,787316,,,1043644,13440765-0531258,,G,206.031906,-5.523854,333.713038242,,0.073692,-20.8739,0.3906988237982919,17601918264.916336
766736,787367,,,1044125,13390765-0529060,,G,204.781891,-5.485021,376.28551306400004,,0.08256799999999999,-20.8316,0.39073500180136106,16929338938.920504
766765,787396,,,1044325,13481649-0528126,,G,207.06871,-5.470167,771.018090915,,0.16053299999999998,-21.4833,0.3907559127499465,30854605642.44685
766767,787398,,,1044346,13572167-0528063,,G,209.340332,-5.46844,293.035538095,,0.065112,-19.9836,0.3907571491758556,7752468316.528769
766837,787468,,,1044934,13563386-0525194,,G,209.141113,-5.422061,567.103112661,,0.121163,-21.7263,0.3908111146218136,38594018438.77996
766938,787569,,,1045781,13542244-0521311,,G,208.593521,-5.358645,302.295894894,,0.067074,-20.9652,0.3908882176349279,19146085764.7306
766952,787583,,,1045844,13481869-0521156,,G,207.077911,-5.354334,918.09401999,,0.187904,-21.7244,0.3908985467810888,38526539330.261215
767013,787644,,,1046401,13494805-0518468,,G,207.450226,-5.313016,427.056834504,,0.093021,-20.8064,0.3909474390044673,16540932904.195309
767175,787806,,,1047759,13344099-0512388,,G,203.670807,-5.210794,549.654207336,,0.117709,-21.1454,0.391065081510456,22602683304.745224
767185,787816,,,1047839,13360744-0512203,,G,204.031036,-5.205639,347.562914653,,0.07659099999999999,-20.3022,0.3910718688811259,10396328649.623608
767187,787818,,,1047842,13395411-0512190,,G,204.975494,-5.2052830000000005,337.902030292,,0.07457000000000001,-20.498,0.3910725845535176,12450878639.160543
767256,787887,,,1048581,13595237-0509201,,G,209.968246,-5.155594000000002,345.878406471,,0.076239,-20.2456,0.39112215985877,9868246744.444448
767342,787973,,,1049338,13521703-0505563,,G,208.070984,-5.098986,364.58091532099996,,0.080138,-20.665,0.3911818504849303,14521116175.877447
767346,787977,,,1049352,13474934-0505519,,G,206.955612,-5.097756,326.710533439,,0.07222200000000001,-20.6538,0.39118446369304904,14372092377.63754
767359,787990,,,1049435,13531019-0505310,,G,208.292496,-5.091971,403.83283654699994,,0.088257,-20.963,0.39119407711750176,19107329810.428814
767364,787995,,,1049486,13342312-0505158,,G,203.596344,-5.0877360000000005,580.864245319,,0.123877,-21.0154,0.3911972554374053,20052106381.994797
767385,788016,,,1049682,13524450-0504267,,G,208.185455,-5.074085,478.616886616,,0.103496,-20.8929,0.3912128986374843,17912656591.439377
767397,788028,,,1049783,13390912-0503580,,G,204.78801,-5.066132,564.694171524,,0.120687,-21.2061,0.3912218071733005,23902316898.21144
767406,788037,,,1049837,13403743-0503436,,G,205.155991,-5.062132,535.305998068,,0.114858,-21.081,0.3912275824982587,21301000374.11252
767441,788072,,,1050131,13521800-0502186,,G,208.075027,-5.038521,314.889984085,,0.069734,-21.0978,0.3912556862057994,21633161875.054974
767448,788079,,,1050192,13372740-0502036,,G,204.364182,-5.0343339999999985,508.100305804,,0.109425,-20.8917,0.3912607734190413,17892869728.37743
767463,788094,,,1050319,13553656-0501305,,G,208.902374,-5.025149,532.1822238269999,,0.114236,-21.1193,0.3912712403662199,22065816385.602608
767483,788114,,,1050538,13370932-0500307,,G,204.288864,-5.008533,347.093853491,,0.07649299999999999,-20.4252,0.3912865925457536,11643404891.01686
767495,788126,,,1050634,13375262-0500016,,G,204.469284,-5.000452,432.106355095,,0.094053,-21.149,0.3912962800184832,22677751915.67273
767622,788253,,,1051748,13345799-0455021,,G,203.741638,-4.917252,453.571640218,,0.098425,-21.2342,0.3913904146092603,24529008854.99572
767662,788293,,,1052190,13525178-0453051,,G,208.21579,-4.8847559999999985,645.11400387,,0.136435,-21.7182,0.3914180463100205,38307163913.12911
767741,788372,,,1053068,13334487-0448590,,G,203.436966,-4.816415,371.045156614,,0.081481,-20.3801,0.39147438781729055,11169661194.245136
767767,788398,,,1053349,13425546-0447460,,G,205.731094,-4.796134,440.11005553300004,,0.095686,-21.0248,0.3914943144336519,20226465590.94566
767830,788461,,,1054148,13582142-0444276,,G,209.589264,-4.741007,358.190453863,,0.078808,-21.0126,0.3915463970262501,20000460722.006203
767896,788527,,,1054836,13500609-0441091,,G,207.525375,-4.685862,521.4978866609999,,0.112105,-21.4383,0.3915903593992934,29601928138.538536
767897,788528,,,1054861,13280581-0441009,,G,202.024231,-4.683601,394.24648451699994,,0.08628200000000001,-20.5378,0.391590836718104,12915760999.787922
767906,788537,,,1054933,13202075-0440387,,G,200.086487,-4.677423,285.102253565,,0.063427,-20.521,0.3915992318873733,12717448862.880732
767988,788619,,,1055709,13544650-0437095,,G,208.693787,-4.6193290000000005,362.27329637,,0.079658,-20.3612,0.3916593446797729,10976907385.831005
768000,788631,,,1055868,13350936-0436321,,G,203.789032,-4.608921,549.68949688,,0.11771600000000003,-21.1496,0.3916700367695927,22690287567.9232
768101,788732,,,1057148,13412977-0430590,,G,205.374054,-4.516393,314.55798244700003,,0.069664,-20.7515,0.39174842659047415,15725338400.76913
768142,788773,,,1057544,13453334-0429088,,G,206.388947,-4.4857809999999985,547.950579945,,0.117371,-21.3887,0.3917815726838473,28280038736.574337
768786,789417,,,1063858,13483907-0401427,,G,207.162827,-4.02853,705.0966208269998,,0.147997,-21.4632,0.39226602349645,30288655805.397438
768898,789529,,,1064775,13535734-0357280,,G,208.488953,-3.957789,347.00770600699997,,0.076475,-20.9867,0.392347814019732,19528999756.374043
769023,789654,,,1066079,13215294-0350599,,G,200.470612,-3.849984,363.143290364,,0.079839,-21.1094,0.39244658043701397,21865529561.950043
769204,789835,,,1068235,13323249-0340378,,G,203.135376,-3.677173,335.89280308599996,,0.074149,-20.936,0.3925835800474471,18638029723.462086
769246,789877,,,1068763,13201652-0337575,,G,200.068863,-3.632666,661.843170185,,0.139675,-21.6128,0.3926140919055014,34763220250.13121
770491,791122,,,1088107,13574829-0234504,,G,209.451218,-2.580689,839.598967076,,0.173395,-20.7054,0.3935364100169171,15071622229.995834
770882,791513,,,1096852,13202324-0216117,,G,200.096848,-2.269924,584.756221488,,0.124643,-21.0609,0.3938296329826822,20910287304.225346
771713,792344,,,1115993,13340351-0133048,,G,203.514633,-1.55136,426.445665924,,0.092896,-20.3423,0.3944652001461243,10787479912.031015
772187,792818,,,1131311,13335311-0055200,,G,203.471313,-0.922246,370.004720379,,0.081265,-20.351,0.394824568579484,10874267195.462448
772480,793111,,,1152981,13345092-0003268,,G,203.712173,-0.057462,314.486843302,,0.069649,-20.849,0.3950489239478771,17202834055.304337
818561,839196,,,3275096,13384805-0344279,,G,204.700241,-3.741107,739.568085252,,0.154574,-21.0269,0.4304254584483041,20265624901.998043
855330,876063,,,,13445258-0114529,,G,206.219116,-1.248029,652.345341392,,0.137837,-21.4454,0.4568784177648194,29796139575.936863
855331,876064,,,,13444736-0341259,,G,206.197372,-3.690528,352.980659785,,0.077722,-21.0498,0.4568791826716687,20697600497.822487
855332,876065,,,,13452469-0259400,,G,206.352875,-2.994455,482.101451862,,0.104199,-21.2547,0.4568801064516566,24996545861.80133
855333,876066,,,,13455474-0401438,,G,206.478088,-4.028836,839.8674202860001,,0.17344500000000002,-21.6591,0.4568814471422115,36277721295.38838
911581,932396,,,,13471846-0517075,,G,206.826935,-5.285417,1175.42926917,,0.234035,-21.69,0.4975369309616538,37325015779.572136
911582,932397,,,,13471897-0053545,,G,206.829071,-0.898473,581.229920367,,0.123949,-21.5157,0.4975381057741296,31789229374.61088
911583,932398,,,,13475168-0448519,,G,206.965347,-4.814422,383.66929850099996,,0.084097,-20.8028,0.4975387150423837,16486178585.461369
911584,932399,,,,13475537-0512539,,G,206.980728,-5.214976,410.920528695,,0.089714,-20.5498,0.4975391976659782,13059303047.218023
911585,932400,,,,13474185-0531579,,G,206.924377,-5.532757,429.086611175,,0.093436,-20.3387,0.4975395950117077,10751770855.180244
911586,932401,,,,13481802-0456476,,G,207.075104,-4.946556,341.579771224,,0.07534,-20.5925,0.4975400969941761,13583134465.871626
911587,932402,,,,13481721-0440276,,G,207.071747,-4.674334,401.257900405,,0.087727,-21.0821,0.4975408849984079,21322592150.992386
911588,932403,,,,13482965-0344487,,G,207.123566,-3.746866,1084.44430966,,0.217961,-21.719,0.4975423017331687,38335400075.9046
911589,932404,,,,13491663-0544378,,G,207.319321,-5.743853,744.683958948,,0.155546,-21.1009,0.4975431035008567,21695017261.052338
911590,932405,,,,13500864-0550471,,G,207.536011,-5.846417,367.75626312199995,,0.08079800000000001,-21.0398,0.4975438613949979,20507843755.870987
934013,954891,,,,13434261-0015163,,G,205.927582,-0.25452800000000003,498.69832819699997,,0.107539,-21.0162,0.5137701200164926,20066886764.61655
934014,954892,,,,13435076-0526183,,G,205.961502,-5.438426,569.047457269,,0.121547,-20.6587,0.5137706535584157,14437101174.51932
934015,954893,,,,13463622-0143084,,G,206.650925,-1.719014,434.16818655199995,,0.094474,-21.0573,0.513771423767346,20841069410.50033
934016,954894,,,,13433330-0710009,,G,205.888779,-7.166917,698.5163863839999,,0.14673599999999998,-21.4079,0.5137724875393335,28784586827.836933
934017,954895,,,,13432550-0717588,,G,205.856277,-7.299691,575.1191257190001,,0.122745,-20.6968,0.5137730401363678,14952713082.20013
934018,954896,,,,13432729-0758278,,G,205.863739,-7.974414,631.5083774130001,,0.13379100000000002,-20.9729,0.5137737527408501,19282351704.38158
934019,954897,,,,13432385-0801348,,G,205.849411,-8.026356,791.1489590739999,,0.164327,-22.1043,0.5137757730068262,54666340233.377884
934020,954898,,,,13433171-0903159,,G,205.882126,-9.054417,471.92891396199997,,0.102145,-20.5474,0.5137762545647682,13030467578.836256
934027,954905,,,,13440201-0948592,,G,206.008408,-9.816463,503.53119672800005,,0.108509,-20.3991,0.5137807668258679,11366846624.554005
934028,954906,,,,13434890-0931152,,G,205.953766,-9.520905,428.17674748699994,,0.09325,-20.8121,0.5137813813352953,16627999393.750875
934029,954907,,,,13434844-0900442,,G,205.951859,-9.012293,550.934903738,,0.117963,-21.5875,0.5137826364648319,33962527259.040886
934030,954908,,,,13435702-0847482,,G,205.987595,-8.796741,489.94413495199996,,0.105779,-20.4447,0.5137830745600873,11854411534.14942
934031,954909,,,,13440315-0802302,,G,206.013138,-8.041741,386.198319605,,0.08462,-20.6601,0.5137836087904285,14455729067.9974
934032,954910,,,,13442291-0659094,,G,206.09549,-6.985945,640.050777609,,0.135452,-21.5371,0.5137848069883166,32422014822.685
934033,954911,,,,13442109-0838583,,G,206.087906,-8.649555,392.65194120800004,,0.085953,-20.422,0.5137852360191943,11609138701.261822
934034,954912,,,,13443873-0931053,,G,206.161377,-9.518162,497.971405732,,0.107393,-20.645,0.5137857628710933,14256075936.021881
934046,954924,,,,13450239-0944287,,G,206.259964,-9.741312,1002.59695881,,0.203285,-21.2306,0.513795114765054,24447812154.854538
934047,954925,,,,13444468-0926147,,G,206.186172,-9.437419,880.4913255380002,,0.180981,-21.3606,0.5137961331888771,27557511670.008846
934048,954926,,,,13444343-0834407,,G,206.180969,-8.577974000000001,654.229878431,,0.138202,-21.0797,0.5137969194531636,21275511006.649303
934049,954927,,,,13444255-0829207,,G,206.177322,-8.489084,441.542957572,,0.095978,-20.7899,0.5137975215253293,16291459758.39924
934050,954928,,,,13445752-0719327,,G,206.239685,-7.325757,526.021941245,,0.113008,-20.578000000000007,0.5137980168483922,13402937734.183159
934051,954929,,,,13450430-0638507,,G,206.267929,-6.647423,310.386912353,,0.068784,-20.7615,0.5137986033761225,15870843165.508743
934052,954930,,,,13444684-0650437,,G,206.195206,-6.845477000000002,569.756554334,,0.121687,-20.7784,0.5137991991048588,16119813021.961246
934053,954931,,,,13445920-0607457,,G,206.246689,-6.129368,497.81707599199996,,0.107362,-20.6913,0.5137997489096876,14877158843.503426
934054,954932,,,,13451330-0631160,,G,206.30545,-6.521128,305.137452079,,0.067675,-21.4285,0.5138008330576297,29335939412.141342
934055,954933,,,,13453632-0641390,,G,206.401352,-6.694186,548.126958919,,0.117406,-20.5444,0.5138013132868146,12994512762.64383
934056,954934,,,,13454021-0840520,,G,206.417542,-8.681128,444.837691361,,0.096649,-20.536,0.5138017898149525,12894366199.598663
940507,961391,,,,13503240-0558469,,G,207.635025,-5.979716000000002,490.321764398,,0.105855,-20.5384,0.5184754810360152,12922900485.617329
940508,961392,,,,13510276-0435430,,G,207.761536,-4.595283,1184.71018445,,0.235661,-21.5991,0.5184767496472401,34327328019.36775
940509,961393,,,,13514093-0317536,,G,207.920547,-3.298239,294.544210994,,0.065432,-20.7998,0.5184773572343474,16440688466.463758
940510,961394,,,,13515415-0438393,,G,207.975632,-4.644264,717.68811233,,0.15040499999999998,-19.5167,0.5184775436011481,5042895863.379729
940511,961395,,,,13521874-0501146,,G,208.078094,-5.0207440000000005,350.73306223699996,,0.077253,-20.3749,0.5184779544182834,11116293377.207735
940512,961396,,,,13522297-0415576,,G,208.095749,-4.266024,610.528594871,,0.129698,-21.2915,0.5184789100455873,25858301804.210632
976271,997238,,,,13404769-0435342,,G,205.198746,-4.592844,689.680939196,,0.14504,-21.8012,0.5442858336119311,41350427133.370895
976272,997239,,,,13405746-0436452,,G,205.239441,-4.612568,452.621566177,,0.098232,-21.0297,0.5442865844884954,20317955275.16756
976273,997240,,,,13405351-0529492,,G,205.222977,-5.497012000000002,376.28551306400004,,0.08256799999999999,-20.7416,0.5442871603639258,15582602776.393612
976274,997241,,,,13413392-0550459,,G,205.391373,-5.8461110000000005,513.219201127,,0.11045,-20.3995,0.5442875805953739,11371035097.106495
976275,997242,,,,13420719-0432267,,G,205.529984,-4.5407660000000005,771.150468023,,0.160558,-21.5697,0.5442888153155641,33410271128.03114
976276,997243,,,,13414592-0452597,,G,205.44136,-4.883268,409.20211503300004,,0.089361,-21.6747,0.5442901754083899,36802726989.96303
978197,999179,,,,13210727-0445496,,G,200.280319,-4.763785,334.452197274,,0.073847,-20.1677,0.5456697712368703,9185017751.808016
978198,999180,,,,13213535-0013054,,G,200.397324,-0.218189,415.31014720900004,,0.090615,-21.1609,0.5456706185590015,22927674104.17271
978199,999181,,,,13214458-0535534,,G,200.435791,-5.598186,378.770889463,,0.083083,-20.4119,0.5456710436173492,11501646088.362093
978200,999182,,,,13224248-0225222,,G,200.677032,-2.422834,660.001984347,,0.139319,-21.4417,0.5456721410264306,29694772337.70097
991989,1012996,,,,13234032-0127493,,G,200.91803,-1.463698,400.927658404,,0.087659,-21.1603,0.5557060607799081,22915007303.515305
991990,1012997,,,,13240491-0538445,,G,201.020462,-5.64571,337.99750848400004,,0.07459,-20.7446,0.5557066382487414,15625718638.362326
991991,1012998,,,,13243022-0403339,,G,201.125946,-4.059427,927.412592162,,0.189612,-21.3824,0.5557076773276985,28116418566.878983
991992,1012999,,,,13242050-0118009,,G,201.085419,-1.300264,865.564916753,,0.17821900000000002,-20.9685,0.5557083870501595,19204367139.433544
991993,1013000,,,,13250978-0030130,,G,201.290771,-0.503628,901.108681908,,0.184783,-21.4069,0.5557094498428279,28758087448.910164
991994,1013001,,,,13245733-0503290,,G,201.238876,-5.058076,807.845798018,,0.167462,-21.0266,0.5557101985785431,20260026076.444016
991995,1013002,,,,13253335-0440593,,G,201.388992,-4.683161,486.41799400800005,,0.105069,-21.102,0.5557110011589437,21717008433.479927
991996,1013003,,,,13252364-0410273,,G,201.348541,-4.174276,455.20650354300005,,0.098757,-21.189,0.5557118706969112,23528812019.381733
991997,1013004,,,,13264484-0352423,,G,201.686874,-3.878427,501.672102624,,0.108136,-20.8341,0.5557124977849973,16968365095.67615
991998,1013005,,,,13264417-0430303,,G,201.684082,-4.508426999999998,1176.5016192,,0.234223,-21.119,0.5557133130307593,22059720217.473373
991999,1013006,,,,13275320-0017029,,G,201.971695,-0.28416,1219.12459483,,0.241669,-21.8122,0.5557148567508269,41771493179.84326
992000,1013007,,,,13282501-0401172,,G,202.104233,-4.02147,534.547437917,,0.114707,-20.7259,0.5557154243588817,15358896012.103159
992001,1013008,,,,13283260-0233212,,G,202.135834,-2.555912,565.594833849,,0.120865,-21.0845,0.555716214106909,21369777482.45246
992002,1013009,,,,13283417-0129172,,G,202.14241,-1.488134,691.128043137,,0.145318,-21.2958,0.555717173526428,25960915284.93325
992003,1013010,,,,13283431-0120412,,G,202.14296,-1.344801,785.8933423860001,,0.163338,-21.5368,0.5557183713932876,32413057526.4764
992004,1013011,,,,13285264-0356551,,G,202.21936,-3.948655000000001,493.846357231,,0.106564,-21.279,0.5557193160816163,25562304271.12548
992005,1013012,,,,13285519-0417461,,G,202.22998,-4.2961540000000005,285.158687386,,0.063439,-20.6174,0.5557198297094494,13898246177.403395
992006,1013013,,,,13284483-0422321,,G,202.186813,-4.375602,413.307151329,,0.090204,-20.5904,0.555720330721936,13556887745.615532
992007,1013014,,,,13290284-0502031,,G,202.261856,-5.034205,506.184246588,,0.109041,-20.4735,0.5557207805935075,12173066653.544796
992008,1013015,,,,13300069-0501120,,G,202.502884,-5.0200239999999985,362.01378017400003,,0.079604,-20.5236,0.5557212517102622,12747939684.819551
992009,1013016,,,,13293539-0519561,,G,202.397476,-5.332257,1289.65109002,,0.253879,-21.4124,0.5557223199003652,28904136531.697414
995625,1016641,,,,13584703-0247391,,G,209.695984,-2.794201,555.804104626,,0.118928,-21.3516,0.5583428642750856,27330023177.46204
995626,1016642,,,,13595715-0405561,,G,209.988144,-4.098925,286.30167096900004,,0.063682,-19.9321,0.5583431375051912,7393328445.918986
995627,1016643,,,,13594315-0034241,,G,209.92981,-0.5733779999999999,681.652068622,,0.143496,-21.7708,0.5583446234700868,40208697035.483635
999090,1020110,,,,13313529-0433544,,G,202.897079,-4.565117,829.6333662119998,,0.171537,-21.4294,0.5608462054363418,29360266952.510674
999091,1020111,,,,13324976-0242348,,G,203.207367,-2.709668,654.224714237,,0.138201,-21.9306,0.5608479270216581,46584345701.219864
999092,1020112,,,,13323763-0350068,,G,203.156815,-3.835228,425.204070853,,0.092642,-21.4,0.5608489830815522,28575905433.749557
999093,1020113,,,,13333476-0427361,,G,203.394852,-4.4600300000000015,453.192567506,,0.098348,-20.5204,0.5608494528118246,12710422882.44821
999094,1020114,,,,13332452-0548071,,G,203.352188,-5.801974,578.574407661,,0.123426,-20.6338,0.5608499742568754,14109772128.638937
999095,1020115,,,,13341303-0500188,,G,203.554306,-5.005247,321.845466195,,0.071199,-21.0012,0.5608507056797692,19791558756.425747
999096,1020116,,,,13342334-0509018,,G,203.59726,-5.150519999999998,334.27096998400003,,0.073809,-20.6315,0.5608512260213713,14079913930.392618
999097,1020117,,,,13341691-0500098,,G,203.57048,-5.002746,537.099966337,,0.115215,-20.4203,0.5608516543810161,11590975824.099487
1000329,1021353,,,,13344708-0511078,,G,203.696198,-5.185516000000002,462.44845800300004,,0.100226,-20.9113,0.5617385058613236,18218809718.793537
1007312,1028365,,,,13352897-0457290,,G,203.870743,-4.9580720000000005,505.76522885599996,,0.108957,-21.4197,0.56688063893518,29099129683.07608
1007313,1028366,,,,13354230-0508440,,G,203.92627,-5.1455660000000005,459.676305767,,0.099664,-20.9573,0.5668813413740731,19007281206.14514
1007314,1028367,,,,13361884-0134182,,G,204.078537,-1.571746,498.84273245300005,,0.107568,-20.6638,0.5668818774280839,14505075711.09139
1007315,1028368,,,,13355686-0354433,,G,203.986938,-3.91203,344.319021772,,0.075913,-20.8668,0.566882523689979,17487188843.727898
1007316,1028369,,,,13355091-0414563,,G,203.962143,-4.248975,924.404637283,,0.189061,-21.1883,0.5668833926675153,23513647322.72037
1007317,1028370,,,,13361293-0502262,,G,204.053879,-5.040637,476.99212683300004,,0.103168,-21.1436,0.5668842265955035,22565242236.18931
1007318,1028371,,,,13364695-0457571,,G,204.195648,-4.96587,349.67444187800004,,0.077032,-21.4033,0.566885285870082,28662891519.183807
1007319,1028372,,,,13362614-0501591,,G,204.108932,-5.033097,588.478745314,,0.125375,-21.6247,0.566886584748647,35146331420.78558
1007320,1028373,,,,13363257-0503021,,G,204.135712,-5.050597,595.561431895,,0.12676600000000002,-21.2046,0.5668874668704365,23869317427.540283
1007321,1028374,,,,13363959-0503091,,G,204.164993,-5.0525400000000005,558.1473648159999,,0.119392,-20.8967,0.5668881311770096,17975459462.522217
1007322,1028375,,,,13362040-0024471,,G,204.085007,-0.413099,424.769118746,,0.092553,-20.7328,0.5668887024037768,15456814681.123613
1007323,1028376,,,,13370650-0356427,,G,204.277084,-3.9452,1105.09524997,,0.221631,-21.59,0.5668899604266857,34040818970.100086
1007324,1028377,,,,13380321-0011596,,G,204.513397,-0.199895,918.115824221,,0.187908,-21.6325,0.5668912686700778,35399734108.343575
1007325,1028378,,,,13381323-0441096,,G,204.55513,-4.6860040000000005,488.270073678,,0.105442,-20.7143,0.5668918302460916,15195675124.656485
1007326,1028379,,,,13381117-0527146,,G,204.54657,-5.45406,446.47381890099996,,0.096982,-20.628,0.5668923489130112,14034598729.211813
1007327,1028380,,,,13381485-0521536,,G,204.561905,-5.364892,383.71763844199995,,0.084107,-19.8941,0.5668926127456675,7139043035.900121
1007328,1028381,,,,13380106-0553046,,G,204.50444,-5.884618,859.486809985,,0.177092,-21.4222,0.5668936906210414,29166210104.855213
1013567,1034631,,,,13544697-0443075,,G,208.69574,-4.718774,450.205577483,,0.097741,-20.1841,0.5713437653095002,9324810182.61309
1013568,1034632,,,,13553349-0512545,,G,208.889572,-5.21515,417.489783915,,0.091062,-20.4122,0.5713441904853122,11504824549.721909
1013578,1034642,,,,13202150-0955138,,G,200.0896,-9.920527,1100.15940595,,0.220755,-21.6293,0.5713511076490398,35295553757.527954
1013579,1034643,,,,13200673-0906039,,G,200.028076,-9.101092,498.270125183,,0.107453,-21.2263,0.5713520075786671,24351179386.95216
1013581,1034645,,,,13203100-0601235,,G,200.129196,-6.023197,457.61079281400004,,0.099245,-20.9115,0.5713535228018843,18222166056.68786
1013582,1034646,,,,13203697-0742055,,G,200.154068,-7.701531,395.235538909,,0.08648600000000001,-21.1183,0.5713543375222073,22045502374.03704
1013584,1034648,,,,13211905-0957404,,G,200.329391,-9.961249,396.29275768800005,,0.086704,-20.6471,0.5713562143835537,14283676314.815441
1013585,1034649,,,,13211595-0705215,,G,200.316483,-7.089308,611.101349288,,0.12980999999999998,-20.8196,0.5713568331525568,16743259179.21636
1013586,1034650,,,,13213641-0928052,,G,200.401749,-9.468129,406.088562043,,0.08872100000000001,-21.0121,0.5713575719553858,19991252289.946503
1013589,1034653,,,,13220281-0858503,,G,200.511734,-8.980659,396.91364867,,0.086832,-21.1255,0.5713595888218526,22192181722.512688
1013590,1034654,,,,13221449-0859433,,G,200.560394,-8.995379,451.012381283,,0.097905,-20.2449,0.5713599532807441,9861886501.16762
1013591,1034655,,,,13221665-0700453,,G,200.569412,-7.012600999999999,459.834098358,,0.099696,-21.781,0.5713614532713865,40588219466.19196
1013592,1034656,,,,13223800-0914444,,G,200.658371,-9.245685,602.640419855,,0.128154,-20.7533,0.5713620353860641,15751430452.738443
1013596,1034660,,,,13241474-0819566,,G,201.061417,-8.332405,654.622374557,,0.13827799999999998,-21.117,0.5713646290767855,22019122114.8448
1013597,1034661,,,,13235210-0653016,,G,200.967102,-6.883804,492.94627380800006,,0.106383,-20.934,0.5713653166018727,18603728805.950527
1013599,1034663,,,,13245460-0944084,,G,201.227509,-9.735674,370.452649965,,0.081358,-20.7117,0.5713673191112705,15159329751.527794
1013600,1034664,,,,13251399-0919091,,G,201.308319,-9.319218,756.837702425,,0.157851,-21.073,0.5713681005385167,21144625616.526024
1013601,1034665,,,,13260811-0932360,,G,201.533813,-9.543337,430.74546443699995,,0.093775,-20.6401,0.5713686250180553,14191882277.36056
1013602,1034666,,,,13260877-0904320,,G,201.536545,-9.075559,411.01304327800005,,0.08973300000000001,-20.3583,0.5713690296019118,10947627201.461988
1013603,1034667,,,,13261476-0839494,,G,201.561539,-8.663747,558.8900056159999,,0.119539,-20.6146,0.5713695419068591,13862450232.436714
1013608,1034672,,,,13270140-0743342,,G,201.755844,-7.726189999999999,436.986005701,,0.095049,-20.3973,0.5713733673218506,11348017582.09053
1013609,1034673,,,,13271441-0926500,,G,201.810074,-9.44723,359.501269744,,0.079081,-20.1025,0.5713736869820379,8649679187.756956
1013613,1034677,,,,13274716-0858181,,G,201.946518,-8.971721,577.219360538,,0.123159,-20.7977,0.5713759587556807,16408920088.400562
1013614,1034678,,,,13274555-0706522,,G,201.939804,-7.1145,410.428778477,,0.089613,-20.7282,0.5713765275674185,15391466449.979431
1013615,1034679,,,,13281513-0708288,,G,202.063049,-7.14134,540.982007853,,0.115987,-21.0299,0.5713772785823122,20321698325.579624
1013616,1034680,,,,13283359-0922298,,G,202.139984,-9.374949,337.596517122,,0.07450599999999999,-20.932,0.5713779648420971,18569491014.904568
1013619,1034683,,,,13285212-0956300,,G,202.217178,-9.941667,748.313664284,,0.15623499999999998,-21.5044,0.5713808827957896,31460092846.54472
1013620,1034684,,,,13290399-0744419,,G,202.266647,-7.744994,531.554739659,,0.114111,-21.3287,0.5713818717326165,26759623577.410717
1013621,1034685,,,,13285672-0743429,,G,202.236359,-7.7286100000000015,448.84324429300005,,0.097464,-20.0635,0.571382180114282,8344493870.828429
1013622,1034686,,,,13291336-0846043,,G,202.305679,-8.767886,534.642878259,,0.114726,-20.7713,0.5713827719600544,16014743972.676903
1013623,1034687,,,,13291571-0904283,,G,202.315491,-9.074553,516.328625617,,0.111072,-21.4046,0.5713838325037089,28697231421.72517
1013624,1034688,,,,13293641-0949503,,G,202.401718,-9.830659,413.75054620699996,,0.090295,-20.4267,0.5713842633958268,11659501966.242405
1013625,1034689,,,,13291780-0942513,,G,202.324188,-9.714276,505.206605695,,0.108845,-21.1713,0.5713851188732444,23148347856.420742
1016361,1037432,,,,13460843-0723061,,G,206.535156,-7.3850539999999985,410.02471458300005,,0.08953,-19.9641,0.5733757598875862,7614475611.386898
1016362,1037433,,,,13455041-0728092,,G,206.460083,-7.469228,549.513052132,,0.117681,-20.6989,0.5733763135544722,14981662180.599398
1016365,1037436,,,,13461391-0837201,,G,206.557983,-8.622268,370.49600088,,0.081367,-20.2209,0.5733773926564555,9646283022.545963
1016366,1037437,,,,13462213-0753121,,G,206.592239,-7.886713,692.10691793,,0.145506,-21.8719,0.5733790236361336,44132649391.924576
1016367,1037438,,,,13462508-0712331,,G,206.604538,-7.209212,385.898422429,,0.08455800000000001,-20.5084,0.5733794882033398,12570715570.53034
1016368,1037439,,,,13461917-0655331,,G,206.579895,-6.92588,361.120031861,,0.07941799999999999,-20.3593,0.5733798931600036,10957714983.6233
1016369,1037440,,,,13461413-0704011,,G,206.558899,-7.066991000000002,627.836243956,,0.133076,-20.8472,0.5733805278600789,17174337771.01211
1016370,1037441,,,,13461541-0627581,,G,206.56424,-6.466158,352.012440886,,0.07752,-21.3938,0.5733815779066227,28413190295.47258
1016371,1037442,,,,13470030-0712241,,G,206.751251,-7.2066979999999985,475.085860311,,0.102783,-20.6089,0.5733820875290708,13789864538.283468
1016372,1037443,,,,13465814-0747031,,G,206.742279,-7.784198,383.79981778300004,,0.084124,-20.5955,0.5733825909004859,13620717952.990948
1016373,1037444,,,,13470743-0758301,,G,206.780991,-7.97503,404.299427961,,0.088353,-20.4985,0.5733830512509125,12456613801.138914
1016374,1037445,,,,13470791-0809271,,G,206.782974,-8.15753,534.100404486,,0.114618,-20.8631,0.5733836953142079,17427696974.552002
1016375,1037446,,,,13465625-0825371,,G,206.734406,-8.426976,668.246604525,,0.14091199999999998,-21.2087,0.5733845807733979,23959624090.583725
1016376,1037447,,,,13465773-0849001,,G,206.74057,-8.816697999999997,603.482710458,,0.12831900000000002,-21.1953,0.5733854553715387,23665735155.811024
1016377,1037448,,,,13464842-0905291,,G,206.701752,-9.091417,715.055106532,,0.149902,-20.9547,0.573386156130322,18961819143.95099
1016386,1037457,,,,13473746-0950196,,G,206.906097,-9.838801,612.492636739,,0.130082,-21.0555,0.5733920794455575,20806546433.82281
1016387,1037458,,,,13471238-0829477,,G,206.801605,-8.496588000000001,360.71167116,,0.079333,-20.8478,0.5733927144964779,17183831283.71706
1016388,1037459,,,,13471408-0709427,,G,206.808685,-7.161866000000002,453.75872858,,0.098463,-20.7301,0.5733932843044877,15418424553.481472
1016389,1037460,,,,13472207-0704287,,G,206.841995,-7.074642999999999,416.19257931,,0.090796,-20.3125,0.5733936721765951,10495424286.523241
1016390,1037461,,,,13471025-0646597,,G,206.79274,-6.783254,498.255188687,,0.10745,-20.5783,0.5733941676365397,13406641614.425016
1016391,1037462,,,,13473100-0646107,,G,206.879181,-6.769639999999999,367.58780453699995,,0.080763,-19.9238,0.5733944387858785,7337025018.892422
1016392,1037463,,,,13473328-0635107,,G,206.888672,-6.586306,426.954151389,,0.093,-20.4109,0.5733948634529134,11491057557.777996
1016393,1037464,,,,13475592-0644374,,G,206.983002,-6.743731,438.609020306,,0.09538,-20.4834,0.5733953174452789,12284571149.570913
1016394,1037465,,,,13474921-0655294,,G,206.955048,-6.924844,560.224056032,,0.119803,-20.9868,0.5733960392314381,19530798526.557938
1016395,1037466,,,,13475786-0909074,,G,206.991119,-9.152063,342.239295881,,0.075478,-20.3216,0.5733964303681224,10583760411.357143
1016396,1037467,,,,13473793-0934034,,G,206.908066,-9.567619,723.855024868,,0.151582,-20.8293,0.5733970546899941,16893514153.544168
1016397,1037468,,,,13474239-0936084,,G,206.926666,-9.602344,591.720775988,,0.126012,-21.4106,0.5733981211106532,28856257182.911938
1016404,1037475,,,,13483356-0945592,,G,207.139862,-9.766458,372.35575342699997,,0.08175299999999999,-19.9278,0.5734021914276727,7364105471.396144
1016405,1037476,,,,13481678-0924532,,G,207.069946,-9.414801,459.85382287699997,,0.0997,-21.6121,0.5734034753198414,34740814797.206894
1016406,1037477,,,,13481468-0834582,,G,207.061203,-8.582856,558.844534055,,0.11953,-21.5855,0.5734047281394721,33900023557.561787
1016407,1037478,,,,13480849-0816012,,G,207.035385,-8.267023,656.714543156,,0.138683,-20.5689,0.5734052193283786,13291071673.84057
1016408,1037479,,,,13480910-0707382,,G,207.037933,-7.127300999999999,568.0346666969999,,0.121347,-20.7899,0.5734058214005443,16291459758.39924
1016409,1037480,,,,13485328-0751437,,G,207.222,-7.862156,460.60342782099997,,0.099852,-20.8236,0.573406442453381,16805057392.224052
1016410,1037481,,,,13483792-0825237,,G,207.15802,-8.423267,380.533379352,,0.08344800000000001,-20.146,0.5734067751807682,9003264310.597256
1016419,1037490,,,,13492829-0923106,,G,207.367889,-9.386301,859.039461807,,0.177009,-21.2361,0.573413385797386,24571971334.345203
1016420,1037491,,,,13492891-0809286,,G,207.370499,-8.157967999999999,458.67545638400003,,0.099461,-20.7965,0.5734139915405891,16390794298.229519
1016421,1037492,,,,13491605-0702427,,G,207.316879,-7.045195,795.819437442,,0.165205,-21.3001,0.573414954767372,26063935966.65869
1016422,1037493,,,,13493802-0652508,,G,207.408447,-6.880787,514.44369245,,0.110695,-20.9537,0.5734156548810296,18944362703.334282
1016423,1037494,,,,13494091-0654348,,G,207.420486,-6.909678,460.440672514,,0.099819,-20.7959,0.5734162602895791,16381738912.888056
1020790,1041867,,,,13294746-0836313,,G,202.447784,-8.608718,623.033694488,,0.13214,-20.8276,0.5765989498241714,16867083698.16701
1020791,1041868,,,,13295514-0904293,,G,202.479782,-9.074832,1002.35335055,,0.203241,-21.3851,0.5765999914903169,28186425258.80008
1020796,1041873,,,,13301816-0903034,,G,202.575668,-9.050956,586.525544103,,0.124991,-20.8734,0.5766035725957096,17593814148.18037
1020797,1041874,,,,13301114-0902194,,G,202.546417,-9.038735,424.207174987,,0.092438,-20.2339,0.5766039333807734,9762476467.10609
1020798,1041875,,,,13300803-0902084,,G,202.533478,-9.035681,540.705317777,,0.115932,-20.3608,0.576604338897292,10972864088.54943
1020799,1041876,,,,13301624-0750594,,G,202.567688,-7.849846,495.343625921,,0.10686500000000003,-20.9375,0.5766050286422743,18663796908.346733
1020800,1041877,,,,13303124-0746214,,G,202.630188,-7.7726130000000015,610.891671551,,0.129769,-20.9708,0.5766057398697895,19245092374.26651
1020801,1041878,,,,13301879-0746484,,G,202.578323,-7.780123,563.4699826030001,,0.120445,-20.8004,0.5766063477927547,16449776437.53522
1020802,1041879,,,,13301791-0738504,,G,202.574661,-7.6473460000000015,786.7963330810001,,0.163508,-21.6853,0.5766077212291437,37163790225.89467
1020803,1041880,,,,13301024-0700594,,G,202.542694,-7.016514999999999,690.024455077,,0.14510599999999998,-20.9443,0.5766084153075767,18781055669.77572
1020804,1041881,,,,13305821-0904192,,G,202.742569,-9.07201,400.087614317,,0.08748600000000001,-20.5808,0.5766089119096744,13437547115.171326
1020805,1041882,,,,13305458-0931242,,G,202.727417,-9.5234,602.579168722,,0.128142,-20.9121,0.5766095857058627,18232238780.729824
1020808,1041885,,,,13312102-0942348,,G,202.837601,-9.709672,694.5706447580002,,0.145979,-21.3106,0.5766110597788084,26317219334.057674
1020809,1041886,,,,13310695-0756368,,G,202.778961,-7.9435660000000015,791.7391729510001,,0.164438,-21.5439,0.5766122655045968,32625712136.78525
1020810,1041887,,,,13310869-0752468,,G,202.78624,-7.879677,654.818635461,,0.138316,-21.3066,0.5766132345152458,26220441495.802128
1020811,1041888,,,,13314836-0916101,,G,202.951508,-9.269492,477.244713695,,0.103219,-20.2787,0.5766136104985411,10173725133.661238
1020817,1041894,,,,13322172-0938134,,G,203.090515,-9.637077,476.69003416099997,,0.103107,-20.5592,0.5766159021753672,13172857688.580149
1020818,1041895,,,,13323475-0640154,,G,203.144821,-6.670967,383.30193546699996,,0.084021,-21.5477,0.5766171121285041,32740099881.72152
1020819,1041896,,,,13325537-0834354,,G,203.230713,-8.576516999999999,472.304844981,,0.102221,-20.3601,0.5766175173836607,10965791901.680279
1020824,1041901,,,,13332363-0938213,,G,203.348495,-9.639272,681.37671556,,0.143443,-21.0159,0.5766206125185653,20061342844.853367
1020834,1041911,,,,13351359-0938261,,G,203.806656,-9.640608,439.815689112,,0.095626,-21.1314,0.5766283629768754,22313104531.198475
1020835,1041912,,,,13351032-0612211,,G,203.79303,-6.2058860000000005,489.586413443,,0.105707,-21.5421,0.5766295667053937,32571668043.509583
1020836,1041913,,,,13350020-0618561,,G,203.750839,-6.3156089999999985,358.17125126699995,,0.078804,-21.2195,0.5766304610163467,24199143783.392216
1020837,1041914,,,,13354509-0923168,,G,203.937881,-9.388004,539.6691509269999,,0.115726,-20.8786,0.5766311143402526,17678279664.030827
1020851,1041928,,,,13361160-0923349,,G,204.04837,-9.393044,675.800488937,,0.142369,-21.4291,0.576642333695468,29352155531.635094
1020852,1041929,,,,13362352-0816079,,G,204.098022,-8.268872,495.69688323,,0.106936,-20.3561,0.5766427374603564,10925466758.604506
1020853,1041930,,,,13361671-0756509,,G,204.069641,-7.947487,436.66736670800003,,0.094984,-20.4258,0.5766431679954427,11649841052.558313
1020854,1041931,,,,13362566-0613289,,G,204.106949,-6.224705,703.305831148,,0.147654,-21.1097,0.576643976287944,21871572065.80468
1020855,1041932,,,,13363439-0654306,,G,204.143311,-6.9085,300.533493485,,0.066701,-20.9225,0.5766446565692703,18407720014.689583
1020862,1041939,,,,13372224-0911226,,G,204.342667,-9.189614,949.4040475219999,,0.193631,-20.5903,0.5766497727926673,13555639167.610386
1020863,1041940,,,,13365869-0618516,,G,204.244568,-6.314346,456.723793441,,0.099065,-21.0643,0.5766505479833601,20975870832.093147
1020864,1041941,,,,13374769-0815170,,G,204.448746,-8.254747,389.469731324,,0.085296,-20.7424,0.5766511242832675,15594088693.47829
1020865,1041942,,,,13372976-0853170,,G,204.374039,-8.888083,468.50760078,,0.101453,-20.8866,0.5766517824388204,17809019112.775272
1020866,1041943,,,,13373955-0902281,,G,204.41481,-9.041139,449.271073944,,0.097551,-21.2055,0.5766526652921308,23889111638.83684
1020874,1041951,,,,13381255-0828235,,G,204.552292,-8.473219,998.6396489169999,,0.20257,-21.153,0.5766590164246266,22761453931.416473
1020875,1041952,,,,13380759-0608475,,G,204.531647,-6.146554,392.114117616,,0.085842,-21.2671,0.5766599508154181,25283663402.561245
1020876,1041953,,,,13382646-0558528,,G,204.61026,-5.981353,841.553632471,,0.173759,-21.5904,0.5766612093018852,34053362381.710182
1020877,1041954,,,,13383557-0636208,,G,204.648224,-6.6058,380.82318383800003,,0.083508,-21.4016,0.5766622669191941,28618047488.01323
1020878,1041955,,,,13384202-0725018,,G,204.675095,-7.417188,773.2372088469998,,0.160952,-21.3036,0.5766632332560634,26148091739.451324
1020879,1041956,,,,13384593-0802578,,G,204.691391,-8.04941,334.98162420200003,,0.07395800000000001,-21.1791,0.5766640949014157,23315245888.79628
1020880,1041957,,,,13384590-0940168,,G,204.691254,-9.671353,1065.07558114,,0.214507,-21.9799,0.5766658964606656,48748358913.78375
1020886,1041963,,,,13390659-0636552,,G,204.777481,-6.615342,878.013211661,,0.180523,-21.7345,0.5766702284531894,38886602433.123024
1020887,1041964,,,,13391417-0634212,,G,204.809082,-6.5725630000000015,511.38065412699996,,0.110082,-20.6117,0.5766707393915966,13825473050.76385
1020888,1041965,,,,13394634-0836379,,G,204.9431,-8.610541,881.498060043,,0.181167,-21.5901,0.5766719975303791,34043954389.782
1020889,1041966,,,,13393800-0952589,,G,204.908371,-9.883046,903.4347324710001,,0.185211,-21.5375,0.576673196169781,32433961734.93513
1020890,1041967,,,,13394416-0941289,,G,204.934006,-9.691377,1005.01147269,,0.203721,-21.6709,0.5766745515106985,36674145190.79014
1020897,1041974,,,,13395372-0835161,,G,204.973846,-8.587808,433.007352617,,0.094237,-21.5315,0.5766795761081351,32255219376.8909
1020899,1041976,,,,13411494-0956160,,G,205.312256,-9.937797,446.65565326,,0.097019,-20.0629,0.5766803443307825,8339883807.026525
1020900,1041977,,,,13405787-0857521,,G,205.241135,-8.964474000000003,463.618081931,,0.100463,-20.1938,0.5766806920338723,9408491567.4381
1020901,1041978,,,,13410305-0820260,,G,205.262726,-8.340583,417.51904925599996,,0.091068,-20.5124,0.576681158315764,12617113213.3173
1020902,1041979,,,,13411353-0754040,,G,205.306412,-7.901132,543.946258427,,0.116576,-20.9618,0.5766818636720643,19086223275.141327
1020903,1041980,,,,13411699-0706370,,G,205.320801,-7.110296000000001,529.873550909,,0.113776,-20.5549,0.5766823485680066,13120790465.07692
1020904,1041981,,,,13414205-0649284,,G,205.425217,-6.824561,484.482417146,,0.104679,-20.5794,0.5766828445301746,13420231267.932552
1020905,1041982,,,,13414024-0716274,,G,205.417694,-7.274284,505.2265552,,0.108849,-20.6554,0.5766833764529057,14393287488.961956
1020906,1041983,,,,13412101-0752074,,G,205.337555,-7.868728,308.45472842099997,,0.06837599999999999,-20.522,0.5766838468759085,12729167461.935629
1020907,1041984,,,,13413488-0805494,,G,205.39534,-8.097063,325.39730841200003,,0.07194600000000001,-19.9491,0.5766841244178039,7510001089.350123
1020908,1041985,,,,13413292-0934514,,G,205.387207,-9.580953,695.044789615,,0.14607,-21.5801,0.5766853710219007,33731837539.868412
1020909,1041986,,,,13411919-0956544,,G,205.329971,-9.948447,498.543970725,,0.107508,-20.9555,0.5766860722972122,18975795877.20857
1020915,1041992,,,,13420925-0944158,,G,205.538559,-9.737729,624.967426122,,0.132517,-21.3703,0.5766903175841189,27804814370.40897
1020916,1041993,,,,13414985-0856518,,G,205.457718,-8.947733,476.798982976,,0.103129,-20.7647,0.5766909058430775,15917688442.964397
1020917,1041994,,,,13415956-0811128,,G,205.498184,-8.1869,511.795254155,,0.110165,-20.4885,0.5766913619729859,12342410879.36052
1020918,1041995,,,,13423202-0713014,,G,205.633438,-7.2170809999999985,442.367606608,,0.096146,-21.0339,0.5766921157598237,20396704310.278297
1020919,1041996,,,,13422373-0817564,,G,205.598907,-8.299024000000001,1172.6694053,,0.233551,-20.6289,0.5766926348568606,14046237261.128431
1020925,1042002,,,,13431322-0957536,,G,205.805115,-9.964896,415.324771491,,0.090618,-20.2519,0.5766965568993918,9925673838.264414
1020926,1042003,,,,13430938-0829516,,G,205.789108,-8.497678,626.357979851,,0.13278800000000002,-20.9801,0.5766972742451751,19410646480.209026
1022359,1043442,,,,13502760-0816416,,G,207.615005,-8.27823,730.99085004,,0.152942,-21.0536,0.5777457607892487,20770167552.80696
1022360,1043443,,,,13501156-0804576,,G,207.548172,-8.082688000000001,575.149556527,,0.122751,-21.1169,0.5777465744597094,22017094172.142826
1022361,1043444,,,,13501134-0724576,,G,207.547256,-7.4160210000000015,428.494686148,,0.093315,-20.7267,0.5777471424861474,15370217035.210825
1022362,1043445,,,,13501680-0621376,,G,207.570038,-6.360462,960.1451513310001,,0.195588,-21.3237,0.5777481268792223,26636674275.242237
1022363,1043446,,,,13504123-0607244,,G,207.671814,-6.1234660000000005,551.348440385,,0.118045,-20.6561,0.5777486591450072,14402570176.404331
1022364,1043447,,,,13505507-0658274,,G,207.729462,-6.974297,885.933266975,,0.181986,-21.326,0.5777496456256093,26693160636.242958
1022365,1043448,,,,13503584-0804054,,G,207.649338,-8.068187,559.562031355,,0.119672,-21.0442,0.5777504065973861,20591121442.748783
1022366,1043449,,,,13505182-0905044,,G,207.715927,-9.084576,345.538728564,,0.076168,-20.0065,0.5777506992069721,7917717458.183043
1022367,1043450,,,,13504918-0906534,,G,207.704941,-9.114854,916.159252357,,0.187549,-21.6539,0.5777520334918065,36104389019.775406
1022370,1043453,,,,13511742-0715014,,G,207.822601,-7.2504089999999985,1076.64752168,,0.216572,-21.4764,0.5777542578692152,30659142218.708645
1022371,1043454,,,,13513250-0721358,,G,207.885422,-7.359964,341.269167354,,0.075275,-19.7815,0.5777544957112161,6435762368.376451
1022372,1043455,,,,13515375-0813028,,G,207.973999,-8.217466,297.270912471,,0.06601,-20.1638,0.5777548339384312,9152084052.154388
1022373,1043456,,,,13514323-0923278,,G,207.930161,-9.391079,443.19243065,,0.096314,-21.015,0.5777555747172394,20044720273.65168
1022376,1043459,,,,13522586-0840109,,G,208.107758,-8.669709,366.327016865,,0.080501,-20.5083,0.5777573904840909,12569557818.156326
1022377,1043460,,,,13522663-0805309,,G,208.110992,-8.091931,476.576136313,,0.103084,-20.9307,0.5777580759226784,18547270247.251987
1022378,1043461,,,,13523309-0837356,,G,208.137909,-8.626558000000001,342.043337551,,0.075437,-19.4924,0.5777582581647106,4931283830.607071
1022379,1043462,,,,13523106-0922596,,G,208.12944,-9.383224,846.9436113510001,,0.174762,-21.6543,0.5777595929412042,36117692818.74698
1022380,1043463,,,,13523329-0923346,,G,208.138733,-9.392947,923.051340155,,0.188813,-21.7301,0.5777610242342125,38729331431.144295
1022385,1043468,,,,13531554-0733419,,G,208.314789,-7.56165,924.055366293,,0.188997,-21.0485,0.5777666803513125,20672833175.376114
1022386,1043469,,,,13533247-0618545,,G,208.385315,-6.3151519999999985,1059.36823064,,0.213487,-21.4092,0.5777677453977642,28819072528.824436
1022387,1043470,,,,13533031-0732165,,G,208.376312,-7.537928999999999,922.625777691,,0.188735,-21.6491,0.5777690737967942,35945125147.387474
1022388,1043471,,,,13534802-0825125,,G,208.450119,-8.420148,963.733924633,,0.196241,-21.4768,0.5777702072629312,30670439545.03912
1022389,1043472,,,,13534918-0845555,,G,208.454956,-8.765425,393.412778489,,0.08611,-20.6612,0.5777707420347954,14470382129.881353
1022390,1043473,,,,13534595-0855125,,G,208.441483,-8.920149,490.500653877,,0.105891,-20.6922,0.5777712922955631,14889496088.861809
1022393,1043476,,,,13541614-0855331,,G,208.567291,-8.925886,1037.16386666,,0.209509,-21.6482,0.5777737078366749,35915341478.031944
1022394,1043477,,,,13542098-0839371,,G,208.587448,-8.660325,303.137247028,,0.06725199999999999,-20.2292,0.5777740670633262,9720307411.291948
1022395,1043478,,,,13542794-0613566,,G,208.61644,-6.232409,821.4471982910001,,0.170008,-21.3129,0.5777750417130181,26373028251.36
1022396,1043479,,,,13545529-0745246,,G,208.730377,-7.756850999999998,495.050097586,,0.106806,-20.5402,0.5777755200881002,12944342630.929136
1022397,1043480,,,,13542828-0822136,,G,208.617874,-8.370464,287.783879899,,0.063997,-20.1913,0.5777758669914949,9386852637.30696
1022398,1043481,,,,13545555-0911456,,G,208.731461,-9.196017,417.62147971800005,,0.091089,-20.3969,0.5777762862178235,11343837587.94198
1022402,1043485,,,,13551617-0950262,,G,208.817398,-9.840627,369.44608884699994,,0.081149,-20.7528,0.5777809865461467,15744178320.940987
1022403,1043486,,,,13552381-0949292,,G,208.849243,-9.824786,286.503966756,,0.063725,-19.7327,0.5777812139346745,6152902029.153807
1022404,1043487,,,,13550451-0831472,,G,208.768829,-8.529799,389.251870776,,0.085251,-20.7972,0.5777818200685408,16401365241.144428
1022405,1043488,,,,13550067-0815342,,G,208.752792,-8.259522,297.270912471,,0.06601,-20.3488,0.5777822211278023,10852255249.643736
1022406,1043489,,,,13551433-0750532,,G,208.809723,-7.848128,425.80037743599996,,0.092764,-20.964,0.5777829279147972,19124936418.442123
1022407,1043490,,,,13555221-0648033,,G,208.967575,-6.800936,638.944123478,,0.135237,-21.1353,0.5777837554920594,22393398055.46941
1022408,1043491,,,,13554517-0725193,,G,208.938248,-7.42205,425.414233915,,0.092685,-20.7461,0.5777843337592468,15647321285.588675
1022409,1043492,,,,13554087-0727473,,G,208.920319,-7.463162,919.2770292560001,,0.188121,-21.4652,0.5777854551798988,30344500990.79812
1022410,1043493,,,,13554222-0805463,,G,208.925949,-8.096217999999999,451.765220285,,0.098058,-20.7986,0.577786062095847,16422527583.979944
1022411,1043494,,,,13555005-0826443,,G,208.958542,-8.44566,425.88347669,,0.092781,-20.8035,0.5777866717570375,16496811044.727354
1022420,1043503,,,,13555595-0847290,,G,208.983139,-8.791413,462.024123253,,0.10014,-20.9603,0.5777925081273159,19059872889.617058
1022421,1043504,,,,13561186-0824310,,G,209.049438,-8.408635,493.547964771,,0.106504,-21.3076,0.5777934780308678,26244602539.754204
1022422,1043505,,,,13560714-0806100,,G,209.02977,-8.102803,502.788453763,,0.10835999999999997,-21.5569,0.577794698280119,33018702251.790157
1022423,1043506,,,,13564250-0733092,,G,209.177094,-7.552569,365.25424451199996,,0.080278,-20.232,0.5777950584343737,9745407417.663092
1022424,1043507,,,,13562373-0758092,,G,209.098877,-7.969237,511.080969475,,0.110022,-20.7544,0.5777956411391124,15767396903.416925
1022425,1043508,,,,13562736-0821172,,G,209.114014,-8.354792999999999,435.265666764,,0.094698,-20.7448,0.5777962187143292,15628597267.22998
1022429,1043512,,,,13570952-0800477,,G,209.289673,-8.013277,652.675723639,,0.137901,-21.3755,0.5777988094182539,27938301513.625256
1022430,1043513,,,,13570177-0756587,,G,209.257416,-7.9496660000000015,306.878512695,,0.06804299999999999,-19.4958,0.5777989922318745,4946750427.781167
1022431,1043514,,,,13571909-0611047,,G,209.329544,-6.184663,855.650590016,,0.17638,-20.8335,0.5777996189735147,16958990621.092552
1022432,1043515,,,,13573694-0702231,,G,209.403946,-7.039762,403.99808108400003,,0.088291,-20.2829,0.577799996414059,10213156810.072971
1022433,1043516,,,,13573297-0921591,,G,209.387405,-9.366428,1060.94557768,,0.213769,-21.5405,0.5778011983700038,32523704009.529877
1022440,1043523,,,,13580949-0746575,,G,209.539566,-7.782661999999998,1968.01046112,,0.365333,-21.6651,0.5778060925518179,36478754355.27977
1022441,1043524,,,,13581231-0733555,,G,209.5513,-7.565438,319.322821644,,0.070668,-20.4361,0.5778065271906748,11760884908.306808
1022442,1043525,,,,13575899-0706245,,G,209.495819,-7.106832000000002,539.317114065,,0.115656,-20.6422,0.5778070526856284,14219358374.45815
1022443,1043526,,,,13583069-0741260,,G,209.627914,-7.6905649999999985,392.293383567,,0.085879,-20.9111,0.5778077258615132,18215453999.102642
1022444,1043527,,,,13583331-0836300,,G,209.638824,-8.608343,364.311618245,,0.080082,-20.9184,0.5778084035787786,18338339136.15493
1022445,1043528,,,,13582069-0854180,,G,209.586243,-8.905005000000003,1389.3609421,,0.270917,-21.5861,0.5778096570909342,33918762580.203037
1022446,1043529,,,,13582373-0902470,,G,209.598877,-9.046395,1079.18916664,,0.217025,-21.3865,0.5778107001011205,28222793621.181164
1022447,1043530,,,,13582066-0943190,,G,209.58609,-9.721949,397.45701243,,0.08694400000000001,-20.5565,0.5778111857121585,13140140230.390398
1022454,1043537,,,,13590354-0909454,,G,209.764771,-9.162618,716.656718938,,0.15020799999999998,-21.0996,0.5778171656309787,21669056402.060947
1022455,1043538,,,,13590580-0744514,,G,209.77417000000003,-7.747617,846.8629612589999,,0.174747,-21.3211,0.5778181476695591,26572964051.28064
1022456,1043539,,,,13590288-0611104,,G,209.762009,-6.18623,654.937429115,,0.13833900000000002,-21.253,0.5778190700042629,24957437948.315792
1022457,1043540,,,,13592129-0611111,,G,209.83873,-6.186441,292.87528012900003,,0.065078,-20.1224,0.5778193955773894,8809677291.448406
1022458,1043541,,,,13591910-0756151,,G,209.829605,-7.937550999999999,833.1281988689999,,0.172189,-21.5286,0.5778205844314618,32169180683.384293
1022459,1043542,,,,13594187-0825191,,G,209.924469,-8.421996,442.53943052,,0.096181,-21.0508,0.5778213500431408,20716672473.990623
1022460,1043543,,,,13593108-0900401,,G,209.879517,-9.011166,1360.07982664,,0.26594,-22.0068,0.5778231967950208,49971225470.04887
1022461,1043544,,,,13593980-0921341,,G,209.915848,-9.359497,333.775026367,,0.07370499999999999,-21.6443,0.57782451933421,35786563820.63865
1065284,1086526,,,,13235742-0156215,,G,200.989273,-1.939322,362.129118435,,0.07962799999999999,-20.7323,0.6087091669598785,15449698193.667143
1065285,1086527,,,,13235875-0145535,,G,200.994827,-1.764878,784.66129471,,0.163106,-21.7174,0.6087105816083994,38278948547.864334
1065427,1086670,,,,13371242-0541337,,G,204.301773,-5.692698,907.93759002,,0.186039,-21.8433,0.6088263540471724,42985303752.96938
1066270,1087514,,,,13332755-0728163,,G,203.364792,-7.471213,552.276524541,,0.118229,-20.8238,0.6094203229873406,16808153283.328484
1066271,1087515,,,,13332532-0718553,,G,203.355515,-7.315382,447.91889891,,0.097276,-20.956,0.6094210245856758,18984536566.615017
1066272,1087516,,,,13334271-0731055,,G,203.427963,-7.518213999999999,381.451171148,,0.083638,-21.1152,0.6094218369831225,21982647708.265472
1066273,1087517,,,,13334290-0759175,,G,203.428787,-7.988214,562.761935728,,0.120305,-21.0866,0.6094226282601362,21411150294.71138
1066274,1087518,,,,13333119-0803515,,G,203.379974,-8.064322,725.4911122980002,,0.151894,-21.7692,0.6094241120368458,40149486948.10588
1066275,1087519,,,,13333312-0902575,,G,203.388,-9.049322,465.52871942900003,,0.10085,-19.8637,0.6094243685847963,6941926322.258715
1066279,1087523,,,,13342557-0944162,,G,203.606552,-9.737851,830.7051424189999,,0.171737,-21.1272,0.6094281324598383,22226956522.90112
1066280,1087524,,,,13340473-0925482,,G,203.519745,-9.430083,530.560999296,,0.113913,-21.0967,0.609428931132005,21611255607.697502
1066281,1087525,,,,13340460-0929512,,G,203.51918,-9.497583,489.690745596,,0.105728,-21.1386,0.6094297612284422,22461564365.752285
1066287,1087531,,,,13401613-0806570,,G,205.06723,-8.115844000000001,586.001789389,,0.124888,-21.3705,0.6094330461790237,27809936678.263126
1066288,1087532,,,,13401815-0719070,,G,205.075638,-7.318619,513.019318988,,0.11041,-20.3257,0.6094334387955261,10623802783.24743
1066289,1087533,,,,13400642-0641400,,G,205.026779,-6.694467,625.372745255,,0.132596,-21.0207,0.6094341834735709,20150229644.764885
1067191,1088435,,,,13384437-0459419,,G,204.684906,-4.994999,481.798972292,,0.104138,-20.3673,0.6100781227693071,11038752598.35074
1067192,1088436,,,,13383700-0438290,,G,204.654175,-4.641394,1384.41597335,,0.27007800000000004,-22.0023,0.610079961882881,49764540686.369385
1067193,1088437,,,,13385633-0518170,,G,204.734741,-5.304743,428.03979739199997,,0.093222,-20.2534,0.6100803292062423,9939396140.28292
1067194,1088438,,,,13401116-0436239,,G,205.046524,-4.6066650000000005,351.691355942,,0.077453,-19.9908,0.6100806176150704,7804049223.257681
1067195,1088439,,,,13572395-0501543,,G,209.349823,-5.031774,582.504948258,,0.1242,-21.0795,0.6100814037345352,21271592273.62983
1067196,1088440,,,,13575168-0100254,,G,209.465347,-1.007078,954.511231243,,0.194562,-21.0899,0.6100821974202246,21476326607.43048
1102230,1123572,,,47527,,,G,202.796,-1.72725,376.704,,0.08265478132739999,-21.99,0.6351523168823191,49203953568.14511
1102235,1123577,,,3112302,,,G,200.264,-0.12387,628.058,,0.13311927656,-20.88,0.6351623676754005,17701089583.174183
1102257,1123599,,,3275006,,,G,205.116,-3.11602,874.9839999999998,,0.179962949981,-21.4,0.6351850115670132,28575905433.749557
1102655,1124045,,,118889,13551123-0245175,,G,208.796814,-2.754874,522.396,,0.112284326142,-20.8,0.6354413938647391,16443717232.149357
1102664,1124054,,,1113225,13524587-0140091,,G,208.191162,-1.669203,353.18300000000005,,0.0777642988821,-19.57,0.6354447909955991,5296634438.916602
1102667,1124057,,,1128575,13541268-0101450,,G,208.552872,-1.029178,698.232,,0.146681503341,-20.74,0.6354469419314982,15559656316.05075
1103224,1124614,,,3107625,13524625-0101357,,G,208.192734,-1.026587,704.693,,0.14791966396,-20.93,0.6357383334191891,18535316234.148144
1103671,1125061,,,117997,13221937-0554233,,G,200.580734,-5.906489,469.894,,0.101733500867,-19.72,0.6362378082091994,6081350012.7871895
1103675,1125065,,,118161,13375202-0354136,,G,204.466782,-3.903785,907.821,,0.186017673009,-20.83,0.6362409077468834,16904409316.4327
1103677,1125067,,,118476,13481046-0318296,,G,207.04361,-3.3082230000000004,870.9639999999998,,0.17921891960900002,-20.71,0.6362419587900046,15135612484.362131
1103678,1125068,,,118576,13462936-0256447,,G,206.622345,-2.945765,409.261,,0.08937310468660001,-19.44,0.6362421324455073,4698941086.05216
1103679,1125069,,,118588,13471170-0341535,,G,206.798767,-3.698195,1037.53,,0.209574644787,-20.83,0.6362427571700241,16904409316.4327
1103680,1125070,,,118652,13444323-0605313,,G,206.18013,-6.0920489999999985,337.287,,0.07444125722060001,-20.89,0.6362434173898319,17864875748.52061
1103684,1125074,,,119017,13593290-0650491,,G,209.887085,-6.846997999999999,874.9839999999998,,0.179962949981,-22.897,0.6362550637644304,113448824421.11658
1104927,1126317,,,1060944,13453184-0414280,,G,206.38269,-4.24112,519.996,,0.111805105903,-20.55,0.6372427030648391,13061708881.318405
1104940,1126330,,,1073936,13322181-0315175,,G,203.090912,-3.254869,851.138,,0.175541817771,-19.92,0.6372511549460373,7311390834.834217
1104941,1126331,,,1074031,13495459-0314541,,G,207.477493,-3.248362,373.25,,0.0819384709692,-20.38,0.6372515676974324,11168632477.805613
1104974,1126364,,,1114250,13564932-0137357,,G,209.205505,-1.626587,688.6519999999998,,0.144842322421,-20.65,0.6372733118925339,14321878992.735456
1105010,1126400,,,1127440,13273366-0104236,,G,201.890274,-1.0732469999999998,981.748,,0.199512279756,-21.28,0.6372964660710091,25585858869.05653
1105040,1126430,,,1134397,13481740-0048006,,G,207.072525,-0.800168,527.23,,0.113248856624,-20.19,0.6373141261433977,9375620069.258831
1105065,1126455,,,1141321,13560045-0031094,,G,209.001877,-0.519304,666.807,,0.140634130317,-20.61,0.6373271312853116,13803842646.028866
1105066,1126456,,,1141965,13224808-0029375,,G,200.700363,-0.493769,381.944,,0.08374006187000001,-19.34,0.6373272896610125,4285485203.9743924
1105111,1126501,,,1154245,13355268-0000343,,G,203.969528,-0.009532,812.831,,0.16839593419799995,-21.34,0.6373529861351889,27039583641.088463
1112109,1133499,,,3092754,13491261-0415458,,G,207.302551,-4.262743,337.287,,0.07444125722060001,-20.23,0.6444375530662038,9727472237.76964
1112296,1133686,,,3105810,13243288-0326289,,G,201.137039,-3.441371,532.1080000000002,,0.114221157111,-20.03,0.6445202866952421,8090958991.783845
1112319,1133709,,,3106795,13200596-0125296,,G,200.024841,-1.42489,648.634,,0.137117678559,-20.44,0.6445287038861107,11803206356.517323
1112329,1133719,,,3107261,13570252-0107097,,G,209.260529,-1.119365,685.488,,0.144233952117,-20.63,0.6445339030756816,14060475241.29913
1112338,1133728,,,3107627,13401132-0101350,,G,205.047195,-1.026389,827.942,,0.17122127561099998,-20.7,0.6445369320052579,14996848355.02374
1112378,1133768,,,3110029,13443565-0033358,,G,206.148575,-0.559971,341.9790000000001,,0.0754236377118,-19.2,0.6445546285024971,3767037989.8390775
1112389,1133779,,,3110575,13551330-0026595,,G,208.80542,-0.449875,483.059,,0.104392102196,-19.44,0.6445598215179362,4698941086.05216
1112393,1133783,,,3110779,13510705-0024410,,G,207.779388,-0.411397,695.0239999999999,,0.146065993033,-20.36,0.6445619510938952,10964781961.431871
1112397,1133787,,,3110928,13510038-0022510,,G,207.751602,-0.380836,698.232,,0.146681503341,-20.35,0.6445633142680037,10864256236.170687
1114340,1135730,,,3272823,13322362-0316385,,G,203.098434,-3.277368,544.503,,0.116686558343,-19.78,0.6454620088540727,6426877173.17022
1114341,1135731,,,3272829,13322445-0421575,,G,203.101898,-4.365979,903.649,,0.185250332625,-20.77,0.6454625999916261,15995580286.146713
1114342,1135732,,,3272849,13315352-0259524,,G,202.973022,-2.997893,820.352,,0.16980335490200002,-20.8,0.6454632076906655,16443717232.149357
1114343,1135733,,,3272896,13310011-0404293,,G,202.750473,-4.07481,707.946,,0.148542524271,-19.92,0.6454634778926595,7311390834.834217
1114344,1135734,,,3272912,13304133-0350373,,G,202.672226,-3.843701,564.937,,0.12073494036699997,-19.75,0.6454637089333904,6251726927.756875
1114345,1135735,,,3273041,13284735-0332111,,G,202.197327,-3.536435,501.187,,0.108038544019,-19.54,0.6454638993428629,5152286445.817583
1114346,1135736,,,3273466,13210198-0425196,,G,200.258286,-4.42212,1180.32,,0.234892257446,-21.65,0.6454652288435001,35974933515.57431
1114349,1135739,,,3274095,13240877-0439005,,G,201.036575,-4.650155000000002,389.045,,0.08520817260410002,-18.79,0.6454663127002944,2582260190.634601
1114350,1135740,,,3274205,13205349-0530546,,G,200.2229,-5.515176,1419.06,,0.275943287972,-21.59,0.6454675707232034,34040818970.100086
1114353,1135743,,,3274437,13493138-0428518,,G,207.380753,-4.481076,426.58,,0.0929235764618,-19.64,0.6454688750566651,5649369748.123057
1114354,1135744,,,3274452,13485264-0404046,,G,207.21936,-4.0679680000000005,426.58,,0.0929235764618,-19.5,0.6454690585788411,4965923214.503378
1114355,1135745,,,3274620,13454665-0427208,,G,206.444382,-4.455782,916.22,,0.18756012378,-20.85,0.6454696949178537,17218685749.86016
1114356,1135746,,,3274652,13452529-0312060,,G,206.355377,-3.201677,510.505,,0.109906704953,-20.05,0.6454699994888541,8241381150.13003
1114357,1135747,,,3274659,13452221-0420400,,G,206.342575,-4.344454,981.748,,0.199512279756,-20.71,0.6454705588451746,15135612484.362131
1114358,1135748,,,3274766,13434676-0506473,,G,205.944839,-5.113143,426.58,,0.0929235764618,-19.98,0.645470844399373,7726805850.957022
1114359,1135749,,,3274783,13433184-0448046,,G,205.882675,-4.801289,524.807,,0.112765646383,-19.36,0.6454710057194979,4365158322.401666
1114363,1135753,,,3276277,13534677-0448270,,G,208.444901,-4.80751,874.9839999999998,,0.179962949981,-20.52,0.6454725401670431,12705741052.085394
1114451,1135841,,,3299052,13321242-0036095,,G,203.051788,-0.60265,1037.53,,0.209574644787,-20.93,0.6455118001705902,18535316234.148144
1114452,1135842,,,3299367,13215512-0020259,,G,200.479691,-0.34054,820.352,,0.16980335490200002,-20.79,0.6455124022982113,16292960326.397282
1114453,1135843,,,3299446,13203284-0111117,,G,200.136856,-1.18659,1000.0,,0.202815791408,-21.14,0.6455132334657046,22490546058.357918
1114457,1135847,,,3301152,13452656-0103490,,G,206.360687,-1.0636219999999998,874.9839999999998,,0.179962949981,-20.95,0.6455150804034241,18879913490.962925
1114458,1135848,,,3301328,13400106-0122300,,G,205.00444,-1.375004,478.63,,0.103498551749,-19.57,0.6455152761474651,5296634438.916602
1114459,1135849,,,3301552,13495840-0136101,,G,207.493347,-1.602807,765.597,,0.15950851975400002,-20.55,0.6455157588599703,13061708881.318405
1114460,1135850,,,3301565,13492482-0146518,,G,207.353455,-1.781077,903.649,,0.185250332625,-20.95,0.645516456591823,18879913490.962925
1114461,1135851,,,3301590,13484324-0150367,,G,207.180176,-1.843529,899.498,,0.184486562243,-20.85,0.6455170929308357,17218685749.86016
1114462,1135852,,,3301668,13455832-0239368,,G,206.493011,-2.6602240000000004,990.832,,0.201157840579,-20.93,0.645517777927647,18535316234.148144
1114463,1135853,,,3301687,13451728-0148240,,G,206.322037,-1.806676,701.455,,0.14729932365,-20.19,0.6455181244159275,9375620069.258831
1114464,1135854,,,3301711,13444364-0150309,,G,206.181854,-1.841917,887.1560000000002,,0.182211631106,-20.78,0.6455187210232093,16143585568.264938
1114465,1135855,,,3301844,13392711-0152466,,G,204.862961,-1.879636,407.38,,0.0889864944932,-19.38,0.6455188853424993,4446312674.691084
1114466,1135856,,,3301967,13344572-0235258,,G,203.690536,-2.590517,827.942,,0.17122127561099998,-20.58,0.6455193815788219,13427649611.378641
1115461,1136851,,,6dFJ1358267-081209,13582671-0812090,,G,209.611328,-8.202508,717.794,,0.150425175213,-22.109,0.646319963285111,54903496102.52073
1119349,1140739,,,SDSSJ134421.55-002616.2,13442155-0026169,,G,206.089798,-0.438028,401.791,,0.0878367439184,-19.67,0.6536705887014663,5807644175.2131605
1122833,1276963,,,3108069,,,G,207.002,-0.93121,385.478,,0.08447107223549999,-19.58,0.6563670356018872,5345643593.969735
1122840,1276970,,,1100944,,,G,203.19,-2.12947,309.03,,0.0684974142487,-19.81,0.656369296597111,6606934480.075964
1122848,1276978,,,1100123,,,G,202.072,-2.15871,381.944,,0.08374006187000001,-20.1,0.6563718321522736,8629785477.669737
1122989,1277120,,,1150204,,,G,207.072,-0.16752,322.107,,0.071254085627,-19.95,0.6564265596799184,7516228940.182045
1122995,1277126,,,1117142,,,G,203.573,-1.50325,394.457,,0.08632537316269999,-19.73,0.6564287063953832,6137620051.647945
1122996,1277127,,,1122430,,,G,207.908,-1.28207,401.791,,0.0878367439184,-20.2,0.6564290560896803,9462371613.657913
1123125,1277256,,,1127096,,,G,200.979,-1.08718,369.828,,0.08122825061410001,-19.97,0.6564794823954675,7655966069.112569
1123134,1277265,,,1144965,,,G,209.115,-0.37311,311.889,,0.0691009545505,-19.93,0.6564815567987443,7379042301.291045
1123144,1277275,,,1142314,,,G,201.02,-0.47902,338.844,,0.07476738738369999,-19.62,0.6564860984544645,5546257129.579103
1123298,1277429,,,105280,,,G,207.044,-2.88838,341.9790000000001,,0.0754236377118,-19.61,0.6565484421278973,5495408738.576271
1123374,1277505,,,1090357,,,G,208.722,-2.49881,691.831,,0.145453002727,-20.99,0.6565804797325798,19588446735.05989
1123375,1277506,,,1104442,,,G,205.853,-1.99661,809.096,,0.167696213848,-21.6,0.6565817493958314,34355794789.987568
1123376,1277507,,,1112015,,,G,203.41,-1.71472,657.658,,0.138865509433,-21.38,0.6565827861804603,28054336379.51716
1123378,1277509,,,1118124,,,G,201.52,-1.46088,381.944,,0.08374006187000001,-19.9,0.6565836647727215,7177942912.713644
1123399,1277530,,,1133046,,,G,203.802,-0.8539,389.045,,0.08520817260410002,-20.0,0.6565934198014398,7870457896.951001
1123406,1277537,,,1134740,,,G,205.807,-0.78679,401.791,,0.0878367439184,-20.68,0.6565968380897931,14723125024.327225
1123414,1277545,,,1135589,,,G,203.121,-0.75176,469.894,,0.101733500867,-20.07,0.656601189457864,8394599865.193998
1123416,1277547,,,1135785,,,G,205.286,-0.74483,399.945,,0.0874566437283,-20.36,0.6566018828720961,10964781961.431871
1123422,1277553,,,1136853,,,G,202.649,-0.70167,392.645,,0.0859515729758,-20.37,0.6566044101278521,11066237839.776676
1123473,1277604,,,1142610,,,G,209.13,-0.46755,933.254,,0.190681145341,-21.78,0.6566304025544807,40550853544.8386
1123480,1277611,,,1146946,,,G,205.618,-0.29387,409.261,,0.08937310468660001,-20.16,0.6566343280804612,9120108393.559114
1123483,1277614,,,1149782,,,G,200.492,-0.18458,374.973,,0.0822958911479,-20.33,0.6566358603729319,10665961212.302591
1124000,1278131,,,1127121,,,G,204.348,-1.0867,317.687,,0.0703233651617,-19.43,0.6568555932425972,4655860935.229601
1124143,1278275,,,1142740,,,G,201.068,-0.4623100000000001,374.973,,0.0822958911479,-19.97,0.6569117296495686,7655966069.112569
1124160,1278292,,,105411,,,G,209.016,-3.39451,343.55800000000005,,0.0757537578769,-19.82,0.6569179927793698,6668067692.136246
1124306,1278438,,,118231,,,G,203.28,-3.15026,300.608,,0.0667168233584,-19.68,0.6569709752549692,5861381645.140297
1124439,1278571,,,3106562,,,G,200.756,-1.7724799999999998,343.55800000000005,,0.0757537578769,-19.52,0.6570170778574383,5058246620.031148
1124697,1278829,,,1107494,,,G,209.937,-1.88063,331.131,,0.0731503865752,-20.44,0.6571161752396611,11803206356.517323
1124881,1279013,,,1089937,,,G,201.622,-2.51402,353.18300000000005,,0.0777642988821,-20.05,0.6571864091337829,8241381150.13003
1124888,1279020,,,1113294,,,G,203.259,-1.6660700000000002,366.4380000000001,,0.08052412026210001,-19.81,0.657188981743539,6606934480.075964
1124889,1279021,,,1112353,,,G,206.598,-1.70169,401.791,,0.0878367439184,-20.27,0.6571893547261198,10092528860.766834
1124892,1279024,,,49073,,,G,207.433,-3.0039,373.25,,0.0819384709692,-19.73,0.6571900691323513,6137620051.647945
1124933,1279065,,,1097180,,,G,205.617,-2.2595,371.535,,0.0815827307914,-20.7,0.6572049764605402,14996848355.02374
1125034,1279166,,,117922,,,G,200.975,-3.1906,340.408,,0.0750947775474,-19.58,0.6572423972016209,5345643593.969735
1125070,1279202,,,3108110,,,G,203.764,-0.92151,322.107,,0.071254085627,-19.71,0.6572591669905669,6025595860.743593
1125161,1279293,,,3112240,,,G,206.301,-0.13437000000000002,399.945,,0.0874566437283,-19.96,0.6572984689351804,7585775750.291882
1125213,1279345,,,46690,,,G,200.565,-2.88933,310.456,,0.06879855439930001,-19.69,0.6573172151022221,5915616341.754743
1125225,1279357,,,105208,,,G,204.84,-2.82826,444.631,,0.0966069783035,-20.83,0.6573209985711651,16904409316.4327
1125264,1279396,,,1098820,,,G,209.736,-2.2030000000000003,331.131,,0.0731503865752,-19.94,0.6573348280941884,7447319739.059889
1125305,1279437,,,1121278,,,G,206.717,-1.33005,405.509,,0.0886017743009,-20.4,0.657347478002944,11376272858.234331
1125320,1279452,,,1115084,,,G,200.866,-1.59262,343.55800000000005,,0.0757537578769,-19.96,0.6573528792800177,7585775750.291882
1125349,1279481,,,1079045,,,G,207.674,-2.9617,338.844,,0.07476738738369999,-20.13,0.6573642981297225,8871560120.37962
1125383,1279515,,,1114251,,,G,209.428,-1.62655,679.204,,0.143024771512,-20.43,0.6573767248245319,11694993910.198748
1125446,1279578,,,1108690,,,G,209.565,-1.83737,492.04,,0.1062006231,-20.08,0.6574037961269733,8472274141.40598
1125528,1279660,,,3109709,,,G,205.65,-0.62831,319.154,,0.07063248531619999,-19.44,0.6574384542686669,4698941086.05216
1125902,1280034,,,1125984,,,G,200.616,-1.13213,385.478,,0.08447107223549999,-20.23,0.6579862949622236,9727472237.76964
1125912,1280044,,,118139,,,G,204.122,-2.86696,424.62,,0.0925224762612,-20.23,0.6579900873068223,9727472237.76964
1126028,1280160,,,118894,,,G,208.83,-3.2967,338.844,,0.07476738738369999,-19.53,0.658028669551909,5105049999.754086
1126157,1280289,,,1101925,,,G,201.256,-2.09302,642.688,,0.135964147982,-20.91,0.6580747059477383,18197008586.099827
1126169,1280301,,,1084732,,,G,203.207,-2.71007,682.3389999999998,,0.143628101814,-21.32,0.6580800637852728,26546055619.75547
1126242,1280374,,,1122983,,,G,204.332,-1.2606,359.749,,0.0791326595663,-20.25,0.6581079068932306,9908319448.927729
1126324,1280456,,,1149772,,,G,200.764,-0.18526,356.451,,0.07844553922280001,-20.22,0.6581397691179635,9638290236.239744
1126334,1280466,,,118573,,,G,206.578,-3.44294,418.794,,0.0913292556646,-20.2,0.6581435838245991,9462371613.657913
1126346,1280478,,,3299820,,,G,202.798,-2.0024,378.443,,0.0830151415076,-19.57,0.6581492726027256,5296634438.916602
1126422,1280554,,,1078183,,,G,203.881,-3.00701,338.844,,0.07476738738369999,-19.87,0.6581759667428002,6982324040.771733
1126545,1280677,,,1099091,,,G,202.177,-2.19423,300.608,,0.0667168233584,-19.56,0.6582180369542537,5248074602.497712
1126623,1280755,,,1098102,,,G,209.717,-2.2266,331.131,,0.0731503865752,-19.43,0.6582470339858575,4655860935.229601
1126719,1280851,,,1118809,,,G,202.099,-1.43131,387.258,,0.08483899241949999,-19.82,0.6582780090173111,6668067692.136246
1126789,1280921,,,47523,,,G,202.795,-1.73027,376.704,,0.08265478132739999,-21.76,0.6583206050180047,39810717055.34985
1126806,1280938,,,1120926,,,G,203.38,-1.34419,374.973,,0.0822958911479,-20.43,0.6583273304774954,11694993910.198748
1126882,1281014,,,47440,,,G,202.546,-2.10378,389.045,,0.08520817260410002,-21.13,0.6583731756181456,22284351492.702984
1126919,1281051,,,95630,,,G,202.579,-2.10982,394.457,,0.08632537316269999,-19.75,0.6583893984043864,6251726927.756875
1126920,1281052,,,95641,,,G,202.704,-1.89881,413.048,,0.0901507350754,-19.6,0.6583895996324508,5445026528.424242
1126932,1281064,,,105308,,,G,208.299,-2.85784,463.447,,0.100428350214,-20.13,0.6583946439866969,8871560120.37962
1126957,1281089,,,117870,,,G,201.885,-2.77324,289.7340000000001,,0.06441123220560001,-19.69,0.6584045337400747,5915616341.754743
1126958,1281090,,,117915,,,G,200.763,-2.88542,411.15,,0.08976118488060003,-19.66,0.6584047464014166,5754399373.371567
1126959,1281091,,,118171,,,G,204.642,-2.93522,401.791,,0.0878367439184,-19.76,0.6584049795799409,6309573444.801943
1126960,1281092,,,118493,,,G,207.483,-3.21018,376.704,,0.08265478132739999,-20.24,0.6584053423977111,9817479430.199823
1126961,1281093,,,118546,,,G,205.84,-3.38208,899.498,,0.184486562243,-22.18,0.6584075085478246,58613816451.40298
1126963,1281095,,,118901,,,G,208.979,-2.73983,422.669,,0.0921230560615,-19.62,0.6584082052037987,5546257129.579103
1127042,1281174,,,1070627,,,G,200.023,-3.48811,338.844,,0.07476738738369999,-19.9,0.6584433206463071,7177942912.713644
1127044,1281176,,,1071312,,,G,203.231,-3.4366,494.311,,0.106657373329,-20.15,0.6584440310355143,9036494737.223042
1127067,1281199,,,1083324,,,G,203.93400000000003,-2.76983,492.04,,0.1062006231,-20.88,0.6584541521478241,17701089583.174183
1127068,1281200,,,1083672,,,G,201.9,-2.75502,385.478,,0.08447107223549999,-20.44,0.6584545883507253,11803206356.517323
1127073,1281205,,,1086735,,,G,203.191,-2.63026,887.1560000000002,,0.182211631106,-21.21,0.6584571981164214,23988329190.195045
1127075,1281207,,,1089068,,,G,207.924,-2.54388,331.131,,0.0731503865752,-19.8,0.6584580533677759,6546361740.672761
1127089,1281221,,,1096147,,,G,205.504,-2.2924,476.431,,0.103054611527,-20.6,0.6584649297506444,13677288255.958578
1127091,1281223,,,1097823,,,G,200.243,-2.2375700000000003,426.58,,0.0929235764618,-20.5,0.6584657812982163,12473835142.429485
1127092,1281224,,,1098396,,,G,208.49400000000003,-2.21726,494.311,,0.106657373329,-20.19,0.6584661277864969,9375620069.258831
1127094,1281226,,,1099142,,,G,202.783,-2.19274,306.196,,0.0678987039494,-19.33,0.6584666974615957,4246195639.4631295
1127097,1281229,,,1099963,,,G,209.512,-2.165,452.898,,0.0982882391441,-20.51,0.6584677250695572,12589254117.941713
1127100,1281232,,,1100598,,,G,204.404,-2.14155,311.889,,0.0691009545505,-20.04,0.6584688231347423,8165823713.585939
1127105,1281237,,,1102273,,,G,201.311,-2.0804400000000003,619.441,,0.13143906572,-20.99,0.6584715034286601,19588446735.05989
1127111,1281243,,,1104412,,,G,208.226,-1.99761,463.447,,0.100428350214,-20.46,0.6584740118754638,12022644346.17418
1127117,1281249,,,1107161,,,G,202.849,-1.89291,398.107,,0.08707801353900001,-20.15,0.6584767367501221,9036494737.223042
1127120,1281252,,,1107347,,,G,203.05900000000003,-1.88587,373.25,,0.0819384709692,-19.98,0.65847765395535,7726805850.957022
1127122,1281254,,,1107614,,,G,200.764,-1.87558,381.944,,0.08374006187000001,-20.6,0.6584787615450157,13677288255.958578
1127141,1281273,,,1114537,,,G,208.885,-1.61484,682.3389999999998,,0.143628101814,-21.12,0.6584881634494955,22080047330.18906
1127142,1281274,,,1114758,,,G,203.759,-1.60647,380.189,,0.0833767616884,-19.83,0.6584884121568052,6729766562.843196
1127147,1281279,,,1116716,,,G,200.698,-1.52044,383.707,,0.0841048320524,-20.16,0.6584901413252475,9120108393.559114
1127152,1281284,,,1117881,,,G,200.131,-1.47137,369.828,,0.08122825061410001,-19.77,0.6584922698835276,6367955209.079162
1127155,1281287,,,1118097,,,G,201.793,-1.46177,392.645,,0.0859515729758,-20.08,0.6584936049576214,8472274141.40598
1127159,1281291,,,1119016,,,G,208.518,-1.42255,669.885,,0.141228220614,-21.46,0.6584957871093139,30199517204.020317
1127161,1281293,,,1119529,,,G,203.648,-1.40066,396.278,,0.0867008533504,-20.13,0.6584968730031642,8871560120.37962
1127170,1281302,,,1123502,,,G,204.688,-1.23937,399.945,,0.0874566437283,-20.49,0.6585004921804336,12359474334.445068
1127184,1281316,,,1125418,,,G,209.812,-1.15511,672.977,,0.141824620912,-21.23,0.6585058522986587,24434305526.939716
1127196,1281328,,,1127017,,,G,203.498,-1.09054,343.55800000000005,,0.0757537578769,-20.03,0.6585112147844148,8090958991.783845
1127260,1281392,,,1145729,,,G,209.246,-0.34253,478.63,,0.103498551749,-20.49,0.6585519607465309,12359474334.445068
1127262,1281394,,,1145984,,,G,209.215,-0.33138,483.059,,0.104392102196,-21.0,0.6585532770794446,19769696401.11866
1127272,1281404,,,1147199,,,G,209.082,-0.28484,309.03,,0.0684974142487,-19.74,0.6585571639403806,6194410750.767812
1127280,1281412,,,1148219,,,G,206.069,-0.24463,319.154,,0.07063248531619999,-20.03,0.6585621453070137,8090958991.783845
1127286,1281418,,,1148828,,,G,200.81,-0.22099,369.828,,0.08122825061410001,-19.83,0.6585647393408789,6729766562.843196
1127306,1281438,,,1150534,,,G,201.754,-0.1555,349.945,,0.0770885185443,-20.1,0.6585732825191295,8629785477.669737
1127310,1281442,,,1151290,,,G,200.628,-0.12659,378.443,,0.0830151415076,-20.12,0.6585754620919999,8790225168.308859
1127314,1281446,,,1151690,,,G,208.57,-0.11055,476.431,,0.103054611527,-20.64,0.6585777620784251,14190575216.890957
1133033,1287167,,,3106396,,,G,200.3,-2.06208,534.564,,0.114710247355,-20.96,0.6610545165683797,19054607179.632526
1133048,1287182,,,3106999,,,G,200.291,-1.20165,374.973,,0.0822958911479,-20.2,0.6610601879580356,9462371613.657913
1133051,1287185,,,3107334,,,G,204.413,-1.10185,319.154,,0.07063248531619999,-19.91,0.6610614718008381,7244359600.74989
1133056,1287190,,,3107741,,,G,201.828,-1.00122,331.131,,0.0731503865752,-19.49,0.6610624995074793,4920395356.814511
1133060,1287194,,,3108090,,,G,203.478,-0.92623,389.045,,0.08520817260410002,-19.67,0.6610639121187981,5807644175.2131605
1133071,1287205,,,3108824,,,G,204.418,-0.78597,517.607,,0.111327565664,-20.48,0.6610676007584232,12246161992.650517
1133151,1287285,,,3112845,,,G,203.015,-0.006529999999999999,351.56,,0.0774255687128,-20.04,0.6610977924226483,8165823713.585939
1133527,1287661,,,3299210,,,G,201.591,-1.3512,378.443,,0.0830151415076,-20.14,0.6612549054296235,8953647655.495974
1133528,1287662,,,3301965,,,G,203.687,-1.57307,387.258,,0.08483899241949999,-19.91,0.6612551731543909,7244359600.74989
1133529,1287663,,,3302010,,,G,203.202,-1.76655,380.189,,0.0833767616884,-19.51,0.6612553583746765,5011872336.272736
1133532,1287666,,,3303473,,,G,209.407,-2.44607,519.996,,0.111805105903,-21.03,0.6612566870498998,20323570109.36229
1133563,1287697,,,118250,,,G,203.973,-2.74217,485.289,,0.104841502421,-20.28,0.6612719404831265,10185913880.541231
1133564,1287698,,,118529,,,G,208.358,-3.11826,519.996,,0.111805105903,-20.85,0.6612725768221392,17218685749.86016
1133584,1287718,,,214117,,,G,203.415,-1.92916,310.456,,0.06879855439930001,-19.69,0.6612799675948968,5915616341.754743
1133592,1287726,,,1077192,,,G,206.887,-3.06151,407.38,,0.0889864944932,-20.52,0.6612829813066728,12705741052.085394
1133597,1287731,,,1083725,,,G,204.431,-2.75299,483.059,,0.104392102196,-20.54,0.6612851502765236,12941958414.499916
1133611,1287745,,,1107313,,,G,202.033,-1.88689,396.278,,0.0867008533504,-20.45,0.6612915354317006,11912420080.273762
1133612,1287746,,,1107649,,,G,208.445,-1.87499,340.408,,0.0750947775474,-19.83,0.6612917841390104,6729766562.843196
1133623,1287757,,,1116892,,,G,203.69,-1.51297,313.329,,0.0694048247024,-19.79,0.6612963397698387,6486344335.482401
1133928,1288062,,,105316,,,G,206.745,-3.13144,334.195,,0.0737929868965,-19.76,0.6614369420711053,6309573444.801943
1134026,1288160,,,105287,,,G,207.565,-3.2767,467.735,,0.101296700648,-20.68,0.6614792864067811,14723125024.327225
1134128,1288263,,,1109234,,,G,204.921,-1.81842,314.775,,0.06970974485489999,-19.9,0.6615160327299323,7177942912.713644
1134292,1288427,,,3303572,,,G,209.135,-1.42353,329.61,,0.0728309764155,-19.21,0.6615682066252948,3801893963.205628
1134309,1288444,,,1101003,,,G,207.529,-2.1273,487.528,,0.105292582646,-20.57,0.6615741911191487,13304544179.780985
1134463,1288598,,,1128343,,,G,200.908,-1.03833,489.779,,0.105745762873,-20.69,0.6616201360168412,14859356422.87009
1134541,1288676,,,1108049,,,G,206.219,-1.86067,399.945,,0.0874566437283,-19.99,0.661647213099349,7798301105.232576
1134557,1288692,,,1093727,,,G,206.566,-2.38018,403.645,,0.0882183141092,-20.58,0.6616537528720833,13427649611.378641
1134585,1288721,,,1144762,,,G,209.236,-0.38143,313.329,,0.0694048247024,-20.19,0.6616656829857396,9375620069.258831
1134595,1288731,,,1135700,,,G,202.167,-0.74773,337.287,,0.07444125722060001,-19.95,0.6616706339873301,7516228940.182045
1134625,1288761,,,1142787,,,G,200.727,-0.46068,334.195,,0.0737929868965,-19.97,0.6616848649577335,7655966069.112569
1134647,1288783,,,1149382,,,G,204.514,-0.19953,1122.02,,0.224629132315,-21.87,0.6616963869625581,44055486350.655334
1134907,1289217,,,46841,,,G,201.064,-2.11919,385.478,,0.08447107223549999,-19.76,0.6625954942029681,6309573444.801943
1134916,1289228,,,49147,,,G,207.682,-1.8902,373.25,,0.0819384709692,-19.04,0.662598974632119,3250872973.8543468
1134918,1289232,,,49700,,,G,209.546,-2.0126,524.807,,0.112765646383,-19.98,0.6625998623139384,7726805850.957022
1135393,1290326,,,95627,,,G,202.561,-2.1063,394.457,,0.08632537316269999,-19.34,0.6630686105372549,4285485203.9743924
1135394,1290327,,,95628,,,G,202.569,-2.11346,389.045,,0.08520817260410002,-19.54,0.6630688009467273,5152286445.817583
1135395,1290328,,,95633,,,G,202.659,-1.84332,381.944,,0.08374006187000001,-19.73,0.6630690277704896,6137620051.647945
1135396,1290329,,,95640,,,G,202.704,-1.88065,422.669,,0.0921230560615,-18.87,0.6630691304984226,2779713267.759294
1135397,1290330,,,95643,,,G,202.71,-1.85751,392.645,,0.0859515729758,-18.94,0.6630692400676376,2964831389.524339
1135398,1290331,,,95646,,,G,202.712,-1.85986,392.645,,0.0859515729758,-19.27,0.6630693885546775,4017908108.4893923
1135399,1290332,,,95648,,,G,202.734,-1.90204,405.509,,0.0886017743009,-19.07,0.6630695120608178,3341950400.261149
1135400,1290333,,,95652,,,G,202.736,-1.6445900000000002,682.3389999999998,,0.143628101814,-20.06,0.663069819449979,8317637711.02671
1135401,1290335,,,95655,,,G,202.749,-1.72675,691.831,,0.145453002727,-20.4,0.6630702398749954,11376272858.234331
1135402,1290338,,,95661,,,G,202.83,-1.70514,366.4380000000001,,0.08052412026210001,-18.94,0.6630703494442103,2964831389.524339
1136525,1292327,,,105101,,,G,200.02,-3.31569,340.408,,0.0750947775474,-19.22,0.6636164903745386,3837072454.9228
1136526,1292329,,,105109,,,G,202.344,-6.66931,380.189,,0.0833767616884,-20.1,0.6636168092995279,8629785477.669737
1136528,1292332,,,105119,,,G,200.09,-6.11667,959.401,,0.195452557726,-20.57,0.663617770543578,13304544179.780985
1136529,1292334,,,105123,,,G,200.337,-5.67649,378.443,,0.0830151415076,-19.96,0.6636180508858248,7585775750.291882
1136530,1292335,,,105124,,,G,200.428,-6.3472,515.229,,0.110852125426,-19.99,0.6636183390822237,7798301105.232576
1136531,1292336,,,105127,,,G,200.708,-6.39117,399.945,,0.0874566437283,-20.28,0.66361871551597,10185913880.541231
1136532,1292337,,,105128,,,G,200.832,-5.55788,369.828,,0.08122825061410001,-20.12,0.6636190403702176,8790225168.308859
1136533,1292338,,,105129,,,G,200.846,-6.900930000000002,512.861,,0.110378365189,-20.32,0.663619430930926,10568175092.136606
1136534,1292339,,,105130,,,G,200.877,-6.0991,373.25,,0.0819384709692,-20.6,0.6636199363929707,13677288255.958578
1136535,1292340,,,105131,,,G,200.897,-6.3267,288.403,,0.0641285720643,-19.0,0.6636200521876354,3133285724.315589
1136536,1292341,,,105132,,,G,200.974,-6.84713,399.945,,0.0874566437283,-20.16,0.6636203892331484,9120108393.559114
1136537,1292342,,,105133,,,G,200.982,-6.7593,287.078,,0.0638469619235,-19.86,0.6636206449083163,6918309709.18939
1136550,1292371,,,105193,,,G,204.042,-3.73153,557.186,,0.119201729601,-20.63,0.6636265214133623,14060475241.29913
1136551,1292372,,,105198,,,G,204.291,-3.7549,396.278,,0.0867008533504,-19.51,0.663626706633648,5011872336.272736
1136552,1292373,,,105199,,,G,204.333,-3.6984,608.135,,0.129229864615,-20.44,0.6636271428365492,11803206356.517323
1136553,1292375,,,105204,,,G,204.56,-2.6855,465.586,,0.100861580431,-20.07,0.6636274530699473,8394599865.193998
1136554,1292376,,,105205,,,G,204.764,-3.1876,554.626,,0.118694579347,-20.34,0.6636278508917214,10764652136.29835
1136555,1292377,,,105207,,,G,204.83,-3.88188,755.092,,0.15752023876,-21.48,0.663628987703461,30760968147.40705
1136556,1292378,,,105209,,,G,204.849,-3.5574,559.758,,0.119710769855,-20.2,0.6636293373977581,9462371613.657913
1136557,1292379,,,105210,,,G,204.858,-3.539,557.186,,0.119201729601,-20.69,0.6636298865446751,14859356422.87009
1136558,1292380,,,105214,,,G,205.234,-2.60191,616.595,,0.130883615442,-20.77,0.6636304776822285,15995580286.146713
1136559,1292381,,,105215,,,G,205.252,-2.92355,794.328,,0.164924632462,-20.84,0.6636311081872501,17060823890.03121
1136560,1292382,,,105219,,,G,205.405,-2.89095,522.396,,0.112284326142,-20.03,0.6636314071992032,8090958991.783845
1136561,1292383,,,105222,,,G,203.953,-3.45057,755.092,,0.15752023876,-21.0,0.6636321378141452,19769696401.11866
1136562,1292384,,,105226,,,G,204.893,-6.6841800000000005,459.198,,0.0995669297835,-20.53,0.6636326117161542,12823305826.560284
1136571,1292410,,,105289,,,G,207.603,-2.70885,459.198,,0.0995669297835,-19.91,0.6636365406145575,7244359600.74989
1136572,1292411,,,105291,,,G,207.685,-2.96946,335.73800000000006,,0.07411659705830001,-19.27,0.6636366891015975,4017908108.4893923
1136573,1292412,,,105293,,,G,207.825,-2.91795,599.7909999999998,,0.12759564379799998,-19.87,0.6636369471424984,6982324040.771733
1136574,1292413,,,105295,,,G,207.871,-2.93095,586.138,,0.124914782457,-19.85,0.6636372004736223,6854882264.526649
1136575,1292414,,,105296,,,G,208.082,-3.18107,591.562,,0.12598074299,-20.1,0.6636375193986117,8629785477.669737
1136576,1292415,,,105297,,,G,208.106,-3.09272,335.73800000000006,,0.07411659705830001,-19.6,0.6636377206266761,5445026528.424242
1136577,1292416,,,105301,,,G,208.19,-2.86083,654.636,,0.13828065914,-20.69,0.6636382697735932,14859356422.87009
1136578,1292417,,,105304,,,G,208.263,-3.5445,337.287,,0.07444125722060001,-18.66,0.6636383544355983,2290867652.76777
1136579,1292418,,,105305,,,G,208.263,-3.07892,332.66,,0.0734710567355,-18.77,0.6636384481245866,2535128630.497907
1136580,1292419,,,105306,,,G,208.274,-3.78512,338.844,,0.07476738738369999,-19.82,0.6636386945517341,6668067692.136246
1136581,1292420,,,105307,,,G,208.284,-3.6669,338.844,,0.07476738738369999,-19.22,0.6636388363557563,3837072454.9228
1136582,1292421,,,105309,,,G,205.661,-3.69188,399.945,,0.0874566437283,-20.28,0.6636392127895026,10185913880.541231
1136583,1292422,,,105313,,,G,206.199,-3.68821,389.045,,0.08520817260410002,-20.75,0.6636397931375797,15703628043.33558
1136584,1292424,,,105320,,,G,205.774,-5.5988,300.608,,0.0667168233584,-19.14,0.6636399248687499,3564511334.262453
1136603,1292451,,,105404,,,G,208.413,-2.54306,369.828,,0.08122825061410001,-20.08,0.6638332194556522,8472274141.40598
1136604,1292452,,,105409,,,G,208.967,-3.38044,539.511,,0.115694517847,-20.62,0.6638337343149379,13931568029.453035
1136605,1292453,,,105410,,,G,208.986,-2.72094,416.869,,0.0909346654673,-19.71,0.6638339569987,6025595860.743593
1136606,1292454,,,105412,,,G,209.034,-2.98969,332.66,,0.0734710567355,-19.19,0.6638340949381689,3732501577.957214
1136607,1292455,,,105414,,,G,209.095,-3.51747,335.73800000000006,,0.07411659705830001,-19.64,0.6638343037180038,5649369748.123057
1136608,1292456,,,105415,,,G,209.106,-3.02701,597.035,,0.127055103528,-20.33,0.6638346978925259,10665961212.302591
1136609,1292457,,,105419,,,G,209.321,-3.2037,340.408,,0.0750947775474,-19.3,0.6638348505396231,4130475019.9016094
1136610,1292458,,,105420,,,G,209.393,-2.56696,522.396,,0.112284326142,-20.24,0.6638352133573932,9817479430.199823
1136611,1292459,,,105421,,,G,209.469,-3.54839,418.794,,0.0913292556646,-20.01,0.6638355069117632,7943282347.242822
1136612,1292460,,,105423,,,G,209.606,-2.97698,605.341,,0.128682814341,-20.59,0.663836007739704,13551894123.510351
1136613,1292461,,,105425,,,G,209.628,-3.42115,329.61,,0.0728309764155,-20.0,0.6638362986027512,7870457896.951001
1136616,1292465,,,105430,,,G,209.846,-3.01026,332.66,,0.0734710567355,-20.18,0.6638378555652754,9289663867.7994
1138560,1296810,,,117848,,,G,201.165,-3.3537800000000004,374.973,,0.0822958911479,-19.53,0.6647403359989321,5105049999.754086
1138561,1296811,,,117865,,,G,201.553,-3.63834,517.607,,0.111327565664,-19.95,0.6647406137709858,7516228940.182045
1138562,1296812,,,117874,,,G,202.078,-3.9434,552.077,,0.118189529095,-20.42,0.6647410420122869,11587773561.55131
1138563,1296813,,,117875,,,G,202.104,-4.0212,444.631,,0.0966069783035,-19.83,0.6647412907195966,6729766562.843196
1138565,1296815,,,117893,,,G,200.258,-3.1621200000000003,390.841,,0.08557924278960001,-19.76,0.6647416304812707,6309573444.801943
1138566,1296816,,,117916,,,G,200.782,-3.12052,444.631,,0.0966069783035,-20.16,0.6647419675267836,9120108393.559114
1138567,1296817,,,117928,,,G,201.384,-5.77177,539.511,,0.115694517847,-20.36,0.6647423727446167,10964781961.431871
1138568,1296818,,,117931,,,G,201.458,-6.2726,472.0630000000001,,0.102172191086,-19.52,0.6647425596787246,5058246620.031148
1138569,1296821,,,117937,,,G,201.728,-6.69382,366.4380000000001,,0.08052412026210001,-19.93,0.6647428323808671,7379042301.291045
1138570,1296824,,,117949,,,G,202.363,-6.15512,527.23,,0.113248856624,-20.75,0.6647434127289441,15703628043.33558
1138571,1296825,,,117950,,,G,202.446,-6.24314,883.08,,0.18145920073,-20.98,0.6647441300086605,19408858775.92779
1138572,1296826,,,117918,,,G,200.912,-3.43355,338.844,,0.07476738738369999,-19.91,0.6647443977334279,7244359600.74989
1138573,1296827,,,117951,,,G,202.512,-6.50107,409.261,,0.08937310468660001,-19.67,0.6647446123625008,5807644175.2131605
1138575,1296835,,,117973,,,G,200.13,-6.02304,529.663,,0.113733956867,-20.57,0.664745422974291,13304544179.780985
1138576,1296836,,,117974,,,G,200.132,-5.6007,398.107,,0.08707801353900001,-19.69,0.6647456415936164,5915616341.754743
1138577,1296837,,,117976,,,G,200.201,-6.2156699999999985,512.861,,0.110378365189,-19.99,0.6647459297900152,7798301105.232576
1138578,1296840,,,117979,,,G,200.29,-6.0819,398.107,,0.08707801353900001,-19.07,0.6647460532961555,3341950400.261149
1138579,1296841,,,117982,,,G,200.382,-6.1298,428.549,,0.09332614666310003,-19.88,0.6647463137246797,7046930689.671453
1138580,1296842,,,117986,,,G,200.442,-6.10106,436.516,,0.0949530174765,-19.45,0.6647464889869971,4742419852.6024475
1138581,1296844,,,117988,,,G,200.471,-5.717980000000002,625.173,,0.132557106279,-19.83,0.6647467376943068,6729766562.843196
1138582,1296845,,,117991,,,G,200.508,-6.0415,399.945,,0.0874566437283,-19.91,0.6647470054190739,7244359600.74989
1138583,1296847,,,117993,,,G,200.548,-6.0586699999999984,428.549,,0.09332614666310003,-19.62,0.6647472103882476,5546257129.579103
1138584,1296850,,,117998,,,G,200.592,-6.3116,285.759,,0.0635666117833,-18.25,0.6647472684230552,1570362804.3335578
1138585,1296854,,,118003,,,G,200.728,-6.03693,562.341,,0.120221700111,-19.92,0.6647475386250493,7311390834.834217
1138586,1296857,,,118011,,,G,200.958,-5.9216,628.058,,0.13311927656,-20.21,0.6647478915550279,9549925860.214407
1138610,1296908,,,118137,,,G,204.025,-3.5812,602.56,,0.128138284069,-20.01,0.6647598917036314,7943282347.242822
1138611,1296909,,,118140,,,G,204.134,-3.7196,824.138,,0.170510845255,-20.63,0.6647604113268514,14060475241.29913
1138612,1296910,,,118143,,,G,204.175,-3.50427,392.645,,0.0859515729758,-19.2,0.6647605505426585,3767037989.8390775
1138613,1296911,,,118151,,,G,204.326,-3.31765,552.077,,0.118189529095,-20.09,0.6647608665437261,8550667128.846841
1138614,1296912,,,118154,,,G,204.372,-2.64196,812.831,,0.16839593419799995,-21.13,0.66476169009103,22284351492.702984
1138615,1296913,,,118155,,,G,204.383,-3.9541,434.51,,0.0945437272719,-19.3,0.6647618427381271,4130475019.9016094
1138616,1296914,,,118159,,,G,204.442,-3.10242,866.962,,0.17847782923900002,-20.87,0.6647624909075653,17538805018.417603
1138617,1296915,,,118160,,,G,204.453,-3.877,501.187,,0.108038544019,-20.19,0.6647628373958461,9375620069.258831
1138618,1296916,,,118162,,,G,204.474,-2.7910000000000004,398.107,,0.08707801353900001,-19.05,0.6647629586477452,3280952931.131191
1138619,1296917,,,118163,,,G,204.478,-2.68078,467.735,,0.101296700648,-19.87,0.6647632166886462,6982324040.771733
1138620,1296918,,,118164,,,G,204.493,-2.74339,765.597,,0.15950851975400002,-20.5,0.6647636776755098,12473835142.429485
1138621,1296919,,,118165,,,G,204.526,-3.09116,463.447,,0.100428350214,-20.28,0.664764054109256,10185913880.541231
1138622,1296920,,,118166,,,G,204.569,-3.868430000000001,805.378,,0.1669992235,-20.51,0.6647645193615785,12589254117.941713
1138623,1296921,,,118153,,,G,204.366,-3.3260300000000003,392.645,,0.0859515729758,-19.88,0.6647647797901027,7046930689.671453
1138624,1296922,,,118174,,,G,204.757,-3.89606,698.232,,0.146681503341,-20.84,0.6647654102951243,17060823890.03121
1138625,1296923,,,118175,,,G,204.769,-3.75902,748.17,,0.156207738104,-21.06,0.6647661824217874,20892961308.54041
1138626,1296926,,,118190,,,G,204.948,-3.90723,851.138,,0.175541817771,-21.15,0.6647670212799789,22698648518.838303
1138627,1296927,,,118191,,,G,204.951,-2.55664,426.58,,0.0929235764618,-19.72,0.6647672460242084,6081350012.7871895
1138628,1296928,,,118198,,,G,205.035,-3.9831,751.623,,0.156862728431,-20.5,0.664767707011072,12473835142.429485
1138629,1296930,,,118201,,,G,205.112,-2.64216,608.135,,0.129229864615,-20.16,0.664768044056585,9120108393.559114
1138630,1296931,,,118189,,,G,204.942,-2.9677,519.996,,0.111805105903,-21.03,0.6647687951406529,20323570109.36229
1138631,1296932,,,118205,,,G,205.201,-3.79557,724.436,,0.151692735846,-20.38,0.664769207892048,11168632477.805613
1138632,1296933,,,118206,,,G,205.375,-3.7566,334.195,,0.0737929868965,-20.29,0.6647695878088928,10280162981.264746
1138633,1296934,,,118207,,,G,205.391,-2.99631,552.077,,0.118189529095,-20.02,0.6647698840794879,8016780633.876789
1138634,1296935,,,118213,,,G,202.769,-3.01226,741.31,,0.154905107453,-20.72,0.6647704486114687,15275660582.380762
1138635,1296936,,,118219,,,G,202.955,-2.72998,392.645,,0.0859515729758,-19.67,0.6647706632405418,5807644175.2131605
1138636,1296937,,,118227,,,G,203.174,-2.51958,682.3389999999998,,0.143628101814,-20.69,0.6647712123874588,14859356422.87009
1138637,1296938,,,118212,,,G,202.642,-2.8925400000000003,338.844,,0.07476738738369999,-19.69,0.6647714310067842,5915616341.754743
1138638,1296940,,,118244,,,G,203.874,-3.626,434.51,,0.0945437272719,-19.49,0.6647716128464186,4920395356.814511
1138639,1296941,,,118245,,,G,203.911,-3.8328,758.578,,0.15818047909000002,-20.85,0.6647722491854313,17218685749.86016
1138640,1296944,,,118255,,,G,204.207,-6.1639599999999986,476.431,,0.103054611527,-20.09,0.6647725651864989,8550667128.846841
1138641,1296945,,,118260,,,G,204.376,-6.49437,353.18300000000005,,0.0777642988821,-20.47,0.6647730136101906,12133888504.649809
1138642,1296947,,,118266,,,G,204.624,-5.7935,337.287,,0.07444125722060001,-19.7,0.6647732342523758,5970352865.838366
1138643,1296949,,,118236,,,G,203.653,-2.79534,380.189,,0.0833767616884,-20.2,0.6647735839466729,9462371613.657913
1138644,1296952,,,118281,,,G,205.145,-5.57998,335.73800000000006,,0.07411659705830001,-19.75,0.6647738149874037,6251726927.756875
1138645,1296953,,,118287,,,G,202.591,-6.27315,517.607,,0.111327565664,-19.95,0.6647740927594574,7516228940.182045
1138646,1296954,,,118293,,,G,202.854,-5.75253,701.455,,0.14729932365,-20.53,0.6647745666614665,12823305826.560284
1138647,1296955,,,118298,,,G,202.983,-6.02603,519.996,,0.111805105903,-20.42,0.6647749949027675,11587773561.55131
1138648,1296957,,,118302,,,G,203.138,-5.8963,522.396,,0.112284326142,-20.01,0.6647752884571375,7943282347.242822
1138665,1297010,,,118475,,,G,207.034,-2.84843,338.844,,0.07476738738369999,-19.16,0.6647822796948443,3630780547.7010174
1138666,1297011,,,118478,,,G,207.152,-3.6528,578.096,,0.123331801666,-19.88,0.6647825401233685,7046930689.671453
1138667,1297012,,,118479,,,G,207.204,-2.88132,465.586,,0.100861580431,-19.1,0.6647826670896936,3435579478.998757
1138668,1297013,,,118480,,,G,207.231,-3.21851,912.011,,0.186787323394,-20.45,0.6647831073287305,11912420080.273762
1138669,1297014,,,118483,,,G,207.284,-3.8869,534.564,,0.114710247355,-20.1,0.66478342625372,8629785477.669737
1138670,1297015,,,118489,,,G,207.421,-2.90053,337.287,,0.07444125722060001,-18.95,0.6647835368367663,2992264636.608183
1138671,1297016,,,118490,,,G,207.437,-2.93165,954.993,,0.194649727325,-20.9,0.6647842031655127,18030177408.5957
1138672,1297017,,,118491,,,G,207.457,-3.9554,426.58,,0.0929235764618,-19.85,0.6647844564966365,6854882264.526649
1138673,1297018,,,118495,,,G,207.529,-2.69749,642.688,,0.135964147982,-19.99,0.6647847446930354,7798301105.232576
1138674,1297019,,,118497,,,G,207.555,-3.8663,544.503,,0.116686558343,-19.98,0.6647850302472338,7726805850.957022
1138675,1297020,,,118502,,,G,207.655,-2.62174,343.55800000000005,,0.0757537578769,-19.05,0.664785151499133,3280952931.131191
1138676,1297021,,,118503,,,G,207.676,-3.205,338.844,,0.07476738738369999,-19.91,0.6647854192239003,7244359600.74989
1138677,1297022,,,118505,,,G,207.801,-2.60252,772.681,,0.16084706042400002,-20.64,0.6647859436551348,14190575216.890957
1138678,1297023,,,118507,,,G,207.822,-3.89579,517.607,,0.111327565664,-19.74,0.6647861725776715,6194410750.767812
1138679,1297024,,,118508,,,G,207.833,-3.7391,704.693,,0.14791966396,-20.18,0.6647865158893284,9289663867.7994
1138680,1297025,,,118509,,,G,207.857,-3.5193,594.2919999999998,,0.12651687325799998,-19.84,0.6647867668978985,6792036326.171857
1138681,1297026,,,118511,,,G,207.912,-3.8572,340.408,,0.0750947775474,-18.54,0.6647868427012747,2051162178.8255708
1138682,1297027,,,118512,,,G,208.071,-3.8241,851.138,,0.175541817771,-20.84,0.6647874732062964,17060823890.03121
1138683,1297028,,,118515,,,G,208.123,-3.42155,648.634,,0.137117678559,-20.28,0.6647878496400426,10185913880.541231
1138684,1297029,,,118516,,,G,208.132,-3.4670300000000003,651.628,,0.137698118849,-20.29,0.6647882295568874,10280162981.264746
1138685,1297030,,,118517,,,G,208.144,-2.5944700000000003,332.66,,0.0734710567355,-19.18,0.6647883662317198,3698281797.8026743
1138686,1297031,,,118519,,,G,208.16,-2.64588,331.131,,0.0731503865752,-18.88,0.6647884699101826,2805433637.9517045
1138687,1297032,,,118513,,,G,208.08900000000003,-2.73494,345.144,,0.07608555804280001,-19.5,0.6647886534323586,4965923214.503378
1138688,1297033,,,118520,,,G,208.197,-3.8677,645.654,,0.13653975827,-20.1,0.664788972357348,8629785477.669737
1138689,1297034,,,118521,,,G,208.2,-2.5846,349.945,,0.0770885185443,-18.92,0.6647890799266993,2910717118.06662
1138690,1297036,,,118526,,,G,208.288,-2.61,349.945,,0.0770885185443,-19.07,0.6647892034328396,3341950400.261149
1138691,1297037,,,118527,,,G,208.295,-3.32659,941.89,,0.19225971613,-20.59,0.6647897042607804,13551894123.510351
1138692,1297038,,,118532,,,G,208.391,-2.93777,465.586,,0.100861580431,-19.71,0.6647899269445425,6025595860.743593
1138693,1297039,,,118533,,,G,205.543,-3.18514,698.232,,0.146681503341,-20.16,0.6647902639900555,9120108393.559114
1138694,1297040,,,118534,,,G,205.612,-3.55445,672.977,,0.141824620912,-20.19,0.6647906104783361,9375620069.258831
1138695,1297041,,,118537,,,G,205.668,-3.7279,691.831,,0.145453002727,-20.15,0.6647909444337972,9036494737.223042
1138696,1297042,,,118539,,,G,205.763,-3.34522,704.693,,0.14791966396,-20.56,0.6647914316127861,13182567385.564049
1138697,1297043,,,118544,,,G,205.828,-2.8984,691.831,,0.145453002727,-20.19,0.6647917781010667,9375620069.258831
1138698,1297044,,,118547,,,G,205.903,-2.8280000000000003,711.2139999999998,,0.149167694584,-20.23,0.6647921375925034,9727472237.76964
1138699,1297045,,,118549,,,G,205.919,-2.76847,701.455,,0.14729932365,-20.95,0.6647928353243563,18879913490.962925
1138700,1297046,,,118550,,,G,205.944,-3.9309,762.079,,0.158843239422,-20.29,0.664793215241201,10280162981.264746
1138701,1297048,,,118554,,,G,206.038,-2.87497,399.945,,0.0874566437283,-19.29,0.6647933664888213,4092606597.3001275
1138702,1297049,,,118557,,,G,206.111,-2.82587,552.077,,0.118189529095,-20.3,0.6647937499209934,10375284158.180126
1138703,1297050,,,118560,,,G,206.164,-3.69627,508.159,,0.109436724718,-20.73,0.6647943196765242,15417004529.495615
1138704,1297052,,,118571,,,G,206.509,-3.6797,463.447,,0.100428350214,-19.88,0.6647945801050484,7046930689.671453
1138705,1297053,,,118572,,,G,206.545,-3.23614,383.707,,0.0841048320524,-19.22,0.6647947219090707,3837072454.9228
1138706,1297054,,,118578,,,G,206.662,-3.8547,422.669,,0.0921230560615,-19.52,0.6647949088431786,5058246620.031148
1138707,1297055,,,118579,,,G,206.672,-2.72055,407.38,,0.0889864944932,-19.45,0.6647950841054959,4742419852.6024475
1138708,1297056,,,118582,,,G,206.717,-3.3143199999999995,512.861,,0.110378365189,-20.4,0.6647955045305124,11376272858.234331
1138709,1297057,,,118584,,,G,206.763,-3.81893,515.229,,0.110852125426,-20.13,0.6647958323905994,8871560120.37962
1138710,1297058,,,118586,,,G,206.786,-2.9006,405.509,,0.0886017743009,-19.09,0.6647959581928903,3404081897.010009
1138711,1297059,,,118590,,,G,206.808,-3.24326,380.189,,0.0833767616884,-19.47,0.6647961367135774,4830588020.397738
1138712,1297060,,,118591,,,G,206.81,-3.13971,383.707,,0.0841048320524,-19.42,0.6647963071995101,4613175745.603809
1138713,1297061,,,118592,,,G,206.836,-3.8779,422.669,,0.0921230560615,-19.65,0.664796517911161,5701642722.807478
1138714,1297072,,,118595,,,G,206.897,-3.14374,416.869,,0.0909346654673,-19.88,0.6647967783396852,7046930689.671453
1138715,1297073,,,118635,,,G,208.442,-5.61407,874.9839999999998,,0.179962949981,-20.96,0.6647974825275713,19054607179.632526
1138716,1297074,,,118638,,,G,205.535,-6.2423,335.73800000000006,,0.07411659705830001,-19.67,0.6647976971566443,5807644175.2131605
1138717,1297075,,,118648,,,G,206.049,-5.6521,358.096,,0.07878825939410003,-19.04,0.6647978172968995,3250872973.8543468
1138718,1297076,,,118654,,,G,206.252,-6.3492,326.588,,0.07219635609819999,-19.16,0.6647979514771349,3630780547.7010174
1138758,1297150,,,118880,,,G,208.449,-2.6435,335.73800000000006,,0.07411659705830001,-19.11,0.6648116167081366,3467368504.525324
1138759,1297151,,,118881,,,G,208.471,-2.70318,329.61,,0.0728309764155,-18.98,0.6648117303893105,3076096814.740705
1138760,1297152,,,118884,,,G,208.591,-2.51352,418.794,,0.0913292556646,-19.71,0.6648119530730725,6025595860.743593
1138761,1297153,,,118885,,,G,208.681,-2.69602,524.807,,0.112765646383,-19.68,0.6648121696880839,5861381645.140297
1138762,1297155,,,118891,,,G,208.814,-2.51274,519.996,,0.111805105903,-20.03,0.6648124687000371,8090958991.783845
1138763,1297156,,,118896,,,G,208.897,-3.3327,707.946,,0.148542524271,-20.21,0.6648128216300156,9549925860.214407
1138764,1297157,,,118897,,,G,208.929,-2.5699400000000003,416.869,,0.0909346654673,-19.36,0.6648129829501407,4365158322.401666
1138765,1297158,,,118899,,,G,208.975,-2.76512,422.669,,0.0921230560615,-19.58,0.664813180505379,5345643593.969735
1138766,1297159,,,118900,,,G,208.979,-3.3916800000000005,338.844,,0.07476738738369999,-18.94,0.6648132900745939,2964831389.524339
1138767,1297160,,,118902,,,G,208.98,-2.84898,688.6519999999998,,0.144842322421,-20.24,0.6648136528923639,9817479430.199823
1138768,1297161,,,118903,,,G,208.998,-3.4830300000000003,698.232,,0.146681503341,-20.45,0.6648140931314009,11912420080.273762
1138769,1297162,,,118904,,,G,209.046,-3.4849,891.2510000000002,,0.182967001484,-21.2,0.664814971523761,23768402866.24873
1138770,1297164,,,118907,,,G,209.103,-3.67896,959.401,,0.195452557726,-21.25,0.6648158913134776,24888573182.82396
1138771,1297165,,,118909,,,G,209.181,-2.92689,539.511,,0.115694517847,-19.96,0.6648161716557245,7585775750.291882
1138772,1297166,,,118910,,,G,209.182,-2.94377,695.0239999999999,,0.146065993033,-20.38,0.6648165844071195,11168632477.805613
1138773,1297167,,,118912,,,G,209.222,-3.10966,797.995,,0.165613642807,-20.63,0.6648171040303396,14060475241.29913
1138774,1297168,,,118918,,,G,209.374,-3.20001,924.698,,0.189114754557,-20.72,0.6648176685623204,15275660582.380762
1138775,1297169,,,118921,,,G,209.414,-3.12798,519.996,,0.111805105903,-19.6,0.6648178697903848,5445026528.424242
1138776,1297170,,,118922,,,G,209.415,-3.4461699999999995,416.869,,0.0909346654673,-19.91,0.6648181375151521,7244359600.74989
1138777,1297171,,,118923,,,G,209.427,-3.87043,343.55800000000005,,0.0757537578769,-18.87,0.6648182402430851,2779713267.759294
1138778,1297172,,,118925,,,G,209.525,-3.51908,954.993,,0.194649727325,-20.74,0.664818815270499,15559656316.05075
1138779,1297173,,,118927,,,G,209.549,-3.4330800000000004,685.488,,0.144233952117,-20.3,0.6648191987026711,10375284158.180126
1138780,1297174,,,118928,,,G,209.553,-3.24435,328.095,,0.07251282625639999,-18.58,0.6648192773508281,2128139045.9827175
1138781,1297176,,,118937,,,G,209.79,-3.05557,608.135,,0.129229864615,-20.37,0.6648196863180956,11066237839.776676
1138782,1297177,,,118939,,,G,209.803,-3.03746,610.942,,0.129778804889,-20.2,0.6648200360123927,9462371613.657913
1138783,1297178,,,118940,,,G,209.808,-3.5206,633.87,,0.134250547125,-20.31,0.6648204229924191,10471285480.508986
1138790,1297191,,,118991,,,G,208.727,-6.38733,625.173,,0.132557106279,-20.72,0.6648239372817112,15275660582.380762
1138791,1297194,,,118995,,,G,208.816,-5.51023,542.001,,0.116189488095,-20.73,0.6648245070372422,15417004529.495615
1139694,1299602,,,126056,,,G,202.213,-6.84075,430.527,,0.0937303968652,-20.26,0.6652600755437627,10000000000.0
1139695,1299604,,,126063,,,G,200.406,-6.3578,515.229,,0.110852125426,-20.2,0.6652604252380598,9462371613.657913
1139696,1299605,,,126064,,,G,200.58,-5.7621,293.765,,0.0652667726334,-18.46,0.6652604956568484,1905460717.963252
1139697,1299606,,,126065,,,G,200.689,-5.56655,727.78,,0.152330296165,-20.83,0.6652611203813652,16904409316.4327
1139698,1299608,,,126067,,,G,200.829,-5.829,309.03,,0.0684974142487,-19.04,0.6652612405216203,3250872973.8543468
1139699,1299610,,,126049,,,G,202.348,-3.25063,340.408,,0.0750947775474,-20.43,0.6652616727253893,11694993910.198748
1139700,1299611,,,126081,,,G,202.746,-3.24979,434.51,,0.0945437272719,-19.5,0.6652618562475652,4965923214.503378
1139701,1299613,,,126086,,,G,204.265,-5.88395,454.98800000000006,,0.09871264935630003,-20.37,0.6652622652148328,11066237839.776676
1139702,1299618,,,126095,,,G,203.701,-5.5568,389.045,,0.08520817260410002,-20.0,0.66526255607788,7870457896.951001
1139708,1299627,,,126110,,,G,207.419,-2.73741,645.654,,0.13653975827,-20.79,0.6652652734006058,16292960326.397282
1139709,1299628,,,126112,,,G,207.784,-2.56091,335.73800000000006,,0.07411659705830001,-19.38,0.6652654377198959,4446312674.691084
1139710,1299629,,,126113,,,G,207.915,-3.59279,368.129,,0.08087545043769999,-20.1,0.6652657566448853,8629785477.669737
1139711,1299630,,,126114,,,G,207.936,-2.71247,368.129,,0.08087545043769999,-19.84,0.6652660076534554,6792036326.171857
1139712,1299631,,,126115,,,G,208.047,-2.78444,654.636,,0.13828065914,-20.76,0.6652665933714271,15848931924.611176
1139713,1299632,,,126116,,,G,208.345,-3.6393,959.401,,0.195452557726,-20.76,0.6652671790893989,15848931924.611176
1139714,1299633,,,126117,,,G,206.0,-3.33781,387.258,,0.08483899241949999,-19.9,0.6652674443596508,7177942912.713644
1139715,1299635,,,126121,,,G,206.33900000000003,-3.57602,512.861,,0.110378365189,-19.44,0.6652676180151536,4698941086.05216
1139716,1299636,,,126122,,,G,206.642,-3.3412,335.73800000000006,,0.07411659705830001,-19.31,0.6652677720746769,4168693834.7033467
1139717,1299637,,,126125,,,G,206.854,-3.42269,389.045,,0.08520817260410002,-19.43,0.6652679441380964,4655860935.229601
1139718,1299642,,,126135,,,G,206.484,-6.0545,392.645,,0.0859515729758,-19.74,0.6652681730606332,6194410750.767812
1139722,1299647,,,126123,,,G,206.729,-2.76841,476.431,,0.103054611527,-20.73,0.6652702550320386,15417004529.495615
1139726,1299652,,,126158,,,G,208.671,-2.50853,351.56,,0.0774255687128,-19.43,0.6652718170741123,4655860935.229601
1139727,1299653,,,126160,,,G,209.03,-2.73416,424.62,,0.0925224762612,-19.81,0.6652720612420021,6606934480.075964
1139728,1299654,,,126164,,,G,209.41,-2.61218,349.945,,0.0770885185443,-19.25,0.6652722070188481,3944573020.752801
1139729,1299656,,,126172,,,G,208.604,-6.580019999999998,385.478,,0.08447107223549999,-19.93,0.6652724797209906,7379042301.291045
1139913,1299988,,,135835,,,G,208.663,-1.76303,1028.02,,0.207866293933,-21.47,0.6654255221443401,30478949896.27996
1140144,1300487,,,140169,,,G,200.235,-0.96281,529.663,,0.113733956867,-20.47,0.6655349544468838,12133888504.649809
1140145,1300488,,,140170,,,G,200.413,-1.66497,648.634,,0.137117678559,-20.8,0.6655355621459231,16443717232.149357
1140146,1300489,,,140174,,,G,200.693,-0.3536,353.18300000000005,,0.0777642988821,-18.75,0.6655356541248948,2488857318.2823954
1165098,1325780,,,1007977,,,G,206.979,-8.12495,366.4380000000001,,0.08052412026210001,-20.72,0.6791996922314049,15275660582.380762
1165375,1326057,,,1015428,,,G,202.575,-7.6467800000000015,731.1389999999999,,0.152970166485,-21.48,0.6793155867808989,30760968147.40705
1165572,1326254,,,1021801,,,G,207.571,-7.26775,343.55800000000005,,0.0757537578769,-20.21,0.6793940277634243,9549925860.214407
1165675,1326357,,,1024923,,,G,206.292,-7.06625,399.945,,0.0874566437283,-20.57,0.6794321107149867,13304544179.780985
1165848,1326530,,,1030176,,,G,203.145,-6.6706699999999985,368.129,,0.08087545043769999,-20.83,0.6795348205390159,16904409316.4327
1165892,1326574,,,1032007,,,G,202.358,-6.5103800000000005,442.588,,0.0961909680955,-20.33,0.6795566521924296,10665961212.302591
1165908,1326590,,,1032540,,,G,206.565,-6.46669,430.527,,0.0937303968652,-21.58,0.6795644652910537,33728730865.886925
1165918,1326600,,,1032834,,,G,205.704,-6.4398,385.478,,0.08447107223549999,-20.18,0.6795679304270802,9289663867.7994
1165923,1326605,,,1032932,,,G,201.192,-6.43149,691.831,,0.145453002727,-20.61,0.6795694462666806,13803842646.028866
1165939,1326621,,,1033520,,,G,206.295,-6.3808,422.669,,0.0921230560615,-19.97,0.6795760097692901,7655966069.112569
1165968,1326650,,,1034149,,,G,205.208,-6.32567,657.658,,0.138865509433,-20.79,0.6795867421215365,16292960326.397282
1165996,1326678,,,1035178,,,G,200.26,-6.2397300000000016,529.663,,0.113733956867,-20.51,0.679597417285434,12589254117.941713
1166007,1326689,,,1035587,,,G,200.332,-6.205019999999998,522.396,,0.112284326142,-20.68,0.6796022212217881,14723125024.327225
1166033,1326715,,,1036274,,,G,200.548,-6.14444,862.9789999999998,,0.17773967887000006,-21.43,0.6796131866432724,29376496519.615425
1166046,1326728,,,1036459,,,G,202.721,-6.12754,366.4380000000001,,0.08052412026210001,-20.05,0.6796180872245707,8241381150.13003
1166067,1326749,,,1036895,,,G,205.549,-6.0887699999999985,839.46,,0.173369156685,-21.01,0.6796252375796543,19952623149.688828
1166094,1326776,,,1037413,,,G,205.612,-6.04396,413.048,,0.0901507350754,-20.35,0.6796348377425949,10864256236.170687
1166095,1326777,,,1037464,,,G,204.491,-6.03992,396.278,,0.0867008533504,-20.35,0.6796352392453686,10864256236.170687
1166105,1326787,,,1037588,,,G,200.789,-6.02925,776.247,,0.16151990076,-20.73,0.6796394269681374,15417004529.495615
1166109,1326791,,,1037610,,,G,205.893,-6.02701,420.727,,0.09172531586269997,-20.95,0.6796416292447642,18879913490.962925
1166116,1326798,,,1037782,,,G,206.432,-6.01255,457.088,,0.0991389495695,-19.96,0.6796440454808009,7585775750.291882
1166146,1326828,,,1038432,,,G,202.294,-5.959219999999998,527.23,,0.113248856624,-20.82,0.6796553452970964,16749428760.26445
1166152,1326834,,,1038575,,,G,201.391,-5.94699,714.4960000000002,,0.149795174898,-20.97,0.6796579946799,19230917289.101616
1166175,1326857,,,1039234,,,G,205.319,-5.88917,353.18300000000005,,0.0777642988821,-19.53,0.6796675668665522,5105049999.754086
1166182,1326864,,,1039329,,,G,206.393,-5.8817,390.841,,0.08557924278960001,-19.76,0.6796694843651965,6309573444.801943
1166194,1326876,,,1039560,,,G,202.349,-5.85905,534.564,,0.114710247355,-20.59,0.6796768513379026,13551894123.510351
1166203,1326885,,,1039815,,,G,201.006,-5.83825,824.138,,0.170510845255,-21.13,0.6796819004235788,22284351492.702984
1166248,1326930,,,1040640,,,G,201.832,-5.76845,463.447,,0.100428350214,-20.35,0.6796992225641043,10864256236.170687
1166253,1326935,,,1040732,,,G,201.063,-5.75995,827.942,,0.17122127561099998,-21.3,0.6797018149894929,26061535499.988976
1166270,1326952,,,1041070,,,G,202.09,-5.73474,325.087,,0.07188072594039999,-19.66,0.6797091039068363,5754399373.371567
1166275,1326957,,,1041159,,,G,200.648,-5.7274,1690.44,,0.320918800459,-22.62,0.6797134620932528,87902251683.08861
1166290,1326972,,,1041424,,,G,200.622,-5.7044,378.443,,0.0830151415076,-19.4,0.6797179977623701,4528975799.036214
1166302,1326984,,,1041715,,,G,205.404,-5.67841,413.048,,0.0901507350754,-20.01,0.6797208032910725,7943282347.242822
1166318,1327000,,,1042068,,,G,200.772,-5.65005,554.626,,0.118694579347,-20.38,0.6797291272576611,11168632477.805613
1166323,1327005,,,1042096,,,G,201.75,-5.6473,374.973,,0.0822958911479,-19.73,0.6797304957708071,6137620051.647945
1166326,1327008,,,1042117,,,G,205.172,-5.64577,448.745,,0.097444038722,-19.88,0.6797323777239628,7046930689.671453
1166342,1327024,,,1042341,,,G,202.228,-5.62704,337.287,,0.07444125722060001,-19.5,0.6797372489567173,4965923214.503378
1166366,1327049,,,1042755,,,G,205.426,-5.59293,331.131,,0.0731503865752,-19.14,0.6797473553606451,3564511334.262453
1166391,1327074,,,1043441,,,G,201.995,-5.5375,608.135,,0.129229864615,-20.44,0.6797606763730716,11803206356.517323
1166411,1327094,,,1043978,,,G,205.223,-5.4961699999999984,328.095,,0.07251282625639999,-19.97,0.6797677116474884,7655966069.112569
1166422,1327105,,,1044400,,,G,206.033,-5.46459,420.727,,0.09172531586269997,-20.35,0.6797726547760569,10864256236.170687
1166432,1327115,,,1044610,,,G,206.416,-5.44845,887.1560000000002,,0.182211631106,-21.04,0.6797765030007058,20511621788.25571
1166433,1327116,,,1044611,,,G,202.176,-5.44807,554.626,,0.118694579347,-20.65,0.6797770322844426,14321878992.735456
1166452,1327135,,,1045012,,,G,205.927,-5.41666,422.669,,0.0921230560615,-20.36,0.6797850383821153,10964781961.431871
1166454,1327137,,,1045045,,,G,200.219,-5.4142,376.704,,0.08265478132739999,-19.89,0.6797859145423643,7112135136.533323
1166457,1327140,,,1045089,,,G,202.692,-5.41018,695.0239999999999,,0.146065993033,-20.6,0.6797880162196658,13677288255.958578
1166469,1327152,,,1045429,,,G,202.236,-5.38312,1174.9,,0.233942216971,-22.07,0.6797961196562182,52966344389.166016
1166507,1327190,,,1046234,,,G,206.41,-5.3258199999999984,331.131,,0.0731503865752,-19.72,0.6798087237892447,6081350012.7871895
1166508,1327191,,,1046243,,,G,203.063,-5.32527,1288.25,,0.253637706819,-22.03,0.6798106104271241,51050499997.540855
1166522,1327205,,,1046555,,,G,200.252,-5.3019300000000005,369.828,,0.08122825061410001,-19.48,0.679818271403524,4875284901.033871
1166524,1327207,,,1046640,,,G,202.641,-5.29691,554.626,,0.118694579347,-20.29,0.6798188581860987,10280162981.264746
1166525,1327208,,,1046647,,,G,201.31,-5.29636,522.396,,0.112284326142,-20.28,0.6798192346198448,10185913880.541231
1166563,1327246,,,1047374,,,G,205.585,-5.23983,414.954,,0.090541965271,-19.86,0.6798329260578696,6918309709.18939
1166567,1327250,,,1047475,,,G,200.221,-5.2324199999999985,291.072,,0.0646953623477,-19.36,0.6798340019608385,4365158322.401666
1166571,1327254,,,1047520,,,G,206.764,-5.22896,331.131,,0.0731503865752,-19.55,0.6798359311923573,5199959965.335173
1166578,1327261,,,1047564,,,G,202.682,-5.22595,552.077,,0.118189529095,-20.82,0.6798386440859491,16749428760.26445
1166645,1327328,,,1048829,,,G,201.656,-5.13666,990.832,,0.201157840579,-21.86,0.6798650148534812,43651583224.016655
1166673,1327356,,,1049717,,,G,203.18400000000003,-5.0709300000000015,343.55800000000005,,0.0757537578769,-19.43,0.6798764614732569,4655860935.229601
1166705,1327388,,,1050198,,,G,202.261,-5.03325,467.735,,0.101296700648,-20.55,0.6798879930487134,13061708881.318405
1166735,1327418,,,1050879,,,G,209.814,-4.9805,610.942,,0.129778804889,-20.32,0.6798984122230579,10568175092.136606
1166746,1327429,,,1051085,,,G,203.341,-4.96672,390.841,,0.08557924278960001,-20.19,0.6799022451683906,9375620069.258831
1166758,1327441,,,1051224,,,G,200.361,-4.95688,291.072,,0.0646953623477,-19.5,0.6799056511292917,4965923214.503378
1166759,1327442,,,1051225,,,G,203.061,-4.95673,329.61,,0.0728309764155,-20.15,0.6799059850847528,9036494737.223042
1166762,1327445,,,1051268,,,G,206.641,-4.95275,472.0630000000001,,0.102172191086,-20.6,0.6799073461737131,13677288255.958578
1166769,1327452,,,1051361,,,G,200.295,-4.94775,616.595,,0.130883615442,-21.07,0.6799093097860142,21086281499.332973
1166794,1327477,,,1051634,,,G,200.34,-4.92681,295.121,,0.0655542627771,-19.02,0.6799195757814465,3191537855.1007576
1166813,1327496,,,1051929,,,G,200.402,-4.90476,946.237,,0.193053306527,-21.81,0.6799287627183909,41686938347.03346
1166824,1327507,,,1052085,,,G,200.554,-4.89245,562.341,,0.120221700111,-20.42,0.6799337714960525,11587773561.55131
1166830,1327513,,,1052156,,,G,205.094,-4.88731,390.841,,0.08557924278960001,-20.44,0.6799360695437402,11803206356.517323
1166834,1327517,,,1052191,,,G,209.301,-4.88428,358.096,,0.07878825939410003,-19.11,0.6799368524902434,3467368504.525324
1166835,1327518,,,1052200,,,G,202.82,-4.88359,517.607,,0.111327565664,-20.2,0.6799372021845405,9462371613.657913
1166836,1327519,,,1052208,,,G,205.441,-4.88285,335.73800000000006,,0.07411659705830001,-20.95,0.6799378999163933,18879913490.962925
1166844,1327527,,,1052351,,,G,206.128,-4.87404,688.6519999999998,,0.144842322421,-20.8,0.6799411292803126,16443717232.149357
1166851,1327534,,,1052449,,,G,202.285,-4.86385,329.61,,0.0728309764155,-19.68,0.6799436211432893,5861381645.140297
1166853,1327536,,,1052491,,,G,202.729,-4.86092,454.98800000000006,,0.09871264935630003,-19.91,0.6799441565928239,7244359600.74989
1166855,1327538,,,1052513,,,G,208.33,-4.85934,338.844,,0.07476738738369999,-19.66,0.6799445429096685,5754399373.371567
1166858,1327541,,,1052579,,,G,200.228,-4.8551199999999985,622.3,,0.131996825998,-21.03,0.6799472879443164,20323570109.36229
1166875,1327558,,,1052792,,,G,202.357,-4.8383400000000005,469.894,,0.101733500867,-20.09,0.6799535462197781,8550667128.846841
1166906,1327589,,,1053260,,,G,202.522,-4.80185,469.894,,0.101733500867,-20.44,0.6799639247572556,11803206356.517323
1166919,1327602,,,1053459,,,G,202.47,-4.7885800000000005,492.04,,0.1062006231,-20.98,0.6799708283493364,19408858775.92779
1166941,1327624,,,1053765,,,G,205.273,-4.76713,517.607,,0.111327565664,-20.66,0.6799795434803547,14454397707.459282
1166947,1327630,,,1053834,,,G,200.281,-4.7636,288.403,,0.0641285720643,-19.25,0.679981878378565,3944573020.752801
1166975,1327658,,,1054163,,,G,207.048,-4.7399,512.861,,0.110378365189,-20.41,0.6799946478357077,11481536214.968842
1166994,1327677,,,1054409,,,G,202.013,-4.72196,448.745,,0.097444038722,-19.7,0.6800012264332203,5970352865.838366
1166999,1327682,,,1054508,,,G,206.712,-4.71327,414.954,,0.090541965271,-19.7,0.6800025908672007,5970352865.838366
1167003,1327686,,,1054550,,,G,202.58900000000003,-4.70985,320.627,,0.07094265547129999,-18.86,0.6800042879083189,2754228703.338175
1167009,1327692,,,1054627,,,G,203.222,-4.70281,510.505,,0.109906704953,-20.73,0.6800075185079939,15417004529.495615
1167015,1327698,,,1054685,,,G,200.773,-4.69895,554.626,,0.118694579347,-20.08,0.6800111349446727,8472274141.40598
1167021,1327704,,,1054758,,,G,209.197,-4.6925,679.204,,0.143024771512,-21.74,0.6800151457979371,39084089579.24009
1167045,1327728,,,1055089,,,G,205.285,-4.6661,522.396,,0.112284326142,-20.86,0.6800255917142869,17378008287.49384
1167074,1327757,,,1055531,,,G,204.975,-4.63241,409.261,,0.08937310468660001,-20.4,0.6800386317581311,11376272858.234331
1167091,1327774,,,1055816,,,G,205.239,-4.61188,454.98800000000006,,0.09871264935630003,-20.49,0.680047553771697,12359474334.445068
1167095,1327778,,,1055866,,,G,200.533,-4.6096900000000005,368.129,,0.08087545043769999,-19.42,0.6800483732687674,4613175745.603809
1167112,1327795,,,1055993,,,G,208.887,-4.60055,341.9790000000001,,0.0754236377118,-19.59,0.6800536871907944,5395106225.151268
1167119,1327802,,,1056048,,,G,207.98,-4.59665,428.549,,0.09332614666310003,-20.11,0.6800568410819182,8709635899.560833
1167125,1327808,,,1056114,,,G,205.199,-4.59176,605.341,,0.128682814341,-21.56,0.6800602382599505,33113112148.259075
1167133,1327816,,,1056264,,,G,204.802,-4.58025,605.341,,0.128682814341,-20.6,0.6800630207532576,13677288255.958578
1167134,1327817,,,1056320,,,G,203.843,-4.57608,820.352,,0.16980335490200002,-21.41,0.6800640865847537,28840315031.266117
1167149,1327832,,,1056604,,,G,205.971,-4.55422,812.831,,0.16839593419799995,-21.55,0.6800723138937557,32809529311.311905
1167166,1327849,,,1056848,,,G,205.92,-4.53808,345.144,,0.07608555804280001,-20.28,0.6800797853668423,10185913880.541231
1167173,1327856,,,1056909,,,G,208.583,-4.53389,701.455,,0.14729932365,-20.6,0.6800825894166875,13677288255.958578
1167177,1327860,,,1056959,,,G,200.527,-4.53107,369.828,,0.08122825061410001,-20.1,0.6800837477150246,8629785477.669737
1167200,1327883,,,1057295,,,G,201.972,-4.5056,660.693,,0.139452669726,-20.9,0.6800955217831394,18030177408.5957
1167208,1327891,,,1057382,,,G,207.38,-4.49835,426.58,,0.0929235764618,-20.57,0.6800983023114343,13304544179.780985
1167217,1327900,,,1057468,,,G,201.803,-4.4913300000000005,657.658,,0.138865509433,-20.93,0.6801026420263978,18535316234.148144
1167221,1327904,,,1057504,,,G,200.61900000000003,-4.48886,381.944,,0.08374006187000001,-19.91,0.6801038096837106,7244359600.74989
1167240,1327923,,,1057803,,,G,200.144,-4.46685,295.121,,0.0655542627771,-18.99,0.6801106360078892,3104559588.128349
1167248,1327931,,,1057898,,,G,208.217,-4.4603,340.408,,0.0750947775474,-20.4,0.6801135842117699,11376272858.234331
1167249,1327932,,,1057901,,,G,203.616,-4.4601,515.229,,0.110852125426,-20.66,0.6801141183929089,14454397707.459282
1167253,1327936,,,1057958,,,G,202.885,-4.4563,529.663,,0.113733956867,-20.92,0.6801155890829869,18365383433.483585
1167262,1327945,,,1058042,,,G,200.742,-4.45005,385.478,,0.08447107223549999,-19.73,0.6801185650308416,6137620051.647945
1167278,1327961,,,1058170,,,G,203.456,-4.4398300000000015,398.107,,0.08707801353900001,-19.69,0.6801245335242623,5915616341.754743
1167297,1327980,,,1058385,,,G,205.271,-4.42339,414.954,,0.090541965271,-19.89,0.6801339671294601,7112135136.533323
1167302,1327985,,,1058414,,,G,209.511,-4.42245,322.107,,0.071254085627,-19.57,0.6801355057083202,5296634438.916602
1167317,1328000,,,1058640,,,G,204.944,-4.40484,695.0239999999999,,0.146065993033,-20.53,0.6801415089398675,12823305826.560284
1167318,1328001,,,1058660,,,G,201.076,-4.40341,356.451,,0.07844553922280001,-19.55,0.6801417011111771,5199959965.335173
1167325,1328008,,,1058761,,,G,200.989,-4.3951400000000005,343.55800000000005,,0.0757537578769,-21.7,0.6801452402972122,37670379898.39093
1167334,1328017,,,1058847,,,G,201.788,-4.38885,444.631,,0.0966069783035,-20.36,0.6801489796871765,10964781961.431871
1167337,1328020,,,1058865,,,G,204.456,-4.38705,695.0239999999999,,0.146065993033,-21.48,0.6801510372100867,30760968147.40705
1167351,1328034,,,1059018,,,G,208.261,-4.37711,338.844,,0.07476738738369999,-19.78,0.6801585697494869,6426877173.17022
1167355,1328038,,,1059081,,,G,201.092,-4.37316,827.942,,0.17122127561099998,-21.42,0.6801612659961926,29107171180.6662
1167356,1328039,,,1059083,,,G,208.917,-4.37258,436.516,,0.0949530174765,-19.67,0.6801614806252657,5807644175.2131605
1167357,1328040,,,1059105,,,G,200.633,-4.37125,407.38,,0.0889864944932,-19.85,0.6801617339563896,6854882264.526649
1167383,1328066,,,1059499,,,G,207.063,-4.34586,515.229,,0.110852125426,-20.03,0.6801769690385229,8090958991.783845
1167384,1328067,,,1059516,,,G,201.48,-4.34551,758.578,,0.15818047909000002,-21.05,0.6801777340862862,20701413487.910458
1167387,1328070,,,1059558,,,G,209.196,-4.34215,334.195,,0.0737929868965,-19.38,0.6801787628131145,4446312674.691084
1167389,1328072,,,1059577,,,G,209.811,-4.34094,413.048,,0.0901507350754,-19.42,0.6801791843076173,4613175745.603809
1167390,1328073,,,1059583,,,G,200.676,-4.3407,387.258,,0.08483899241949999,-19.82,0.6801794307347647,6668067692.136246
1167392,1328075,,,1059629,,,G,204.592,-4.33824,394.457,,0.08632537316269999,-19.22,0.6801799034325261,3837072454.9228
1167397,1328080,,,1059649,,,G,205.251,-4.336,916.22,,0.18756012378,-22.48,0.6801848543808605,77268058509.57022
1167401,1328084,,,1059660,,,G,202.803,-4.336,501.187,,0.108038544019,-20.2,0.6801864352937035,9462371613.657913
1167411,1328094,,,1059801,,,G,206.952,-4.32752,1122.02,,0.224629132315,-21.46,0.680191016487475,30199517204.020317
1167431,1328114,,,1059983,,,G,200.67,-4.3114,411.15,,0.08976118488060003,-20.01,0.6801980138334296,7943282347.242822
1167436,1328119,,,1060011,,,G,206.861,-4.3097,1004.62,,0.203650331825,-21.89,0.6802006519816811,44874538993.313324
1167445,1328128,,,1060157,,,G,201.162,-4.29979,341.9790000000001,,0.0754236377118,-19.84,0.6802036173374687,6792036326.171857
1167449,1328132,,,1060198,,,G,209.531,-4.29721,354.8130000000001,,0.078104079052,-19.52,0.6802049413009875,5058246620.031148
1167451,1328134,,,1060219,,,G,202.23,-4.29511,392.645,,0.0859515729758,-20.76,0.6802057997211016,15848931924.611176
1167479,1328162,,,1060601,,,G,203.681,-4.26691,392.645,,0.0859515729758,-20.11,0.6802182669095332,8709635899.560833
1167495,1328178,,,1060749,,,G,201.482,-4.25526,337.287,,0.07444125722060001,-19.29,0.6802239040363642,4092606597.3001275
1167519,1328202,,,1061092,,,G,206.156,-4.22995,396.278,,0.0867008533504,-19.17,0.6802355243743735,3664375746.478348
1167541,1328224,,,1061337,,,G,200.312,-4.2114400000000005,378.443,,0.0830151415076,-19.55,0.6802457652850643,5199959965.335173
1167543,1328226,,,1061351,,,G,209.677,-4.21054,334.195,,0.0737929868965,-20.6,0.6802467359994315,13677288255.958578
1167544,1328227,,,1061378,,,G,207.362,-4.20918,654.636,,0.13828065914,-20.95,0.6802474337312843,18879913490.962925
1167571,1328254,,,1061693,,,G,207.973,-4.18466,430.527,,0.0937303968652,-20.55,0.6802596981222383,13061708881.318405
1167589,1328272,,,1061850,,,G,201.349,-4.1741,660.693,,0.139452669726,-21.46,0.6802682382619424,30199517204.020317
1167601,1328284,,,1061967,,,G,205.86900000000003,-4.1647,394.457,,0.08632537316269999,-20.0,0.6802764807842441,7870457896.951001
1167602,1328285,,,1061980,,,G,203.638,-4.16367,539.511,,0.115694517847,-21.14,0.6802773119517376,22490546058.357918
1167607,1328290,,,1062035,,,G,204.095,-4.15915,510.505,,0.109906704953,-19.59,0.6802799148861262,5395106225.151268
1167618,1328301,,,1062152,,,G,209.243,-4.1518,332.66,,0.0734710567355,-19.41,0.6802833031062759,4570881896.148752
1167624,1328307,,,1062257,,,G,200.438,-4.1441,394.457,,0.08632537316269999,-19.1,0.6802851635040166,3435579478.998757
1167627,1328310,,,1062287,,,G,205.76,-4.14206,420.727,,0.09172531586269997,-19.69,0.6802857563632855,5915616341.754743
1167640,1328323,,,1062415,,,G,209.963,-4.1325,580.764,,0.123857221929,-20.67,0.6802906238157729,14588142602.753534
1167644,1328327,,,1062442,,,G,201.009,-4.1307,337.287,,0.07444125722060001,-19.8,0.680292252455778,6546361740.672761
1167646,1328329,,,1062444,,,G,209.77,-4.13066,334.195,,0.0737929868965,-19.39,0.6802927091585429,4487453899.331332
1167652,1328335,,,1062535,,,G,201.715,-4.12444,338.844,,0.07476738738369999,-19.58,0.6802951780474487,5345643593.969735
1167658,1328341,,,1062678,,,G,202.007,-4.11452,498.884,,0.107576333788,-19.95,0.6802977629391656,7516228940.182045
1167665,1328348,,,1062745,,,G,204.461,-4.10877,827.942,,0.17122127561099998,-21.3,0.6803023778500438,26061535499.988976
1167681,1328364,,,1063025,,,G,208.224,-4.09029,428.549,,0.09332614666310003,-19.95,0.6803085788018773,7516228940.182045
1167690,1328373,,,1063110,,,G,209.59,-4.0819800000000015,522.396,,0.112284326142,-20.07,0.6803126494262843,8394599865.193998
1167713,1328396,,,1063456,,,G,208.634,-4.05662,599.7909999999998,,0.12759564379799998,-20.84,0.6803205010475851,17060823890.03121
1167727,1328410,,,1063658,,,G,201.091,-4.041919999999998,369.828,,0.08122825061410001,-21.0,0.6803268642499195,19769696401.11866
1167731,1328414,,,1063692,,,G,200.789,-4.0402,424.62,,0.0925224762612,-20.37,0.680330061877322,11066237839.776676
1167733,1328416,,,1063699,,,G,209.036,-4.03955,572.7959999999998,,0.122286841143,-21.09,0.6803311258381101,21478304741.30537
1167741,1328424,,,1063794,,,G,205.86900000000003,-4.03285,345.144,,0.07608555804280001,-19.6,0.6803339365029373,5445026528.424242
1167757,1328440,,,1064048,,,G,208.552,-4.0152,954.993,,0.194649727325,-20.97,0.6803396090208809,19230917289.101616
1167761,1328444,,,1064086,,,G,209.804,-4.01224,676.0830000000002,,0.14242354121200002,-20.57,0.6803411897211972,13304544179.780985
1167768,1328451,,,1064215,,,G,207.841,-4.00217,645.654,,0.13653975827,-20.28,0.6803434877188143,10185913880.541231
1167770,1328453,,,1064237,,,G,205.797,-4.00073,399.945,,0.0874566437283,-19.77,0.6803440759848915,6367955209.079162
1167773,1328456,,,1064369,,,G,208.597,-3.99069,648.634,,0.137117678559,-20.71,0.6803454920832571,15135612484.362131
1167794,1328477,,,1064525,,,G,206.563,-3.97866,337.287,,0.07444125722060001,-19.78,0.6803523719847443,6426877173.17022
1167805,1328488,,,1064659,,,G,208.415,-3.96678,334.195,,0.0737929868965,-19.46,0.6803595267378366,4786300923.226399
1167806,1328489,,,1064680,,,G,208.937,-3.96524,338.844,,0.07476738738369999,-19.28,0.6803596765988104,4055085354.48386
1167809,1328492,,,1064737,,,G,203.562,-3.9606,364.754,,0.080174050087,-19.43,0.6803603757047773,4655860935.229601
1167810,1328493,,,1064742,,,G,205.497,-3.96065,717.794,,0.150425175213,-20.89,0.680361035924585,17864875748.52061
1167811,1328494,,,1064763,,,G,200.722,-3.959,1241.65,,0.245583572792,-21.79,0.6803625484007862,40926065973.00127
1167818,1328501,,,1064832,,,G,204.972,-3.95357,790.679,,0.164238562119,-21.24,0.6803660294786092,24660393372.34336
1167820,1328503,,,1064872,,,G,202.439,-3.95046,542.001,,0.116189488095,-20.75,0.6803667310785856,15703628043.33558
1167821,1328504,,,1064898,,,G,202.219,-3.9475,448.745,,0.097444038722,-20.53,0.6803672049805946,12823305826.560284
1167830,1328513,,,1064951,,,G,201.009,-3.9439,338.844,,0.07476738738369999,-20.13,0.6803701344135977,8871560120.37962
1167845,1328528,,,1065173,,,G,203.667,-3.92514,287.078,,0.0638469619235,-20.17,0.6803777181480072,9204495717.53176
1167863,1328546,,,1065453,,,G,203.861,-3.8997,338.844,,0.07476738738369999,-20.39,0.6803839758104201,11271974561.75514
1167864,1328547,,,1065454,,,G,209.537,-3.89942,522.396,,0.112284326142,-20.03,0.6803842748223732,8090958991.783845
1167876,1328559,,,1065702,,,G,207.915,-3.88016,426.58,,0.0929235764618,-20.09,0.6803897935314067,8550667128.846841
1167885,1328568,,,1065845,,,G,201.759,-3.869,542.001,,0.116189488095,-20.59,0.6803935497200851,13551894123.510351
1167892,1328575,,,1065879,,,G,203.33900000000003,-3.86614,392.645,,0.0859515729758,-20.17,0.6803966105765743,9204495717.53176
1167903,1328586,,,1065963,,,G,202.551,-3.85925,622.3,,0.131996825998,-20.79,0.6804015639490197,16292960326.397282
1167908,1328591,,,1066068,,,G,208.329,-3.85064,522.396,,0.112284326142,-20.21,0.6804027376758814,9549925860.214407
1167913,1328596,,,1066129,,,G,200.77,-3.84565,537.0319999999998,,0.115201437601,-20.35,0.6804042759475278,10864256236.170687
1167920,1328603,,,1066160,,,G,203.853,-3.84256,311.889,,0.0691009545505,-19.23,0.6804068894189096,3872576449.216165
1167930,1328613,,,1066296,,,G,200.8,-3.8322,622.3,,0.131996825998,-20.45,0.6804101930805665,11912420080.273762
1167936,1328619,,,1066344,,,G,203.55,-3.82843,557.186,,0.119201729601,-20.38,0.6804125263361892,11168632477.805613
1167953,1328636,,,1066647,,,G,203.376,-3.804030000000001,580.764,,0.123857221929,-20.2,0.6804198969112008,9462371613.657913
1167958,1328641,,,1066686,,,G,201.31,-3.80142,625.173,,0.132557106279,-21.06,0.6804218984697373,20892961308.54041
1167961,1328644,,,1066696,,,G,205.986,-3.79999,787.046,,0.163555011778,-21.14,0.6804236484849879,22490546058.357918
1167968,1328651,,,1066804,,,G,202.693,-3.791630000000001,440.555,,0.0957766378883,-20.34,0.6804263030838752,10764652136.29835
1167969,1328652,,,1066816,,,G,202.892,-3.7908,547.016,,0.117185518593,-20.46,0.6804267473963939,12022644346.17418
1167978,1328661,,,1066942,,,G,203.966,-3.78033,779.83,,0.162195681098,-21.7,0.6804309720221384,37670379898.39093
1167987,1328670,,,1067015,,,G,201.819,-3.77532,469.894,,0.101733500867,-20.49,0.6804340326552561,12359474334.445068
1168016,1328699,,,1067445,,,G,202.092,-3.74174,380.189,,0.0833767616884,-19.59,0.6804464627856638,5395106225.151268
1168026,1328709,,,1067683,,,G,202.902,-3.72354,883.08,,0.18145920073,-20.65,0.6804504704319337,14321878992.735456
1168035,1328718,,,1067815,,,G,207.078,-3.71248,990.832,,0.201157840579,-21.25,0.6804550607382848,24888573182.82396
1168036,1328719,,,1067836,,,G,201.328,-3.71095,625.173,,0.132557106279,-20.22,0.6804554169338842,9638290236.239744
1168040,1328723,,,1067871,,,G,203.882,-3.70716,567.545,,0.121250280625,-20.42,0.6804564870501988,11587773561.55131
1168050,1328733,,,1068058,,,G,201.363,-3.69124,544.503,,0.116686558343,-20.25,0.6804620579608518,9908319448.927729
1168053,1328736,,,1068158,,,G,209.228,-3.68325,331.131,,0.0731503865752,-19.21,0.6804651046350171,3801893963.205628
1168059,1328742,,,1068242,,,G,201.352,-3.67626,519.996,,0.111805105903,-20.61,0.6804670335920495,13803842646.028866
1168065,1328748,,,1068299,,,G,203.085,-3.67124,549.5409999999998,,0.117686578843,-20.48,0.6804690281037742,12246161992.650517
1168075,1328758,,,1068438,,,G,201.118,-3.65989,474.242,,0.102612561306,-19.98,0.6804730025964713,7726805850.957022
1168092,1328775,,,1068782,,,G,207.051,-3.6304,879.023,,0.180709710355,-21.38,0.6804808289210627,28054336379.51716
1168097,1328780,,,1068907,,,G,208.886,-3.62151,345.144,,0.07608555804280001,-20.08,0.6804826275160261,8472274141.40598
1168106,1328789,,,1069053,,,G,208.196,-3.6101,368.129,,0.08087545043769999,-19.07,0.6804864053754459,3341950400.261149
1168107,1328790,,,1069055,,,G,203.211,-3.61005,394.457,,0.08632537316269999,-19.54,0.6804865957849183,5152286445.817583
1168119,1328802,,,1069231,,,G,202.357,-3.5960300000000003,385.478,,0.08447107223549999,-20.56,0.6804921957787207,13182567385.564049
1168131,1328814,,,1069470,,,G,203.517,-3.57625,292.415,,0.0649803324902,-18.74,0.6804960448403694,2466039337.234336
1168140,1328823,,,1069581,,,G,208.396,-3.56632,366.4380000000001,,0.08052412026210001,-19.55,0.6805008797235692,5199959965.335173
1168145,1328828,,,1069667,,,G,208.763,-3.5595,340.408,,0.0750947775474,-19.47,0.6805030054722309,4830588020.397738
1168163,1328846,,,1069827,,,G,201.61,-3.54551,480.839,,0.103944381972,-20.26,0.6805100912264902,10000000000.0
1168165,1328848,,,1069861,,,G,200.49,-3.54267,485.289,,0.104841502421,-20.25,0.6805107154422728,9908319448.927729
1168169,1328852,,,1069906,,,G,203.5,-3.53921,311.889,,0.0691009545505,-18.97,0.680511449568527,3047894989.6279826
1168213,1328896,,,1070615,,,G,201.124,-3.4888,353.18300000000005,,0.0777642988821,-19.81,0.6805316692884703,6606934480.075964
1168219,1328902,,,1070740,,,G,201.433,-3.47997,351.56,,0.0774255687128,-19.36,0.6805338511751865,4365158322.401666
1168230,1328913,,,1070838,,,G,209.977,-3.47256,787.046,,0.163555011778,-21.43,0.6805391658390126,29376496519.615425
1168233,1328916,,,1070907,,,G,206.285,-3.4658800000000003,389.045,,0.08520817260410002,-19.34,0.6805398285971912,4285485203.9743924
1168235,1328918,,,1070928,,,G,209.552,-3.46454,827.942,,0.17122127561099998,-20.97,0.6805408410795242,19230917289.101616
1168236,1328919,,,1070932,,,G,201.785,-3.46437,831.7639999999999,,0.171934645967,-21.01,0.6805415784547628,19952623149.688828
1168258,1328941,,,1071193,,,G,204.286,-3.4454800000000003,776.247,,0.16151990076,-21.1,0.6805496312887566,21677041048.19705
1168259,1328942,,,1071203,,,G,203.97,-3.4449400000000003,748.17,,0.156207738104,-20.56,0.6805501184677455,13182567385.564049
1168290,1328973,,,1071754,,,G,206.722,-3.40185,416.869,,0.0909346654673,-19.82,0.6805621963279183,6668067692.136246
1168301,1328984,,,1071888,,,G,206.462,-3.3917900000000003,387.258,,0.08483899241949999,-19.83,0.6805670990323488,6729766562.843196
1168314,1328997,,,1072210,,,G,206.71400000000003,-3.3712800000000005,469.894,,0.101733500867,-19.62,0.6805715418883468,5546257129.579103
1168323,1329006,,,1072342,,,G,209.042,-3.36148,337.287,,0.07444125722060001,-19.38,0.6805740310918594,4446312674.691084
1168329,1329012,,,1072399,,,G,209.11900000000003,-3.3567,544.503,,0.116686558343,-20.05,0.6805772899004754,8241381150.13003
1168337,1329020,,,1072583,,,G,202.202,-3.34496,839.46,,0.173369156685,-21.44,0.6805805579535534,29648313895.24352
1168342,1329025,,,1072632,,,G,202.234,-3.34215,304.789,,0.0676013438007,-19.17,0.6805818865886989,3664375746.478348
1168355,1329038,,,1072819,,,G,206.753,-3.32973,839.46,,0.173369156685,-21.69,0.6805877122645191,37325015779.572136
1168366,1329049,,,1072974,,,G,204.414,-3.31801,396.278,,0.0867008533504,-19.61,0.6805947220522107,5495408738.576271
1168386,1329069,,,1073241,,,G,200.624,-3.29762,313.329,,0.0694048247024,-19.75,0.6806055899172726,6251726927.756875
1168388,1329071,,,1073245,,,G,208.676,-3.29769,695.0239999999999,,0.146065993033,-20.92,0.6806065704126719,18365383433.483585
1168392,1329075,,,1073286,,,G,203.132,-3.29434,539.511,,0.115694517847,-20.18,0.6806086196724124,9289663867.7994
1168395,1329078,,,1073330,,,G,200.384,-3.29231,776.247,,0.16151990076,-20.94,0.6806096087880232,18706821403.658016
1168404,1329087,,,1073438,,,G,208.741,-3.28536,329.61,,0.0728309764155,-19.6,0.6806129328916795,5445026528.424242
1168405,1329088,,,1073471,,,G,208.912,-3.28364,346.737,,0.0764184082092,-19.17,0.6806130683134695,3664375746.478348
1168409,1329092,,,1073531,,,G,204.977,-3.27855,734.5139999999999,,0.153612766806,-21.11,0.680614660616803,21877616239.49561
1168426,1329109,,,1073711,,,G,201.241,-3.26801,340.408,,0.0750947775474,-19.37,0.6806204387517255,4405548635.065536
1168427,1329110,,,1073730,,,G,200.743,-3.2669,751.623,,0.156862728431,-20.83,0.6806210634762423,16904409316.4327
1168433,1329116,,,1073767,,,G,201.195,-3.26591,373.25,,0.0819384709692,-19.8,0.6806228109521919,6546361740.672761
1168440,1329123,,,1073922,,,G,208.425,-3.25531,331.131,,0.0731503865752,-18.94,0.6806246863595778,2964831389.524339
1168443,1329126,,,1073944,,,G,201.479,-3.25383,820.352,,0.16980335490200002,-21.23,0.6806267589402479,24434305526.939716
1168447,1329130,,,1073967,,,G,203.226,-3.25252,301.995,,0.0670104035052,-19.41,0.6806283821124925,4570881896.148752
1168459,1329142,,,1074081,,,G,203.578,-3.2446200000000003,398.107,,0.08707801353900001,-19.53,0.6806322635188533,5105049999.754086
1168470,1329153,,,1074183,,,G,200.986,-3.23761,630.957,,0.133683756842,-20.57,0.6806386287589699,13304544179.780985
1168495,1329178,,,1074570,,,G,208.856,-3.21255,337.287,,0.07444125722060001,-19.31,0.6806489635413975,4168693834.7033467
1168499,1329182,,,1074597,,,G,203.86,-3.2113,851.138,,0.175541817771,-20.79,0.680650609074364,16292960326.397282
1168502,1329185,,,1074617,,,G,209.027,-3.20973,1122.02,,0.224629132315,-21.29,0.6806526955000471,25822601906.34601
1168503,1329186,,,1074638,,,G,200.705,-3.20758,843.335,,0.174090507045,-20.83,0.6806533202245639,16904409316.4327
1168507,1329190,,,1074707,,,G,206.13,-3.20205,337.287,,0.07444125722060001,-19.81,0.6806550238537368,6606934480.075964
1168511,1329194,,,1074776,,,G,203.673,-3.19837,920.45,,0.188336074168,-20.83,0.6806566493135424,16904409316.4327
1168514,1329197,,,1074799,,,G,203.154,-3.19658,847.227,,0.17481479740699998,-20.97,0.6806583752321734,19230917289.101616
1168522,1329205,,,1074970,,,G,209.049,-3.18568,293.765,,0.0652667726334,-19.32,0.6806609857713964,4207266283.8444633
1168527,1329210,,,1075059,,,G,209.086,-3.18099,597.035,,0.127055103528,-20.87,0.6806630036131899,17538805018.417603
1168532,1329215,,,1075156,,,G,205.263,-3.17417,628.058,,0.13311927656,-19.88,0.680664433358908,7046930689.671453
1168541,1329224,,,1075236,,,G,203.897,-3.17101,396.278,,0.0867008533504,-20.07,0.6806683558241159,8394599865.193998
1168543,1329226,,,1075252,,,G,202.768,-3.17011,436.516,,0.0949530174765,-20.08,0.6806692386835991,8472274141.40598
1168574,1329257,,,1075707,,,G,202.24,-3.1436900000000003,392.645,,0.0859515729758,-19.89,0.6806828166373591,7112135136.533323
1168590,1329273,,,1075895,,,G,204.072,-3.13406,337.287,,0.07444125722060001,-19.43,0.6806882041794737,4655860935.229601
1168596,1329279,,,1075966,,,G,207.718,-3.12991,373.25,,0.0819384709692,-19.87,0.6806903818795893,6982324040.771733
1168598,1329281,,,1076009,,,G,201.36900000000003,-3.12777,390.841,,0.08557924278960001,-19.39,0.6806907874306306,4487453899.331332
1168622,1329305,,,1076312,,,G,201.699,-3.11165,820.352,,0.16980335490200002,-20.98,0.6806991179828756,19408858775.92779
1168625,1329308,,,1076339,,,G,207.61900000000003,-3.11017,492.04,,0.1062006231,-20.44,0.6807001732196158,11803206356.517323
1168636,1329319,,,1076467,,,G,200.616,-3.10238,309.03,,0.0684974142487,-19.01,0.6807042270843814,3162277660.16838
1168647,1329330,,,1076761,,,G,202.452,-3.08645,392.645,,0.0859515729758,-19.92,0.6807085974029126,7311390834.834217
1168664,1329347,,,1077051,,,G,200.4,-3.0691200000000003,351.56,,0.0774255687128,-19.59,0.6807145699025825,5395106225.151268
1168671,1329354,,,1077242,,,G,200.061,-3.05945,744.732,,0.155555057778,-20.7,0.6807172544088965,14996848355.02374
1168673,1329356,,,1077308,,,G,202.732,-3.05566,376.704,,0.08265478132739999,-19.71,0.6807181252620969,6025595860.743593
1168706,1329389,,,1077870,,,G,204.915,-3.02226,519.996,,0.111805105903,-19.62,0.6807345437730465,5546257129.579103
1168713,1329396,,,1077983,,,G,201.234,-3.01705,394.457,,0.08632537316269999,-19.95,0.680737342725234,7516228940.182045
1168716,1329399,,,1078048,,,G,203.965,-3.01445,483.059,,0.104392102196,-20.12,0.6807383593849298,8790225168.308859
1168732,1329415,,,1078334,,,G,209.652,-2.9979,420.727,,0.09172531586269997,-19.44,0.6807453833642391,4698941086.05216
1168736,1329419,,,1078396,,,G,201.16,-2.99559,396.278,,0.0867008533504,-20.39,0.6807467175457755,11271974561.75514
1168741,1329424,,,1078497,,,G,208.767,-2.98996,941.89,,0.19225971613,-21.0,0.6807492698287942,19769696401.11866
1168752,1329435,,,1078652,,,G,201.102,-2.98093,358.096,,0.07878825939410003,-19.47,0.6807529190350579,4830588020.397738
1168782,1329465,,,1079070,,,G,201.216,-2.96035,512.861,,0.110378365189,-20.45,0.6807635500485427,11912420080.273762
1168791,1329474,,,1079170,,,G,209.186,-2.95592,602.56,,0.128138284069,-20.49,0.6807676934337507,12359474334.445068
1168792,1329475,,,1079173,,,G,202.209,-2.95495,924.698,,0.189114754557,-21.42,0.6807687691272641,29107171180.6662
1168793,1329476,,,1079192,,,G,200.63,-2.9542900000000003,387.258,,0.08483899241949999,-19.79,0.6807690088385877,6486344335.482401
1168814,1329497,,,1079442,,,G,202.011,-2.94301,381.944,,0.08374006187000001,-19.62,0.6807786124899795,5546257129.579103
1168815,1329498,,,1079493,,,G,204.988,-2.94021,430.527,,0.0937303968652,-20.24,0.6807789753077497,9817479430.199823
1168837,1329520,,,1079793,,,G,200.105,-2.92583,995.405,,0.201985240993,-21.32,0.6807894750627825,26546055619.75547
1168844,1329527,,,1079903,,,G,205.056,-2.92001,414.954,,0.090541965271,-19.97,0.6807914206488506,7655966069.112569
1168853,1329536,,,1080050,,,G,202.563,-2.91259,835.6030000000002,,0.172650326325,-20.81,0.6807973021789447,16595869074.375563
1168889,1329572,,,1080650,,,G,202.58900000000003,-2.88572,859.0139999999999,,0.17700425850200002,-20.83,0.6808123583341159,16904409316.4327
1168892,1329575,,,1080793,,,G,200.388,-2.8787,512.861,,0.110378365189,-20.23,0.6808140980900667,9727472237.76964
1168895,1329578,,,1080832,,,G,207.948,-2.8775,368.129,,0.08087545043769999,-18.87,0.6808147102324259,2779713267.759294
1168897,1329580,,,1080838,,,G,206.592,-2.87732,512.861,,0.110378365189,-20.16,0.6808153843234517,9120108393.559114
1168898,1329581,,,1080858,,,G,200.789,-2.8765400000000003,340.408,,0.0750947775474,-19.21,0.6808155248274068,3801893963.205628
1168912,1329595,,,1081115,,,G,207.614,-2.8644,963.829,,0.196258328129,-21.33,0.6808225804669784,26791683248.19037
1168922,1329605,,,1081236,,,G,203.237,-2.85977,831.7639999999999,,0.171934645967,-21.1,0.6808275990291388,21677041048.19705
1168929,1329612,,,1081361,,,G,201.853,-2.854,396.278,,0.0867008533504,-19.42,0.6808295961443949,4613175745.603809
1168945,1329628,,,1081657,,,G,204.808,-2.83996,446.684,,0.09702466851230003,-20.47,0.6808348291485025,12133888504.649809
1168972,1329655,,,1081993,,,G,206.374,-2.8251,343.55800000000005,,0.0757537578769,-18.99,0.6808456988482866,3104559588.128349
1168983,1329666,,,1082210,,,G,208.913,-2.81565,827.942,,0.17122127561099998,-20.65,0.6808518128967774,14321878992.735456
1168988,1329671,,,1082300,,,G,202.13,-2.81173,721.107,,0.151057695529,-20.69,0.6808532106039715,14859356422.87009
1169008,1329691,,,1082814,,,G,203.819,-2.7894400000000004,487.528,,0.105292582646,-19.96,0.6808627640007954,7585775750.291882
1169027,1329710,,,1083210,,,G,206.465,-2.77409,564.937,,0.12073494036699997,-20.59,0.6808693090410556,13551894123.510351
1169047,1329730,,,1083542,,,G,200.736,-2.76114,539.511,,0.115694517847,-20.21,0.6808802973559975,9549925860.214407
1169059,1329742,,,1083821,,,G,200.961,-2.74995,392.645,,0.0859515729758,-20.33,0.6808848238127672,10665961212.302591
1169067,1329750,,,1083974,,,G,203.062,-2.74287,396.278,,0.0867008533504,-19.81,0.6808876584547148,6606934480.075964
1169072,1329755,,,1084087,,,G,200.962,-2.738,494.311,,0.106657373329,-21.2,0.6808899944987822,23768402866.24873
1169082,1329765,,,1084296,,,G,201.375,-2.72976,633.87,,0.134250547125,-20.89,0.6808950678750484,17864875748.52061
1169092,1329775,,,1084522,,,G,203.211,-2.71835,682.3389999999998,,0.143628101814,-20.52,0.6808988019006289,12705741052.085394
1169094,1329777,,,1084551,,,G,209.989,-2.71825,332.66,,0.0734710567355,-19.32,0.6809002626201633,4207266283.8444633
1169101,1329784,,,1084648,,,G,207.667,-2.7128,591.562,,0.12598074299,-19.99,0.6809035222290882,7798301105.232576
1169103,1329786,,,1084658,,,G,200.737,-2.71255,411.15,,0.08976118488060003,-19.95,0.6809042243163032,7516228940.182045
1169117,1329800,,,1084906,,,G,203.305,-2.7032,381.944,,0.08374006187000001,-19.31,0.6809079547362871,4168693834.7033467
1169184,1329867,,,1086291,,,G,201.789,-2.64768,392.645,,0.0859515729758,-19.86,0.6809329738276546,6918309709.18939
1169200,1329883,,,1086553,,,G,201.689,-2.63721,385.478,,0.08447107223549999,-19.8,0.6809390244695509,6546361740.672761
1169210,1329893,,,1086729,,,G,201.963,-2.63039,390.841,,0.08557924278960001,-19.52,0.6809428442743394,5058246620.031148
1169212,1329895,,,1086762,,,G,200.265,-2.62895,381.944,,0.08374006187000001,-19.25,0.6809437342492732,3944573020.752801
1169214,1329897,,,1086873,,,G,200.545,-2.6257,387.258,,0.08483899241949999,-18.99,0.6809442151572077,3104559588.128349
1169215,1329898,,,1086886,,,G,202.223,-2.62351,843.335,,0.174090507045,-20.72,0.6809447796891885,15275660582.380762
1169217,1329900,,,1086920,,,G,201.861,-2.62356,381.944,,0.08374006187000001,-19.44,0.6809451822672282,4698941086.05216
1169228,1329911,,,1087080,,,G,200.504,-2.6169,503.501,,0.108502854251,-20.4,0.6809494329204274,11376272858.234331
1169229,1329912,,,1087081,,,G,209.027,-2.61717,346.737,,0.0764184082092,-19.54,0.6809496233298998,5152286445.817583
1169238,1329921,,,1087379,,,G,201.878,-2.6061400000000003,381.944,,0.08374006187000001,-20.05,0.6809546743589461,8241381150.13003
1169242,1329925,,,1087394,,,G,204.512,-2.60554,519.996,,0.111805105903,-20.28,0.6809566082433873,10185913880.541231
1169250,1329933,,,1087641,,,G,203.826,-2.59711,487.528,,0.105292582646,-20.87,0.6809598526721549,17538805018.417603
1169256,1329939,,,1087756,,,G,206.644,-2.59265,398.107,,0.08707801353900001,-19.72,0.6809621420478882,6081350012.7871895
1169276,1329959,,,1088147,,,G,209.529,-2.57848,348.337,,0.0767527283764,-19.37,0.6809693520218644,4405548635.065536
1169281,1329964,,,1088288,,,G,206.24,-2.57417,407.38,,0.0889864944932,-20.23,0.680971059902052,9727472237.76964
1169289,1329972,,,1088398,,,G,206.088,-2.56936,346.737,,0.0764184082092,-19.42,0.6809743197502741,4613175745.603809
1169297,1329980,,,1088631,,,G,203.697,-2.55982,831.7639999999999,,0.171934645967,-20.78,0.6809781025902522,16143585568.264938
1169311,1329994,,,1088976,,,G,202.515,-2.54741,310.456,,0.06879855439930001,-19.46,0.6809833478817857,4786300923.226399
1169314,1329997,,,1089051,,,G,203.862,-2.54464,839.46,,0.173369156685,-21.35,0.6809862754839882,27289777828.08052
1169322,1330005,,,1089161,,,G,208.864,-2.54012,642.688,,0.135964147982,-21.01,0.680989885743158,19952623149.688828
1169323,1330006,,,1089185,,,G,202.774,-2.5402400000000003,937.562,,0.191468855734,-21.76,0.6809913570001839,39810717055.34985
1169324,1330007,,,1089193,,,G,203.968,-2.53941,307.61,,0.0681975340988,-19.19,0.6809914949396528,3732501577.957214
1169327,1330010,,,1089267,,,G,203.877,-2.53661,492.04,,0.1062006231,-20.24,0.6809931785911231,9817479430.199823
1169345,1330028,,,1089526,,,G,201.341,-2.5283900000000004,1056.82,,0.213031246516,-21.22,0.6810034898613035,24210290467.3618
1169383,1330066,,,1090284,,,G,204.483,-2.50146,524.807,,0.112765646383,-20.02,0.6810181870014486,8016780633.876789
1169395,1330078,,,1090530,,,G,201.372,-2.49137,751.623,,0.156862728431,-21.08,0.6810239238964558,21281390459.827183
1169397,1330080,,,1090584,,,G,203.455,-2.48953,483.059,,0.104392102196,-19.78,0.6810247804071007,6426877173.17022
1169423,1330106,,,1091065,,,G,202.018,-2.4718400000000003,387.258,,0.08483899241949999,-19.78,0.6810360120251532,6426877173.17022
1169433,1330116,,,1091330,,,G,203.431,-2.46241,487.528,,0.105292582646,-19.89,0.68104058926787,7112135136.533323
1169435,1330118,,,1091337,,,G,202.499,-2.46171,383.707,,0.0841048320524,-19.3,0.6810408598624156,4130475019.9016094
1169452,1330135,,,1091670,,,G,206.585,-2.4499,1042.32,,0.210434175217,-21.28,0.6810475516107105,25585858869.05653
1169454,1330137,,,1091690,,,G,201.822,-2.44925,636.7959999999998,,0.13481943741,-20.37,0.6810481874017403,11066237839.776676
1169465,1330148,,,1091840,,,G,203.267,-2.4441900000000003,338.844,,0.07476738738369999,-19.05,0.6810518388079432,3280952931.131191
1169496,1330179,,,1092226,,,G,205.341,-2.4308,801.678,,0.166305173153,-21.04,0.6810664251321886,20511621788.25571
1169503,1330186,,,1092370,,,G,208.021,-2.42619,698.232,,0.146681503341,-21.01,0.6810697781259761,19952623149.688828
1169530,1330213,,,1092846,,,G,206.977,-2.41041,741.31,,0.154905107453,-20.94,0.6810823594671038,18706821403.658016
1169533,1330216,,,1092868,,,G,208.782,-2.4094900000000004,645.654,,0.13653975827,-20.61,0.6810835568176028,13803842646.028866
1169545,1330228,,,1093084,,,G,206.18400000000003,-2.40242,1066.6,,0.21477928739,-21.17,0.6810897310667848,23120647901.75608
1169567,1330250,,,1093585,,,G,200.925,-2.38526,508.159,,0.109436724718,-20.12,0.681097359681686,8790225168.308859
1169572,1330255,,,1093691,,,G,208.928,-2.38195,950.605,,0.193850046925,-20.82,0.6810991628735434,16749428760.26445
1169592,1330275,,,1094193,,,G,200.572,-2.36225,452.898,,0.0982882391441,-20.46,0.6811070301179174,12022644346.17418
1169604,1330287,,,1094442,,,G,200.634,-2.35243,485.289,,0.104841502421,-20.22,0.6811124721416262,9638290236.239744
1169630,1330313,,,1095002,,,G,203.881,-2.33344,839.46,,0.173369156685,-20.77,0.6811230305519963,15995580286.146713
1169640,1330323,,,1095205,,,G,209.085,-2.32625,685.488,,0.144233952117,-20.45,0.6811268586352668,11912420080.273762
1169659,1330342,,,1095560,,,G,204.938,-2.31313,776.247,,0.16151990076,-21.06,0.6811360705259834,20892961308.54041
1169667,1330350,,,1095662,,,G,209.263,-2.30939,663.743,,0.140042140021,-20.66,0.6811391391582121,14454397707.459282
1169672,1330355,,,1095727,,,G,201.926,-2.30742,874.9839999999998,,0.179962949981,-21.5,0.6811422233811827,31332857243.156017
1169678,1330361,,,1095896,,,G,204.895,-2.30199,405.509,,0.0886017743009,-19.56,0.6811446385858665,5248074602.497712
1169692,1330375,,,1096176,,,G,204.127,-2.29107,688.6519999999998,,0.144842322421,-21.1,0.6811497284214398,21677041048.19705
1169710,1330393,,,1096590,,,G,201.862,-2.27786,870.9639999999998,,0.17921891960900002,-21.0,0.6811570073105563,19769696401.11866
1169714,1330397,,,1096624,,,G,202.78,-2.27693,505.825,,0.108969054485,-19.8,0.6811587792865791,6546361740.672761
1169726,1330409,,,1096840,,,G,202.893,-2.27001,855.067,,0.176271568136,-20.91,0.6811661962734443,18197008586.099827
1169729,1330412,,,1096942,,,G,202.95,-2.26665,309.03,,0.0684974142487,-19.04,0.6811668270637886,3250872973.8543468
1169735,1330418,,,1097048,,,G,203.352,-2.2636700000000003,366.4380000000001,,0.08052412026210001,-19.25,0.6811695118264592,3944573020.752801
1169755,1330438,,,1097542,,,G,209.91,-2.24675,691.831,,0.145453002727,-20.66,0.681179063061589,14454397707.459282
1169781,1330464,,,1098012,,,G,206.34,-2.23056,701.455,,0.14729932365,-20.89,0.6811912926027891,17864875748.52061
1169783,1330466,,,1098038,,,G,201.017,-2.22933,385.478,,0.08447107223549999,-19.49,0.6811917231497334,4920395356.814511
1169788,1330471,,,1098191,,,G,201.992,-2.22311,616.595,,0.130883615442,-20.57,0.6811940973136009,13304544179.780985
1169789,1330472,,,1098205,,,G,209.525,-2.2229400000000004,424.62,,0.0925224762612,-19.57,0.6811942930576421,5296634438.916602
1169800,1330483,,,1098491,,,G,202.433,-2.21428,409.261,,0.08937310468660001,-19.81,0.6811981511920696,6606934480.075964
1169824,1330507,,,1098872,,,G,204.855,-2.20126,407.38,,0.0889864944932,-19.8,0.6812065556229697,6546361740.672761
1169837,1330520,,,1099201,,,G,202.292,-2.19057,385.478,,0.08447107223549999,-19.79,0.6812106135413142,6486344335.482401
1169843,1330526,,,1099344,,,G,200.755,-2.18552,847.227,,0.17481479740699998,-21.45,0.6812135185084179,29922646366.081833
1169849,1330532,,,1099483,,,G,208.707,-2.18109,666.807,,0.140634130317,-20.35,0.6812152679911556,10864256236.170687
1169851,1330534,,,1099493,,,G,200.584,-2.1806,452.898,,0.0982882391441,-20.21,0.6812159369222017,9549925860.214407
1169860,1330543,,,1099612,,,G,205.032,-2.1773,396.278,,0.0867008533504,-19.64,0.6812201602579624,5649369748.123057
1169872,1330555,,,1099859,,,G,206.334,-2.16823,695.0239999999999,,0.146065993033,-20.95,0.6812257750098124,18879913490.962925
1169877,1330560,,,1099967,,,G,200.597,-2.1644400000000004,755.092,,0.15752023876,-20.66,0.6812275607181789,14454397707.459282
1169886,1330569,,,1100201,,,G,200.334,-2.1555,529.663,,0.113733956867,-20.44,0.6812313340381638,11803206356.517323
1169896,1330579,,,1100360,,,G,201.75,-2.15001,390.841,,0.08557924278960001,-19.75,0.6812346830980222,6251726927.756875
1169898,1330581,,,1100386,,,G,206.413,-2.149,704.693,,0.14791966396,-20.48,0.6812353296203761,12246161992.650517
1169908,1330591,,,1100522,,,G,200.492,-2.14433,320.627,,0.07094265547129999,-19.91,0.6812392387100198,7244359600.74989
1169909,1330592,,,1100620,,,G,201.977,-2.14036,651.628,,0.137698118849,-20.22,0.6812395949056194,9638290236.239744
1169931,1330614,,,1101238,,,G,207.318,-2.11939,399.945,,0.0874566437283,-19.46,0.6812485505903765,4786300923.226399
1169937,1330620,,,1101372,,,G,203.817,-2.1147,657.658,,0.138865509433,-20.19,0.6812512793340619,9375620069.258831
1169967,1330650,,,1102280,,,G,206.547,-2.08021,469.894,,0.101733500867,-20.2,0.6812611719471109,9462371613.657913
1169968,1330651,,,1102360,,,G,206.334,-2.07709,334.195,,0.0737929868965,-18.98,0.6812612856282849,3076096814.740705
1169984,1330667,,,1102675,,,G,208.949,-2.06452,337.287,,0.07444125722060001,-18.98,0.6812667346302164,3076096814.740705
1169997,1330680,,,1102840,,,G,200.305,-2.05658,522.396,,0.112284326142,-20.32,0.6812713213581861,10568175092.136606
1170010,1330693,,,1103071,,,G,203.237,-2.0472,396.278,,0.0867008533504,-19.1,0.6812761213305315,3435579478.998757
1170015,1330698,,,1103262,,,G,204.482,-2.03976,619.441,,0.13143906572,-20.41,0.6812781617391519,11481536214.968842
1170016,1330699,,,1103284,,,G,200.78,-2.03875,343.55800000000005,,0.0757537578769,-19.78,0.6812783992527888,6426877173.17022
1170018,1330701,,,1103298,,,G,204.136,-2.03833,847.227,,0.17481479740699998,-21.16,0.6812794833864764,22908676527.6777
1170024,1330707,,,1103429,,,G,207.556,-2.0333,794.328,,0.164924632462,-21.08,0.6812814591883591,21281390459.827183
1170064,1330747,,,1104161,,,G,202.042,-2.00556,862.9789999999998,,0.17773967887000006,-20.82,0.6812975221349011,16749428760.26445
1170066,1330749,,,1104219,,,G,209.17,-2.00411,937.562,,0.191468855734,-20.88,0.6812991046022036,17701089583.174183
1170076,1330759,,,1104321,,,G,200.632,-2.0007,368.129,,0.08087545043769999,-19.06,0.6813028947102631,3311311214.8259077
1170082,1330765,,,1104388,,,G,200.051,-1.99832,322.107,,0.071254085627,-19.68,0.6813066351297131,5861381645.140297
1170093,1330776,,,1104576,,,G,200.217,-1.99167,524.807,,0.112765646383,-20.28,0.6813117758759771,10185913880.541231
1170101,1330784,,,1104773,,,G,204.064,-1.98427,839.46,,0.173369156685,-20.99,0.6813161526079314,19588446735.05989
1170105,1330788,,,1104798,,,G,200.201,-1.98321,847.227,,0.17481479740699998,-21.05,0.6813200393350555,20701413487.910458
1170119,1330802,,,1105104,,,G,209.401,-1.97215,424.62,,0.0925224762612,-19.6,0.6813249783685158,5445026528.424242
1170130,1330813,,,1105306,,,G,200.862,-1.96421,378.443,,0.0830151415076,-19.38,0.6813295771627261,4446312674.691084
1170134,1330817,,,1105448,,,G,200.147,-1.95884,387.258,,0.08483899241949999,-19.73,0.6813305348867744,6137620051.647945
1170139,1330822,,,1105539,,,G,203.823,-1.95523,311.889,,0.0691009545505,-19.73,0.6813329002962277,6137620051.647945
1170149,1330832,,,1105651,,,G,208.134,-1.95119,622.3,,0.131996825998,-20.79,0.6813394921336754,16292960326.397282
1170157,1330840,,,1105807,,,G,207.275,-1.94561,755.092,,0.15752023876,-21.23,0.6813430667134139,24434305526.939716
1170158,1330841,,,1105816,,,G,202.812,-1.94491,401.791,,0.0878367439184,-19.26,0.6813432138391166,3981071705.534985
1170163,1330846,,,1105934,,,G,205.163,-1.94028,859.0139999999999,,0.17700425850200002,-21.14,0.6813457319745546,22490546058.357918
1170168,1330851,,,1105963,,,G,200.99,-1.93871,381.944,,0.08374006187000001,-20.3,0.6813473109964905,10375284158.180126
1170171,1330854,,,1105999,,,G,200.57,-1.93718,389.045,,0.08520817260410002,-19.87,0.6813481949710838,6982324040.771733
1170184,1330867,,,1106277,,,G,203.765,-1.92591,682.3389999999998,,0.143628101814,-20.68,0.6813531233203745,14723125024.327225
1170186,1330869,,,1106305,,,G,204.57,-1.92495,399.945,,0.0874566437283,-19.89,0.6813537423542135,7112135136.533323
1170196,1330879,,,1106472,,,G,208.476,-1.91879,398.107,,0.08707801353900001,-20.19,0.6813566063190986,9375620069.258831
1170198,1330881,,,1106502,,,G,200.517,-1.91752,390.841,,0.08557924278960001,-19.67,0.6813575382278879,5807644175.2131605
1170201,1330884,,,1106600,,,G,201.548,-1.91302,385.478,,0.08447107223549999,-19.99,0.681358251535672,7798301105.232576
1170205,1330888,,,1106655,,,G,202.772,-1.91108,380.189,,0.0833767616884,-19.33,0.6813594840905128,4246195639.4631295
1170220,1330903,,,1106824,,,G,203.078,-1.90533,369.828,,0.08122825061410001,-19.53,0.6813675899021192,5105049999.754086
1170234,1330917,,,1107106,,,G,208.544,-1.89473,920.45,,0.188336074168,-21.28,0.6813748517036988,25585858869.05653
1170244,1330927,,,1107222,,,G,202.118,-1.8908,396.278,,0.0867008533504,-19.9,0.6813793339986669,7177942912.713644
1170277,1330960,,,1107847,,,G,204.971,-1.8679,599.7909999999998,,0.12759564379799998,-20.14,0.6813944106284971,8953647655.495974
1170285,1330968,,,1107936,,,G,203.632,-1.86474,682.3389999999998,,0.143628101814,-20.25,0.6813965283445768,9908319448.927729
1170288,1330971,,,1108000,,,G,207.049,-1.86254,903.649,,0.185250332625,-21.42,0.6813991552091909,29107171180.6662
1170295,1330978,,,1108119,,,G,203.404,-1.85828,411.15,,0.08976118488060003,-19.36,0.6814025586314122,4365158322.401666
1170296,1330979,,,1108083,,,G,205.461,-1.8595,307.61,,0.0681975340988,-19.66,0.681402771292754,5754399373.371567
1170304,1330987,,,1108224,,,G,202.864,-1.8543,669.885,,0.141228220614,-20.63,0.6814056134661371,14060475241.29913
1170319,1331002,,,1108526,,,G,200.23,-1.84276,534.564,,0.114710247355,-20.24,0.6814129413044725,9817479430.199823
1170324,1331007,,,1108625,,,G,201.417,-1.83885,394.457,,0.08632537316269999,-19.31,0.6814145060654724,4168693834.7033467
1170329,1331012,,,1108678,,,G,205.775,-1.83772,469.894,,0.101733500867,-20.38,0.6814161308868866,11168632477.805613
1170333,1331016,,,1108736,,,G,206.657,-1.83601,401.791,,0.0878367439184,-20.09,0.6814173230894018,8550667128.846841
1170345,1331028,,,1108901,,,G,207.045,-1.82965,1032.76,,0.208718264359,-21.26,0.6814231284329717,25118864315.095818
1170353,1331036,,,1109018,,,G,204.726,-1.82546,688.6519999999998,,0.144842322421,-21.03,0.6814277103926448,20323570109.36229
1170357,1331040,,,1109138,,,G,203.445,-1.82126,385.478,,0.08447107223549999,-18.99,0.6814282274237804,3104559588.128349
1170360,1331043,,,1109219,,,G,200.145,-1.81851,409.261,,0.08937310468660001,-19.59,0.681430364722068,5395106225.151268
1170372,1331055,,,1109406,,,G,209.545,-1.81202,334.195,,0.0737929868965,-19.67,0.6814352203663402,5807644175.2131605
1170381,1331064,,,1109544,,,G,202.914,-1.80675,335.73800000000006,,0.07411659705830001,-19.17,0.6814386795783235,3664375746.478348
1170382,1331065,,,1109551,,,G,209.355,-1.80667,933.254,,0.190681145341,-21.02,0.6814394237764113,20137242498.62389
1170383,1331066,,,1109588,,,G,200.043,-1.80501,418.794,,0.0913292556646,-20.08,0.6814397368803636,8472274141.40598
1170392,1331075,,,1109902,,,G,201.33,-1.7931700000000002,394.457,,0.08632537316269999,-19.81,0.6814431769925741,6606934480.075964
1170406,1331089,,,1110204,,,G,200.754,-1.78194,345.144,,0.07608555804280001,-19.45,0.6814493449337795,4742419852.6024475
1170409,1331092,,,1110247,,,G,203.378,-1.7814299999999998,374.973,,0.0822958911479,-19.48,0.6814502277901779,4875284901.033871
1170419,1331102,,,1110443,,,G,206.432,-1.77358,328.095,,0.07251282625639999,-19.35,0.6814537168273858,4325138310.350115
1170433,1331116,,,1110670,,,G,200.995,-1.7646099999999998,758.578,,0.15818047909000002,-21.08,0.6814603337633521,21281390459.827183
1170452,1331135,,,1111016,,,G,205.226,-1.75161,517.607,,0.111327565664,-19.84,0.6814689605482546,6792036326.171857
1170455,1331138,,,1111076,,,G,200.664,-1.74988,374.973,,0.0822958911479,-19.59,0.6814697181877897,5395106225.151268
1170460,1331143,,,1111137,,,G,203.081,-1.74788,338.844,,0.07476738738369999,-19.42,0.6814715884448216,4613175745.603809
1170468,1331151,,,1111401,,,G,204.846,-1.7388099999999995,405.509,,0.0886017743009,-20.32,0.6814734922425768,10568175092.136606
1170476,1331159,,,1111500,,,G,200.677,-1.73458,385.478,,0.08447107223549999,-19.2,0.6814758233545112,3767037989.8390775
1170477,1331160,,,1111501,,,G,206.711,-1.73491,399.945,,0.0874566437283,-19.85,0.681476076685635,6854882264.526649
1170481,1331164,,,1111563,,,G,203.08,-1.73253,405.509,,0.0886017743009,-19.96,0.6814773355424862,7585775750.291882
1170483,1331166,,,1111602,,,G,203.81,-1.73135,613.762,,0.130330055165,-20.59,0.6814782128041733,13551894123.510351
1170492,1331175,,,1111774,,,G,209.743,-1.72432,682.3389999999998,,0.143628101814,-20.56,0.6814818107934666,13182567385.564049
1170499,1331182,,,1111855,,,G,203.111,-1.7213200000000002,392.645,,0.0859515729758,-19.99,0.6814847284638502,7798301105.232576
1170505,1331188,,,1111926,,,G,206.651,-1.7187,401.791,,0.0878367439184,-20.22,0.6814872354991931,9638290236.239744
1170506,1331189,,,1111935,,,G,200.542,-1.71813,454.98800000000006,,0.09871264935630003,-20.16,0.6814875725447059,9120108393.559114
1170517,1331200,,,1112222,,,G,203.374,-1.70612,1032.76,,0.208718264359,-21.15,0.6814926440924312,22698648518.838303
1170521,1331204,,,1112280,,,G,201.002,-1.7040799999999998,316.228,,0.07001613500810001,-19.16,0.6814935885953184,3630780547.7010174
1170524,1331207,,,1112374,,,G,200.785,-1.70074,398.107,,0.08707801353900001,-19.59,0.6814944991018841,5395106225.151268
1170526,1331209,,,1112420,,,G,202.726,-1.70009,396.278,,0.0867008533504,-19.55,0.6814952610287245,5199959965.335173
1170530,1331213,,,1112506,,,G,204.776,-1.6972599999999998,309.03,,0.0684974142487,-19.93,0.6814961718597563,7379042301.291045
1170536,1331219,,,1112666,,,G,200.193,-1.6907,450.817,,0.0978652989326,-19.68,0.6814979858801067,5861381645.140297
1170545,1331228,,,1112841,,,G,201.169,-1.6840000000000002,381.944,,0.08374006187000001,-19.55,0.6815019000045673,5199959965.335173
1170551,1331234,,,1112945,,,G,202.889,-1.6798400000000002,390.841,,0.08557924278960001,-19.41,0.6815037177752051,4570881896.148752
1170558,1331241,,,1113045,,,G,208.278,-1.67642,688.6519999999998,,0.144842322421,-20.64,0.6815071835792085,14190575216.890957
1170559,1331242,,,1113064,,,G,202.671,-1.67525,682.3389999999998,,0.143628101814,-20.69,0.6815077327261255,14859356422.87009
1170566,1331250,,,1113186,,,G,205.45,-1.67083,727.78,,0.152330296165,-21.12,0.6815099136210165,22080047330.18906
1170569,1331253,,,1113206,,,G,203.653,-1.66992,381.944,,0.08374006187000001,-19.17,0.6815108081778466,3664375746.478348
1170582,1331266,,,1113500,,,G,203.423,-1.65746,679.204,,0.143024771512,-20.55,0.6815158274871103,13061708881.318405
1170585,1331269,,,1113588,,,G,200.432,-1.65366,498.884,,0.107576333788,-20.58,0.6815177347536442,13427649611.378641
1170589,1331273,,,1113620,,,G,206.372,-1.65232,399.945,,0.0874566437283,-20.09,0.6815190322481292,8550667128.846841
1170600,1331284,,,1113728,,,G,200.827,-1.64762,465.586,,0.100861580431,-20.33,0.6815238408759042,10665961212.302591
1170602,1331286,,,1113736,,,G,205.607,-1.6475099999999998,313.329,,0.0694048247024,-18.91,0.6815241660783792,2884031503.1266
1170604,1331288,,,1113757,,,G,202.69,-1.64605,682.3389999999998,,0.143628101814,-20.74,0.68152508441745,15559656316.05075
1170610,1331294,,,1113824,,,G,200.156,-1.64388,368.129,,0.08087545043769999,-19.71,0.6815280825402532,6025595860.743593
1170612,1331296,,,1113844,,,G,200.65,-1.64267,847.227,,0.17481479740699998,-21.19,0.6815292358156855,23550492838.96009
1170613,1331297,,,1113851,,,G,203.959,-1.6421599999999998,363.078,,0.0798254499127,-19.29,0.6815293870633056,4092606597.3001275
1170625,1331309,,,1113999,,,G,201.67,-1.63646,862.9789999999998,,0.17773967887000006,-20.9,0.6815343431956927,18030177408.5957
1170638,1331322,,,1114186,,,G,200.298,-1.62937,403.645,,0.0882183141092,-19.75,0.6815398633108497,6251726927.756875
1170659,1331343,,,1114532,,,G,200.01,-1.6150799999999998,485.289,,0.104841502421,-20.29,0.6815476549802328,10280162981.264746
1170693,1331377,,,1115019,,,G,200.923,-1.59502,380.189,,0.0833767616884,-19.53,0.6815602833398325,5105049999.754086
1170698,1331382,,,1115182,,,G,201.779,-1.58794,293.765,,0.0652667726334,-19.05,0.681562087712353,3280952931.131191
1170701,1331385,,,1115229,,,G,202.852,-1.58562,366.4380000000001,,0.08052412026210001,-19.66,0.6815629181534391,5754399373.371567
1170707,1331391,,,1115373,,,G,204.013,-1.57985,363.078,,0.0798254499127,-19.99,0.6815647960334018,7798301105.232576
1170730,1331414,,,1115674,,,G,203.654,-1.56618,790.679,,0.164238562119,-20.82,0.6815743594438876,16749428760.26445
1170731,1331415,,,1115680,,,G,200.125,-1.5657299999999998,346.737,,0.0764184082092,-19.86,0.6815746151190554,6918309709.18939
1170738,1331422,,,1115739,,,G,200.825,-1.56293,648.634,,0.137117678559,-20.98,0.6815771657053756,19408858775.92779
1170739,1331423,,,1115746,,,G,201.172,-1.56261,381.944,,0.08374006187000001,-20.1,0.6815774846303649,8629785477.669737
1170740,1331424,,,1115769,,,G,207.111,-1.56199,588.844,,0.12544671272299998,-20.12,0.6815778094846127,8790225168.308859
1170741,1331425,,,1115776,,,G,202.038,-1.56133,883.08,,0.18145920073,-21.41,0.6815788753161087,28840315031.266117
1170760,1331444,,,1116155,,,G,203.722,-1.54404,390.841,,0.08557924278960001,-19.38,0.6815867266599472,4446312674.691084
1170767,1331451,,,1116276,,,G,206.058,-1.53904,586.138,,0.124914782457,-20.63,0.6815886187137145,14060475241.29913
1170778,1331462,,,1116479,,,G,206.569,-1.53164,345.144,,0.07608555804280001,-19.4,0.6815935611816177,4528975799.036214
1170783,1331467,,,1116593,,,G,203.49400000000003,-1.52695,831.7639999999999,,0.171934645967,-20.36,0.6815948240975307,10964781961.431871
1170793,1331477,,,1116744,,,G,209.201,-1.51927,937.562,,0.191468855734,-21.11,0.6815997620244506,21877616239.49561
1170800,1331484,,,1116820,,,G,208.31,-1.51609,483.059,,0.104392102196,-19.91,0.6816013752231505,7244359600.74989
1170801,1331485,,,1116839,,,G,203.082,-1.51535,682.3389999999998,,0.143628101814,-20.74,0.6816019502505644,15559656316.05075
1170804,1331488,,,1116926,,,G,201.418,-1.5117,663.743,,0.140042140021,-20.58,0.6816028671601907,13427649611.378641
1170816,1331500,,,1117088,,,G,209.468,-1.50498,422.669,,0.0921230560615,-20.43,0.6816065663957427,11694993910.198748
1170820,1331504,,,1117165,,,G,203.564,-1.50225,394.457,,0.08632537316269999,-19.79,0.6816077914794333,6486344335.482401
1170834,1331518,,,1117573,,,G,207.317,-1.48474,769.13,,0.160176320088,-21.06,0.6816133320781818,20892961308.54041
1170836,1331520,,,1117628,,,G,203.829,-1.48209,385.478,,0.08447107223549999,-19.71,0.6816138510325389,6025595860.743593
1170845,1331529,,,1117854,,,G,200.185,-1.47266,401.791,,0.0878367439184,-19.14,0.6816173765732323,3564511334.262453
1170853,1331537,,,1117941,,,G,200.108,-1.46831,364.754,,0.080174050087,-19.42,0.6816194808204818,4613175745.603809
1170861,1331545,,,1118181,,,G,204.466,-1.45901,359.749,,0.0791326595663,-19.51,0.6816220677399651,5011872336.272736
1170867,1331551,,,1118280,,,G,201.11900000000003,-1.45405,361.41,,0.0794783197392,-19.83,0.6816245140650553,6729766562.843196
1170892,1331576,,,1118672,,,G,202.287,-1.43695,714.4960000000002,,0.149795174898,-20.96,0.6816356643603421,19054607179.632526
1170894,1331578,,,1118725,,,G,200.804,-1.43489,463.447,,0.100428350214,-19.81,0.6816361116182367,6606934480.075964
1170907,1331591,,,1118896,,,G,202.024,-1.42832,378.443,,0.0830151415076,-20.04,0.6816399354569233,8165823713.585939
1170916,1331600,,,1119003,,,G,207.284,-1.42285,912.011,,0.186787323394,-21.16,0.6816433915630805,22908676527.6777
1170936,1331620,,,1119279,,,G,203.661,-1.41056,340.408,,0.0750947775474,-19.1,0.6816517417780178,3435579478.998757
1170937,1331621,,,1119283,,,G,201.391,-1.41028,476.431,,0.103054611527,-19.86,0.6816519974531856,6918309709.18939
1170944,1331628,,,1119423,,,G,208.142,-1.40454,399.945,,0.0874566437283,-19.51,0.6816542702223414,5011872336.272736
1170949,1331633,,,1119466,,,G,207.042,-1.40309,341.9790000000001,,0.0754236377118,-19.72,0.6816565736267619,6081350012.7871895
1170973,1331657,,,1119966,,,G,209.719,-1.38277,309.03,,0.0684974142487,-19.09,0.6816669413170673,3404081897.010009
1170978,1331662,,,1120079,,,G,202.832,-1.37775,414.954,,0.090541965271,-19.95,0.681668556429071,7516228940.182045
1170995,1331679,,,1120400,,,G,203.782,-1.36534,676.0830000000002,,0.14242354121200002,-20.91,0.6816770567630286,18197008586.099827
1171004,1331688,,,1120538,,,G,201.077,-1.35972,359.749,,0.0791326595663,-18.71,0.6816807817515917,2398832919.019495
1171010,1331694,,,1120639,,,G,202.518,-1.35606,508.159,,0.109436724718,-19.95,0.6816824023713889,7516228940.182045
1171012,1331696,,,1120661,,,G,201.829,-1.35536,544.503,,0.116686558343,-20.45,0.68168310303895,11912420080.273762
1171014,1331698,,,1120678,,,G,203.406,-1.35524,797.995,,0.165613642807,-20.48,0.6816837953231786,12246161992.650517
1171029,1331713,,,1120974,,,G,206.542,-1.34248,343.55800000000005,,0.0757537578769,-19.82,0.6816905573319175,6668067692.136246
1171038,1331722,,,1121216,,,G,202.187,-1.33217,398.107,,0.08707801353900001,-20.11,0.6816944364897358,8709635899.560833
1171047,1331731,,,1121421,,,G,201.235,-1.32368,389.045,,0.08520817260410002,-19.35,0.6816968940853428,4325138310.350115
1171059,1331743,,,1121633,,,G,207.352,-1.31651,348.337,,0.0767527283764,-19.29,0.6817000693355669,4092606597.3001275
1171069,1331753,,,1121762,,,G,200.751,-1.31003,457.088,,0.0991389495695,-20.19,0.6817061129130277,9375620069.258831
1171106,1331790,,,1122364,,,G,200.359,-1.28505,503.501,,0.108502854251,-20.01,0.6817216497647365,7943282347.242822
1171113,1331797,,,1122461,,,G,200.504,-1.2804,685.488,,0.144233952117,-20.8,0.6817251173125645,16443717232.149357
1171115,1331799,,,1122499,,,G,200.278,-1.27857,510.505,,0.109906704953,-19.72,0.6817254457352567,6081350012.7871895
1171118,1331802,,,1122534,,,G,204.748,-1.2776,820.352,,0.16980335490200002,-20.96,0.6817290563691188,19054607179.632526
1171121,1331805,,,1122610,,,G,200.35,-1.27496,496.592,,0.107115803558,-19.93,0.6817298838153747,7379042301.291045
1171131,1331815,,,1122667,,,G,200.602,-1.2724,465.586,,0.100861580431,-20.24,0.6817340738473054,9817479430.199823
1171144,1331828,,,1122873,,,G,203.401,-1.26464,1300.17,,0.255688567844,-22.18,0.6817425855701675,58613816451.40298
1171145,1331829,,,1122882,,,G,200.888,-1.26395,385.478,,0.08447107223549999,-19.88,0.6817428459986916,7046930689.671453
1171149,1331833,,,1122894,,,G,206.289,-1.26375,320.627,,0.07094265547129999,-19.63,0.6817446584502186,5597576014.951093
1171157,1331841,,,1122989,,,G,209.277,-1.2602799999999998,399.945,,0.0874566437283,-19.98,0.681747208586741,7726805850.957022
1171176,1331860,,,1123167,,,G,202.30900000000003,-1.25286,381.944,,0.08374006187000001,-19.86,0.6817532296819883,6918309709.18939
1171233,1331917,,,1123697,,,G,201.775,-1.23198,487.528,,0.105292582646,-19.92,0.6817739373880539,7311390834.834217
1171255,1331939,,,1123879,,,G,201.069,-1.22309,478.63,,0.103498551749,-20.08,0.6817792167125305,8472274141.40598
1171269,1331953,,,1123984,,,G,205.783,-1.2183,485.289,,0.104841502421,-20.38,0.6817848942539042,11168632477.805613
1171283,1331967,,,1124093,,,G,201.48,-1.21381,714.4960000000002,,0.149795174898,-20.81,0.6817901664051872,16595869074.375563
1171286,1331970,,,1124114,,,G,207.287,-1.2133200000000002,586.138,,0.124914782457,-20.4,0.6817918702800282,11376272858.234331
1171300,1331984,,,1124232,,,G,201.379,-1.20816,374.973,,0.0822958911479,-20.01,0.6817968814418619,7943282347.242822
1171405,1332089,,,1125458,,,G,201.811,-1.1529,300.608,,0.0667168233584,-19.4,0.6818370548451489,4528975799.036214
1171418,1332102,,,1125563,,,G,203.552,-1.14911,378.443,,0.0830151415076,-19.09,0.6818403040365186,3404081897.010009
1171467,1332151,,,1126115,,,G,200.355,-1.12754,492.04,,0.1062006231,-19.68,0.6818587451206678,5861381645.140297
1171477,1332161,,,1126173,,,G,200.413,-1.12496,296.483,,0.06584301292150001,-19.22,0.6818627708108055,3837072454.9228
1171490,1332174,,,1126341,,,G,202.253,-1.1173799999999998,1153.45,,0.230174395087,-21.8,0.681869572635691,41304750199.016106
1171506,1332190,,,1126477,,,G,202.799,-1.11136,794.328,,0.164924632462,-20.34,0.6818761034191696,10764652136.29835
1171523,1332207,,,1126665,,,G,200.444,-1.10407,489.779,,0.105745762873,-20.37,0.6818812007747879,11066237839.776676
1171528,1332212,,,1126729,,,G,203.545,-1.10187,389.045,,0.08520817260410002,-19.6,0.6818822634003221,5445026528.424242
1171559,1332243,,,1127070,,,G,201.107,-1.08802,369.828,,0.08122825061410001,-19.89,0.6818925874082072,7112135136.533323
1171590,1332274,,,1127329,,,G,205.594,-1.07809,396.278,,0.0867008533504,-19.93,0.6819064429552016,7379042301.291045
1171596,1332280,,,1127448,,,G,208.171,-1.0731,685.488,,0.144233952117,-20.74,0.6819088005432484,15559656316.05075
1171608,1332292,,,1127528,,,G,200.325,-1.0696,366.4380000000001,,0.08052412026210001,-19.44,0.6819122178924244,4698941086.05216
1171612,1332296,,,1127550,,,G,201.164,-1.06874,420.727,,0.09172531586269997,-19.55,0.6819138855785395,5199959965.335173
1171635,1332319,,,1127704,,,G,201.166,-1.06184,422.669,,0.0921230560615,-20.15,0.6819254394070383,9036494737.223042
1171637,1332321,,,1127757,,,G,209.632,-1.0605,527.23,,0.113248856624,-20.05,0.6819261135410948,8241381150.13003
1171680,1332364,,,1128147,,,G,208.077,-1.04604,654.636,,0.13828065914,-20.4,0.6819420494197493,11376272858.234331
1171690,1332374,,,1128255,,,G,206.732,-1.0420200000000002,343.55800000000005,,0.0757537578769,-19.7,0.6819471622429454,5970352865.838366
1171709,1332393,,,1128387,,,G,204.592,-1.0373,389.045,,0.08520817260410002,-20.15,0.6819546588282704,9036494737.223042
1171727,1332411,,,1128524,,,G,200.406,-1.03141,348.337,,0.0767527283764,-18.85,0.681965763869697,2728977782.808052
1171739,1332423,,,1128656,,,G,200.377,-1.02618,380.189,,0.0833767616884,-19.55,0.6819697989934697,5199959965.335173
1171757,1332441,,,1128840,,,G,201.227,-1.01779,359.749,,0.0791326595663,-19.86,0.6819786758790453,6918309709.18939
1171769,1332453,,,1128935,,,G,201.883,-1.0143,1202.26,,0.238728959364,-21.31,0.6819826752696561,26302679918.95381
1171789,1332473,,,1129121,,,G,209.46400000000003,-1.00812,912.011,,0.186787323394,-21.12,0.6819886510927119,22080047330.18906
1171806,1332490,,,1129297,,,G,204.552,-1.00136,663.743,,0.140042140021,-21.01,0.68199427938767,19952623149.688828
1171807,1332491,,,1129312,,,G,200.103,-1.00053,512.861,,0.110378365189,-19.94,0.6819945546130943,7447319739.059889
1171836,1332520,,,1129535,,,G,202.758,-0.99275,390.841,,0.08557924278960001,-18.74,0.6820037531920591,2466039337.234336
1171897,1332581,,,1129929,,,G,203.835,-0.97743,663.743,,0.140042140021,-20.93,0.6820313448820757,18535316234.148144
1171899,1332583,,,1129934,,,G,205.448,-0.97728,682.3389999999998,,0.143628101814,-20.57,0.6820320102243793,13304544179.780985
1171904,1332588,,,1130007,,,G,209.188,-0.9746,765.597,,0.15950851975400002,-20.89,0.6820340897501984,17864875748.52061
1171916,1332600,,,1130093,,,G,200.643,-0.97135,349.945,,0.0770885185443,-19.66,0.6820393467976139,5754399373.371567
1171919,1332603,,,1130114,,,G,208.134,-0.97067,651.628,,0.137698118849,-20.44,0.6820400997519169,11803206356.517323
1171985,1332669,,,1130715,,,G,209.27,-0.94689,392.645,,0.0859515729758,-19.6,0.6820661171969541,5445026528.424242
1171987,1332671,,,1130723,,,G,203.498,-0.94653,389.045,,0.08520817260410002,-19.62,0.6820665215493219,5546257129.579103
1172010,1332694,,,1130870,,,G,203.097,-0.94021,335.73800000000006,,0.07411659705830001,-19.62,0.682074496042677,5546257129.579103
1172012,1332696,,,1130898,,,G,208.724,-0.93892,907.821,,0.186017673009,-21.34,0.6820759315286947,27039583641.088463
1172024,1332708,,,1131003,,,G,204.842,-0.93442,517.607,,0.111327565664,-20.52,0.6820804135034388,12705741052.085394
1172042,1332726,,,1131127,,,G,205.898,-0.92969,398.107,,0.08707801353900001,-20.16,0.6820874731554295,9120108393.559114
1172056,1332740,,,1131242,,,G,202.241,-0.92492,790.679,,0.164238562119,-21.19,0.682092207986916,23550492838.96009
1172084,1332768,,,1131508,,,G,203.749,-0.91344,387.258,,0.08483899241949999,-19.41,0.6821016371119402,4570881896.148752
1172109,1332793,,,1131728,,,G,209.672,-0.90567,314.775,,0.06970974485489999,-18.84,0.6821112170665928,2703958364.108846
1172111,1332795,,,1131737,,,G,202.43,-0.90509,394.457,,0.08632537316269999,-19.2,0.6821114534873877,3767037989.8390775
1172117,1332801,,,1131782,,,G,200.935,-0.90349,407.38,,0.0889864944932,-20.11,0.6821133926461227,8709635899.560833
1172197,1332881,,,1132456,,,G,201.015,-0.87677,383.707,,0.0841048320524,-20.09,0.6821426240855892,8550667128.846841
1172253,1332937,,,1132960,,,G,207.855,-0.8567600000000001,354.8130000000001,,0.078104079052,-19.71,0.682159586448009,6025595860.743593
1172285,1332969,,,1133220,,,G,200.196,-0.8462,380.189,,0.0833767616884,-19.44,0.6821705686639519,4698941086.05216
1172321,1333005,,,1133541,,,G,205.917,-0.83347,485.289,,0.104841502421,-20.28,0.6821855172375497,10185913880.541231
1172346,1333030,,,1133758,,,G,202.827,-0.8252,469.894,,0.101733500867,-19.74,0.6821947416729002,6194410750.767812
1172368,1333052,,,1133931,,,G,202.049,-0.8194,765.597,,0.15950851975400002,-21.32,0.6822052770331742,26546055619.75547
1172381,1333065,,,1134052,,,G,200.999,-0.81402,912.011,,0.186787323394,-21.19,0.6822106255760659,23550492838.96009
1172386,1333070,,,1134098,,,G,203.668,-0.8124399999999999,394.457,,0.08632537316269999,-19.55,0.6822116527345613,5199959965.335173
1172387,1333071,,,1134124,,,G,205.443,-0.81145,319.154,,0.07063248531619999,-19.04,0.6822117728748164,3250872973.8543468
1172389,1333073,,,1134145,,,G,200.821,-0.8106,426.58,,0.0929235764618,-19.45,0.6822122363335326,4742419852.6024475
1172397,1333081,,,1134204,,,G,200.01,-0.80811,373.25,,0.0819384709692,-19.54,0.6822150507641771,5152286445.817583
1172400,1333084,,,1134218,,,G,200.696,-0.8076,633.87,,0.134250547125,-20.81,0.682216342552104,16595869074.375563
1172402,1333086,,,1134243,,,G,200.12,-0.80691,385.478,,0.08447107223549999,-20.25,0.6822171782842348,9908319448.927729
1172403,1333087,,,1134279,,,G,200.368,-0.8053100000000001,485.289,,0.104841502421,-20.01,0.6822174718386048,7943282347.242822
1172411,1333095,,,1134356,,,G,209.45,-0.80228,797.995,,0.165613642807,-21.11,0.6822200951744781,21877616239.49561
1172413,1333097,,,1134366,,,G,202.863,-0.80155,797.995,,0.165613642807,-21.29,0.6822212416537553,25822601906.34601
1172450,1333134,,,1134681,,,G,203.938,-0.78886,663.743,,0.140042140021,-20.84,0.6822345809725249,17060823890.03121
1172455,1333139,,,1134711,,,G,204.591,-0.78789,605.341,,0.128682814341,-20.02,0.6822366137491528,8016780633.876789
1172463,1333147,,,1134760,,,G,203.702,-0.78597,381.944,,0.08374006187000001,-19.22,0.6822405545485699,3837072454.9228
1172500,1333184,,,1135057,,,G,200.541,-0.77388,349.945,,0.0770885185443,-19.0,0.6822561853246567,3133285724.315589
1172536,1333220,,,1135362,,,G,206.045,-0.76126,392.645,,0.0859515729758,-19.76,0.6822689793498266,6309573444.801943
1172540,1333224,,,1135388,,,G,208.698,-0.76013,663.743,,0.140042140021,-20.96,0.6822709740736803,19054607179.632526
1172546,1333230,,,1135452,,,G,200.416,-0.75722,698.232,,0.146681503341,-20.65,0.6822738208716999,14321878992.735456
1172555,1333239,,,1135520,,,G,200.55900000000003,-0.75534,390.841,,0.08557924278960001,-19.32,0.6822764364025953,4207266283.8444633
1172564,1333248,,,1135587,,,G,207.367,-0.75207,663.743,,0.140042140021,-20.95,0.6822816910663073,18879913490.962925
1172648,1333332,,,1136202,,,G,209.213,-0.72832,762.079,,0.158843239422,-20.68,0.6823119821490657,14723125024.327225
1172657,1333341,,,1136299,,,G,206.633,-0.72424,691.831,,0.145453002727,-20.82,0.6823153257137826,16749428760.26445
1172664,1333348,,,1136330,,,G,200.955,-0.72323,340.408,,0.0750947775474,-19.65,0.6823176706151167,5701642722.807478
1172690,1333374,,,1136486,,,G,204.729,-0.7170000000000001,666.807,,0.140634130317,-20.74,0.6823277827832053,15559656316.05075
1172696,1333380,,,1136536,,,G,201.31,-0.71459,371.535,,0.0815827307914,-19.4,0.6823297722401189,4528975799.036214
1172751,1333435,,,1136943,,,G,205.221,-0.69792,519.996,,0.111805105903,-20.35,0.6823489436388533,10864256236.170687
1172758,1333442,,,1136984,,,G,208.233,-0.69613,529.663,,0.113733956867,-20.39,0.6823515107020017,11271974561.75514
1172770,1333454,,,1137116,,,G,202.2,-0.68996,335.73800000000006,,0.07411659705830001,-19.06,0.6823579152738706,3311311214.8259077
1172773,1333457,,,1137134,,,G,205.946,-0.68962,805.378,,0.1669992235,-20.94,0.6823590860621302,18706821403.658016
1172802,1333486,,,1137320,,,G,200.807,-0.68207,389.045,,0.08520817260410002,-20.1,0.6823686335382131,8629785477.669737
1172874,1333558,,,1137827,,,G,208.738,-0.66009,398.107,,0.08707801353900001,-20.03,0.6823975556479089,8090958991.783845
1172877,1333561,,,1137903,,,G,209.091,-0.6562600000000001,356.451,,0.07844553922280001,-19.57,0.6823984002222944,5296634438.916602
1172904,1333588,,,1138083,,,G,200.157,-0.6490600000000001,498.884,,0.107576333788,-20.24,0.6824075865159485,9817479430.199823
1172933,1333617,,,1138315,,,G,201.282,-0.6399199999999999,383.707,,0.0841048320524,-19.77,0.6824164791354957,6367955209.079162
1172978,1333662,,,1138706,,,G,203.387,-0.6241399999999999,672.977,,0.141824620912,-20.75,0.6824344364032591,15703628043.33558
1172988,1333672,,,1138749,,,G,206.425,-0.6227,329.61,,0.0728309764155,-19.74,0.6824373651815755,6194410750.767812
1173000,1333684,,,1138869,,,G,209.292,-0.6177199999999999,734.5139999999999,,0.153612766806,-21.12,0.6824415184286626,22080047330.18906
1173002,1333686,,,1138888,,,G,207.789,-0.61692,335.73800000000006,,0.07411659705830001,-20.15,0.6824421010914336,9036494737.223042
1173004,1333688,,,1138904,,,G,200.8,-0.6168600000000001,916.22,,0.18756012378,-21.22,0.6824433147393162,24210290467.3618
1173007,1333691,,,1138924,,,G,200.956,-0.61519,489.779,,0.105745762873,-20.16,0.6824444750164377,9120108393.559114
1173046,1333730,,,1139241,,,G,208.678,-0.60438,765.597,,0.15950851975400002,-20.68,0.6824577243013721,14723125024.327225
1173077,1333761,,,1139415,,,G,208.356,-0.59842,405.509,,0.0886017743009,-19.69,0.6824682034231074,5915616341.754743
1173113,1333797,,,1139645,,,G,206.378,-0.58899,345.144,,0.07608555804280001,-19.9,0.6824813855082313,7177942912.713644
1173146,1333831,,,1139955,,,G,206.793,-0.57634,586.138,,0.124914782457,-20.46,0.6824924443710266,12022644346.17418
1173161,1333846,,,1140083,,,G,202.753,-0.57062,622.3,,0.131996825998,-19.91,0.6824984044725853,7244359600.74989
1173169,1333854,,,1140159,,,G,206.647,-0.56871,463.447,,0.100428350214,-19.71,0.6825009115670485,6025595860.743593
1173184,1333869,,,1140239,,,G,206.945,-0.56492,450.817,,0.0978652989326,-19.95,0.6825062278551972,7516228940.182045
1173210,1333895,,,1140425,,,G,209.158,-0.55815,358.096,,0.07878825939410003,-18.88,0.6825152956493967,2805433637.9517045
1173218,1333903,,,1140461,,,G,209.825,-0.55662,758.578,,0.15818047909000002,-21.0,0.6825192290682329,19769696401.11866
1173219,1333904,,,1140464,,,G,203.047,-0.5562,389.045,,0.08520817260410002,-20.16,0.6825195661137459,9120108393.559114
1173247,1333932,,,1140680,,,G,209.973,-0.54766,354.8130000000001,,0.078104079052,-20.03,0.6825285820312517,8090958991.783845
1173272,1333957,,,1140912,,,G,200.451,-0.53719,812.831,,0.16839593419799995,-20.98,0.682536865260544,19408858775.92779
1173276,1333961,,,1140955,,,G,205.421,-0.53555,396.278,,0.0867008533504,-19.57,0.6825379370080268,5296634438.916602
1173288,1333973,,,1141006,,,G,209.014,-0.53354,405.509,,0.0886017743009,-19.89,0.6825414962322716,7112135136.533323
1173367,1334052,,,1141712,,,G,201.291,-0.50367,492.04,,0.1062006231,-20.14,0.6825693311009212,8953647655.495974
1173388,1334073,,,1141799,,,G,204.985,-0.50041,392.645,,0.0859515729758,-20.51,0.6825781400809451,12589254117.941713
1173396,1334081,,,1141910,,,G,200.451,-0.4961600000000001,835.6030000000002,,0.172650326325,-20.95,0.6825819561487028,18879913490.962925
1173398,1334083,,,1141921,,,G,206.347,-0.49576,413.048,,0.0901507350754,-19.73,0.6825824819844183,6137620051.647945
1173401,1334086,,,1141952,,,G,201.206,-0.49465,418.794,,0.0913292556646,-19.55,0.6825830603377591,5199959965.335173
1173437,1334122,,,1142327,,,G,201.446,-0.47858,879.023,,0.180709710355,-21.12,0.6825957392181904,22080047330.18906
1173442,1334127,,,1142362,,,G,206.105,-0.47728,580.764,,0.123857221929,-20.22,0.6825982352389687,9638290236.239744
1173444,1334129,,,1142366,,,G,202.406,-0.47688,847.227,,0.17481479740699998,-21.58,0.6825997258961439,33728730865.886925
1173451,1334136,,,1142413,,,G,206.463,-0.47552,586.138,,0.124914782457,-20.39,0.6826039136914206,11271974561.75514
1173459,1334144,,,1142443,,,G,203.584,-0.47411,567.545,,0.121250280625,-20.15,0.6826067126312964,9036494737.223042
1173466,1334151,,,1142512,,,G,202.67,-0.47128,783.43,,0.162873981437,-20.63,0.6826098461099717,14060475241.29913
1173472,1334157,,,1142601,,,G,205.741,-0.46784,307.61,,0.0681975340988,-19.28,0.6826114244653306,4055085354.48386
1173478,1334163,,,1142634,,,G,201.069,-0.46642,376.704,,0.08265478132739999,-19.43,0.6826146947549621,4655860935.229601
1173485,1334170,,,1142659,,,G,204.96,-0.46567,392.645,,0.0859515729758,-19.71,0.6826176360844347,6025595860.743593
1173496,1334181,,,1142718,,,G,206.336,-0.46314,345.144,,0.07608555804280001,-19.45,0.6826208466682459,4742419852.6024475
1173521,1334206,,,1142922,,,G,200.652,-0.45432,903.649,,0.185250332625,-21.67,0.6826293800045093,36643757464.783485
1173539,1334224,,,1143093,,,G,207.2,-0.44702,695.0239999999999,,0.146065993033,-20.82,0.6826366728226387,16749428760.26445
1173567,1334252,,,1143324,,,G,208.975,-0.4379,663.743,,0.140042140021,-20.43,0.6826455714754156,11694993910.198748
1173598,1334283,,,1143576,,,G,202.886,-0.42647,633.87,,0.134250547125,-20.69,0.6826577884403358,14859356422.87009
1173605,1334290,,,1143633,,,G,202.722,-0.42407,779.83,,0.162195681098,-21.05,0.6826598001677275,20701413487.910458
1173607,1334292,,,1143651,,,G,204.376,-0.42369,812.831,,0.16839593419799995,-21.17,0.6826610524432312,23120647901.75608
1173619,1334304,,,1143777,,,G,205.348,-0.41943,317.687,,0.0703233651617,-19.02,0.682664021607829,3191537855.1007576
1173628,1334313,,,1143870,,,G,202.827,-0.41545,787.046,,0.163555011778,-20.76,0.6826666698451175,15848931924.611176
1173641,1334326,,,1143966,,,G,202.852,-0.41171,390.841,,0.08557924278960001,-19.76,0.6826707924486001,6309573444.801943
1173675,1334360,,,1144217,,,G,200.094,-0.40217,503.501,,0.108502854251,-19.56,0.6826842177020064,5248074602.497712
1173681,1334366,,,1144286,,,G,201.109,-0.4,363.078,,0.0798254499127,-19.28,0.6826857113775238,4055085354.48386
1173695,1334380,,,1144416,,,G,203.837,-0.39486,341.9790000000001,,0.0754236377118,-19.51,0.6826909050098701,5011872336.272736
1173709,1334394,,,1144539,,,G,201.982,-0.3898,378.443,,0.0830151415076,-19.93,0.6826965743391961,7379042301.291045
1173711,1334396,,,1144575,,,G,208.171,-0.38831,489.779,,0.105745762873,-19.87,0.6826975430837534,6982324040.771733
1173725,1334410,,,1144704,,,G,202.764,-0.38317,426.58,,0.0929235764618,-19.78,0.6827020682350055,6426877173.17022
1173788,1334473,,,1145179,,,G,209.445,-0.36465,354.8130000000001,,0.078104079052,-19.75,0.6827271179070413,6251726927.756875
1173826,1334511,,,1145525,,,G,207.666,-0.35115,685.488,,0.144233952117,-20.96,0.682743341324361,19054607179.632526
1173837,1334522,,,1145625,,,G,204.437,-0.34743,783.43,,0.162873981437,-21.18,0.6827473800446217,23334580622.810143
1173840,1334525,,,1145642,,,G,208.724,-0.34638,1091.44,,0.219205669603,-21.17,0.6827486724871011,23120647901.75608
1173867,1334553,,,1145822,,,G,205.781,-0.33847,307.61,,0.0681975340988,-19.26,0.6827590413260614,3981071705.534985
1173878,1334564,,,1145930,,,G,200.901,-0.33398,368.129,,0.08087545043769999,-19.97,0.6827621135291865,7655966069.112569
1173907,1334593,,,1146198,,,G,202.39,-0.3228,510.505,,0.109906704953,-19.54,0.6827736940078231,5152286445.817583
1173910,1334596,,,1146233,,,G,201.7,-0.32092,366.4380000000001,,0.08052412026210001,-19.65,0.6827744259277986,5701642722.807478
1173921,1334607,,,1146324,,,G,204.515,-0.3172,1132.4,,0.226463693232,-21.63,0.6827793426880128,35318316979.1957
1173998,1334684,,,1146961,,,G,206.693,-0.29345,351.56,,0.0774255687128,-19.41,0.6828095469217129,4570881896.148752
1174005,1334691,,,1146996,,,G,205.338,-0.29192,396.278,,0.0867008533504,-19.74,0.682812317613163,6194410750.767812
1174034,1334720,,,1147195,,,G,200.77,-0.28494,369.828,,0.08122825061410001,-20.11,0.6828246098254304,8709635899.560833
1174064,1334750,,,1147516,,,G,203.461,-0.27154,831.7639999999999,,0.171934645967,-21.26,0.6828374304520268,25118864315.095818
1174125,1334811,,,1147955,,,G,205.928,-0.25481,580.764,,0.123857221929,-21.01,0.6828595886715071,19952623149.688828
1174130,1334816,,,1148009,,,G,204.013,-0.25259000000000004,341.9790000000001,,0.0754236377118,-19.7,0.6828612869870816,5970352865.838366
1174207,1334893,,,1148684,,,G,201.704,-0.22667,368.129,,0.08087545043769999,-19.84,0.6828940795187384,6792036326.171857
1174218,1334904,,,1148789,,,G,201.144,-0.22242,369.828,,0.08122825061410001,-19.74,0.6828985170067104,6194410750.767812
1174225,1334911,,,1148838,,,G,201.372,-0.22062,424.62,,0.0925224762612,-19.96,0.6829008981951465,7585775750.291882
1174226,1334912,,,1148845,,,G,204.832,-0.22081,682.3389999999998,,0.143628101814,-20.79,0.6829015003227676,16292960326.397282
1174233,1334919,,,1148956,,,G,206.391,-0.2156,345.144,,0.07608555804280001,-19.62,0.6829047007721512,5546257129.579103
1174271,1334957,,,1149299,,,G,203.945,-0.20307,907.821,,0.186017673009,-21.44,0.6829180528996263,29648313895.24352
1174293,1334979,,,1149510,,,G,206.726,-0.19476,1380.38,,0.269392754696,-21.36,0.6829261994392006,27542287033.381744
1174294,1334980,,,1149513,,,G,201.226,-0.19443,338.844,,0.07476738738369999,-19.34,0.6829263578149015,4285485203.9743924
1174315,1335001,,,1149667,,,G,207.495,-0.18909,465.586,,0.100861580431,-20.12,0.6829338851131043,8790225168.308859
1174359,1335045,,,1149984,,,G,202.666,-0.1766,1158.78,,0.231111835556,-21.66,0.6829508801433366,36307805477.01018
1174371,1335057,,,1150127,,,G,208.326,-0.17107999999999998,899.498,,0.184486562243,-20.67,0.682954659654278,14588142602.753534
1174397,1335083,,,1150335,,,G,204.114,-0.16275,809.096,,0.167696213848,-21.15,0.6829653391327691,22698648518.838303
1174405,1335091,,,1150388,,,G,201.901,-0.16067,751.623,,0.156862728431,-20.94,0.6829687535631241,18706821403.658016
1174451,1335137,,,1150800,,,G,206.531,-0.1455,348.337,,0.0767527283764,-19.37,0.6829865259735091,4405548635.065536
1174481,1335167,,,1151104,,,G,201.234,-0.13405999999999998,297.8520000000001,,0.0661330230665,-19.05,0.6829964889679697,3280952931.131191
1174488,1335174,,,1151165,,,G,202.867,-0.13175,772.681,,0.16084706042400002,-20.83,0.6829991202481256,16904409316.4327
1174493,1335179,,,1151194,,,G,203.999,-0.13052,392.645,,0.0859515729758,-19.71,0.6830010135218767,6025595860.743593
1174527,1335213,,,1151517,,,G,203.526,-0.11722,724.436,,0.151692735846,-20.99,0.6830132443885688,19588446735.05989
1174533,1335219,,,1151560,,,G,206.966,-0.11572,394.457,,0.08632537316269999,-19.28,0.6830156703566979,4055085354.48386
1174550,1335236,,,1151671,,,G,205.772,-0.11102,396.278,,0.0867008533504,-19.43,0.6830228213733406,4655860935.229601
1174567,1335253,,,1151777,,,G,202.654,-0.10707,613.762,,0.130330055165,-20.54,0.6830304609460667,12941958414.499916
1174589,1335275,,,1151972,,,G,203.584,-0.09927,440.555,,0.0957766378883,-19.97,0.6830386414265509,7655966069.112569
1174607,1335293,,,1152155,,,G,207.037,-0.09024,322.107,,0.071254085627,-19.35,0.6830453331818979,4325138310.350115
1174630,1335316,,,1152285,,,G,202.152,-0.08581,354.8130000000001,,0.078104079052,-19.77,0.6830529037371388,6367955209.079162
1174642,1335328,,,1152394,,,G,205.997,-0.0816,679.204,,0.143024771512,-21.04,0.6830648895448961,20511621788.25571
1174647,1335333,,,1152420,,,G,201.356,-0.08034,369.828,,0.08122825061410001,-19.49,0.6830661244785585,4920395356.814511
1174669,1335355,,,1152645,,,G,201.935,-0.07153999999999999,450.817,,0.0978652989326,-19.93,0.6830743516465837,7379042301.291045
1174690,1335376,,,1152801,,,G,208.396,-0.06533,524.807,,0.112765646383,-20.29,0.6830876716311861,10280162981.264746
1174730,1335416,,,1153152,,,G,203.715,-0.05065,348.337,,0.0767527283764,-19.37,0.6830990607300971,4405548635.065536
1174746,1335432,,,1153281,,,G,204.458,-0.04506,1127.2,,0.225545152773,-21.42,0.6831058714492412,29107171180.6662
1174747,1335433,,,1153295,,,G,200.907,-0.04396,349.945,,0.0770885185443,-19.26,0.6831060185749437,3981071705.534985
1174786,1335472,,,1153608,,,G,206.122,-0.03252,401.791,,0.0878367439184,-19.93,0.6831233986811398,7379042301.291045
1174794,1335480,,,1153681,,,G,201.085,-0.02942,299.226,,0.066424083212,-19.11,0.6831262267290754,3467368504.525324
1174831,1335517,,,1153960,,,G,203.556,-0.01965,1009.25,,0.204485922243,-20.98,0.6831405112944651,19408858775.92779
1174834,1335520,,,1153982,,,G,203.007,-0.01874,351.56,,0.0774255687128,-19.16,0.6831414464656549,3630780547.7010174
1174841,1335527,,,1154021,,,G,204.142,-0.0174,392.645,,0.0859515729758,-19.5,0.6831433705768777,4965923214.503378
1174844,1335530,,,1154031,,,G,203.425,-0.0174,676.0830000000002,,0.14242354121200002,-20.15,0.6831454403190325,9036494737.223042
1174846,1335532,,,1154046,,,G,200.802,-0.01584,366.4380000000001,,0.08052412026210001,-19.71,0.6831458940435254,6025595860.743593
1174873,1335559,,,1154289,,,G,203.598,-0.007409999999999998,1185.77,,0.235846497923,-21.48,0.6831573089126194,30760968147.40705
1174884,1335570,,,1154382,,,G,203.782,-0.00389,1076.47,,0.21654034827,-21.12,0.6831612742744269,22080047330.18906
1237685,1400152,,,2827737,,,G,208.098,-1.94681,783.43,,0.162873981437,-20.5,0.7141681904769813,12473835142.429485
1242098,1405662,,,3105726,,,G,200.562,-3.61075,380.189,,0.0833767616884,-19.15,0.7164815565698603,3597493351.557431
1242108,1405672,,,3105744,,,G,200.987,-3.57484,442.588,,0.0961909680955,-19.51,0.7164845239958691,5011872336.272736
1242133,1405697,,,3105781,,,G,200.897,-3.50177,387.258,,0.08483899241949999,-19.14,0.7164920556019323,3564511334.262453
1242139,1405703,,,3105791,,,G,201.039,-3.48254,446.684,,0.09702466851230003,-19.37,0.7164940534265001,4405548635.065536
1242141,1405705,,,3105793,,,G,200.98,-3.48017,628.058,,0.13311927656,-20.72,0.7164948229276543,15275660582.380762
1242156,1405720,,,3105818,,,G,200.966,-3.42872,498.884,,0.107576333788,-19.89,0.7164999427738294,7112135136.533323
1242165,1405729,,,3105828,,,G,201.133,-3.40849,529.663,,0.113733956867,-19.78,0.7165027836064661,6426877173.17022
1242182,1405746,,,3105854,,,G,200.896,-3.36309,469.894,,0.101733500867,-20.22,0.7165082081496128,9638290236.239744
1242188,1405752,,,3105865,,,G,201.093,-3.32668,349.945,,0.0770885185443,-19.48,0.7165099257645801,4875284901.033871
1242189,1405753,,,3105866,,,G,200.102,-3.31916,444.631,,0.0966069783035,-19.3,0.7165100784116771,4130475019.9016094
1242198,1405762,,,3105879,,,G,200.926,-3.2993300000000003,527.23,,0.113248856624,-19.82,0.7165126403557801,6668067692.136246
1242202,1405766,,,3105884,,,G,200.669,-3.28488,539.511,,0.115694517847,-19.89,0.7165136130469428,7112135136.533323
1242212,1405776,,,3105896,,,G,200.505,-3.24542,487.528,,0.105292582646,-19.57,0.7165161230257441,5296634438.916602
1242224,1405788,,,3105914,,,G,200.849,-3.19756,474.242,,0.102612561306,-19.62,0.7165194557633227,5546257129.579103
1242267,1405831,,,3105970,,,G,200.439,-3.05666,310.456,,0.06879855439930001,-19.0,0.7165331284123548,3133285724.315589
1242291,1405855,,,3106002,,,G,201.128,-2.9612,505.825,,0.108969054485,-19.03,0.7165390505397081,3221068791.283441
1242296,1405860,,,3106007,,,G,201.181,-2.94013,501.187,,0.108038544019,-19.76,0.7165411314511034,6309573444.801943
1242315,1405879,,,3106033,,,G,200.718,-2.86669,494.311,,0.106657373329,-19.93,0.7165470386625322,7379042301.291045
1242347,1405911,,,3106074,,,G,200.15,-2.77266,537.0319999999998,,0.115201437601,-19.88,0.7165574983363945,7046930689.671453
1242368,1405932,,,3106102,,,G,200.679,-2.69641,503.501,,0.108502854251,-20.07,0.7165641713913564,8394599865.193998
1242377,1405941,,,3106115,,,G,200.641,-2.67381,487.528,,0.105292582646,-19.64,0.7165665860238304,5649369748.123057
1242414,1405978,,,3106164,,,G,200.08900000000003,-2.55603,454.98800000000006,,0.09871264935630003,-19.63,0.7165779771024332,5597576014.951093
1242419,1405983,,,3106169,,,G,200.711,-2.5495,483.059,,0.104392102196,-19.97,0.7165797093898426,7655966069.112569
1242433,1405997,,,3106185,,,G,200.592,-2.51255,496.592,,0.107115803558,-20.08,0.7165846156781828,8472274141.40598
1242437,1406001,,,3106189,,,G,200.311,-2.50068,436.516,,0.0949530174765,-20.01,0.7165854690848081,7943282347.242822
1242444,1406008,,,3106199,,,G,200.812,-2.48053,409.261,,0.08937310468660001,-19.56,0.7165874303792238,5248074602.497712
1242446,1406010,,,3106202,,,G,200.758,-2.47633,409.261,,0.08937310468660001,-19.53,0.7165879153136068,5105049999.754086
1242489,1406053,,,3106272,,,G,200.586,-2.31947,487.528,,0.105292582646,-19.45,0.7165997175510883,4742419852.6024475
1242563,1406127,,,3106381,,,G,200.254,-2.08862,529.663,,0.113733956867,-20.03,0.7166225964869704,8090958991.783845
1242584,1406149,,,3106410,,,G,200.593,-2.0359700000000003,374.973,,0.0822958911479,-19.22,0.7166291234183837,3837072454.9228
1242599,1406164,,,3106436,,,G,200.463,-1.98284,454.98800000000006,,0.09871264935630003,-19.68,0.7166331687138763,5861381645.140297
1242606,1406171,,,3106444,,,G,200.903,-1.97073,380.189,,0.0833767616884,-19.4,0.7166342438583155,4528975799.036214
1242611,1406176,,,3106452,,,G,200.674,-1.95901,381.944,,0.08374006187000001,-19.15,0.7166356456526277,3597493351.557431
1242627,1406192,,,3106478,,,G,200.761,-1.91532,508.159,,0.109436724718,-19.84,0.7166407674646769,6792036326.171857
1242636,1406201,,,3106492,,,G,200.825,-1.8882,387.258,,0.08483899241949999,-19.16,0.7166426721764069,3630780547.7010174
1242652,1406217,,,3106516,,,G,200.576,-1.84843,489.779,,0.105745762873,-19.57,0.7166475673324241,5296634438.916602
1242655,1406220,,,3106520,,,G,200.668,-1.84351,381.944,,0.08374006187000001,-19.55,0.7166481490469998,5199959965.335173
1242677,1406242,,,3106550,,,G,201.073,-1.79249,378.443,,0.0830151415076,-19.57,0.7166548655722007,5296634438.916602
1242688,1406253,,,3106564,,,G,200.38,-1.76952,645.654,,0.13653975827,-20.2,0.7166584282347288,9462371613.657913
1242703,1406268,,,3106587,,,G,200.776,-1.74502,343.55800000000005,,0.0757537578769,-19.41,0.7166626291581712,4570881896.148752
1242704,1406269,,,3106588,,,G,200.89,-1.74258,378.443,,0.0830151415076,-19.05,0.7166627504100705,3280952931.131191
1242715,1406280,,,3106604,,,G,200.835,-1.72123,887.1560000000002,,0.182211631106,-20.82,0.7166659355275227,16749428760.26445
1242724,1406289,,,3106619,,,G,200.68,-1.71075,383.707,,0.0841048320524,-19.68,0.7166676868627223,5861381645.140297
1242739,1406304,,,3106643,,,G,200.587,-1.67894,454.98800000000006,,0.09871264935630003,-19.54,0.7166714642889457,5152286445.817583
1242747,1406312,,,3106655,,,G,200.034,-1.66419,374.973,,0.0822958911479,-19.02,0.7166734207508368,3191537855.1007576
1242755,1406320,,,3106666,,,G,200.74,-1.645,389.045,,0.08520817260410002,-19.25,0.7166757193782538,3944573020.752801
1242769,1406334,,,3106689,,,G,200.031,-1.60535,862.9789999999998,,0.17773967887000006,-20.67,0.7166794031434371,14588142602.753534
1242770,1406335,,,3106691,,,G,201.137,-1.60249,648.634,,0.137117678559,-20.59,0.7166799039713779,13551894123.510351
1242794,1406359,,,3106734,,,G,200.395,-1.55019,633.87,,0.134250547125,-20.26,0.71668669491879,10000000000.0
1242807,1406372,,,3106750,,,G,200.493,-1.51501,487.528,,0.105292582646,-19.54,0.7166898691005774,5152286445.817583
1242808,1406373,,,3106752,,,G,200.955,-1.50911,385.478,,0.08447107223549999,-19.84,0.7166901201091477,6792036326.171857
1242820,1406385,,,3106768,,,G,200.878,-1.47677,378.443,,0.0830151415076,-19.18,0.7166936606279992,3698281797.8026743
1242825,1406390,,,3106774,,,G,200.021,-1.46649,371.535,,0.0815827307914,-19.16,0.7166952077846976,3630780547.7010174
1242832,1406397,,,3106784,,,G,200.348,-1.44428,489.779,,0.105745762873,-19.65,0.7166970508947079,5701642722.807478
1242843,1406408,,,3106801,,,G,200.86,-1.41259,459.198,,0.0995669297835,-20.01,0.7167006728541461,7943282347.242822
1242853,1406418,,,3106814,,,G,200.134,-1.38828,478.63,,0.103498551749,-19.72,0.7167033241191682,6081350012.7871895
1242873,1406438,,,3106842,,,G,200.486,-1.33635,503.501,,0.108502854251,-19.89,0.7167089615584878,7112135136.533323
1242889,1406454,,,3106864,,,G,200.43400000000003,-1.29977,685.488,,0.144233952117,-20.25,0.7167136558837405,9908319448.927729
1242898,1406464,,,3106878,,,G,200.361,-1.28091,503.501,,0.108502854251,-19.5,0.7167167281932354,4965923214.503378
1242925,1406491,,,3106922,,,G,200.38,-1.22924,496.592,,0.107115803558,-19.72,0.7167249777916204,6081350012.7871895
1242965,1406531,,,3107000,,,G,200.104,-1.20141,366.4380000000001,,0.08052412026210001,-19.02,0.7167346377783421,3191537855.1007576
1242994,1406560,,,3107042,,,G,200.76,-1.18659,385.478,,0.08447107223549999,-19.2,0.7167426599034229,3767037989.8390775
1243042,1406608,,,3107104,,,G,202.415,-1.16954,776.247,,0.16151990076,-20.41,0.7167586941712393,11481536214.968842
1243047,1406613,,,3107112,,,G,205.606,-1.16682,676.0830000000002,,0.14242354121200002,-20.17,0.7167604472792861,9204495717.53176
1243082,1406648,,,3107170,,,G,208.182,-1.14801,714.4960000000002,,0.149795174898,-20.21,0.7167704272566301,9549925860.214407
1243088,1406654,,,3107180,,,G,200.376,-1.14517,591.562,,0.12598074299,-20.16,0.7167724458245082,9120108393.559114
1243091,1406657,,,3107188,,,G,202.581,-1.14224,392.645,,0.0859515729758,-19.35,0.7167732584353466,4325138310.350115
1243103,1406669,,,3107208,,,G,201.19,-1.13497,467.735,,0.101296700648,-19.24,0.7167775654371136,3908408957.9240093
1243105,1406671,,,3107211,,,G,206.343,-1.13426,401.791,,0.0878367439184,-19.67,0.7167780381070877,5807644175.2131605
1243123,1406689,,,3107240,,,G,205.67,-1.1263,485.289,,0.104841502421,-19.42,0.7167834520055425,4613175745.603809
1243127,1406693,,,3107246,,,G,206.018,-1.12356,346.737,,0.0764184082092,-19.15,0.7167847307183094,3597493351.557431
1243138,1406704,,,3107266,,,G,204.83900000000003,-1.1182299999999998,316.228,,0.07001613500810001,-18.99,0.7167874654904726,3104559588.128349
1243149,1406715,,,3107283,,,G,205.025,-1.11292,597.035,,0.127055103528,-20.4,0.7167912809233973,11376272858.234331
1243165,1406731,,,3107306,,,G,208.95,-1.10683,524.807,,0.112765646383,-19.62,0.7167970738134407,5546257129.579103
1243196,1406762,,,3107361,,,G,204.294,-1.09366,317.687,,0.0703233651617,-19.02,0.7168058956420016,3191537855.1007576
1243201,1406767,,,3107367,,,G,201.655,-1.09194,383.707,,0.0841048320524,-19.21,0.7168071423553274,3801893963.205628
1243215,1406781,,,3107387,,,G,201.166,-1.08791,371.535,,0.0815827307914,-18.88,0.7168110910526189,2805433637.9517045
1243229,1406795,,,3107407,,,G,206.395,-1.08283,341.9790000000001,,0.0754236377118,-19.09,0.7168139549604867,3404081897.010009
1243238,1406804,,,3107423,,,G,202.58,-1.07812,727.78,,0.152330296165,-20.49,0.7168174803182429,12359474334.445068
1243244,1406810,,,3107432,,,G,205.015,-1.07507,758.578,,0.15818047909000002,-20.35,0.7168191848014979,10864256236.170687
1243247,1406813,,,3107438,,,G,204.662,-1.0733700000000002,401.791,,0.0878367439184,-19.65,0.7168199390500107,5701642722.807478
1243254,1406820,,,3107446,,,G,208.606,-1.07096,685.488,,0.144233952117,-19.93,0.7168217975220688,7379042301.291045
1243257,1406823,,,3107451,,,G,209.583,-1.07002,478.63,,0.103498551749,-19.7,0.7168226672394825,5970352865.838366
1243270,1406836,,,3107466,,,G,208.639,-1.06613,688.6519999999998,,0.144842322421,-20.35,0.7168266349844726,10864256236.170687
1243277,1406843,,,3107476,,,G,204.831,-1.06375,317.687,,0.0703233651617,-19.12,0.7168285409983598,3499451670.2835765
1243295,1406861,,,3107506,,,G,207.36900000000003,-1.05493,691.831,,0.145453002727,-20.05,0.7168348748025779,8241381150.13003
1243301,1406867,,,3107514,,,G,202.885,-1.05374,794.328,,0.164924632462,-20.55,0.7168376155709933,13061708881.318405
1243309,1406875,,,3107526,,,G,205.15,-1.0518,685.488,,0.144233952117,-20.27,0.7168425571775542,10092528860.766834
1243310,1406876,,,3107527,,,G,201.868,-1.05144,389.045,,0.08520817260410002,-18.94,0.7168426667467691,2964831389.524339
1243344,1406910,,,3107579,,,G,208.614,-1.03759,682.3389999999998,,0.143628101814,-20.11,0.7168523360593927,8709635899.560833
1243352,1406918,,,3107591,,,G,205.581,-1.03316,398.107,,0.08707801353900001,-19.24,0.7168542385288295,3908408957.9240093
1243359,1406925,,,3107605,,,G,201.043,-1.03025,401.791,,0.0878367439184,-19.6,0.7168559895717556,5445026528.424242
1243368,1406934,,,3107621,,,G,208.148,-1.02845,654.636,,0.13828065914,-20.35,0.71685829598601,10864256236.170687
1243393,1406959,,,3107658,,,G,208.251,-1.02149,794.328,,0.164924632462,-20.28,0.7168673939379779,10185913880.541231
1243397,1406963,,,3107663,,,G,209.219,-1.02003,401.791,,0.0878367439184,-19.17,0.7168685771845951,3664375746.478348
1243404,1406970,,,3107674,,,G,204.181,-1.01795,383.707,,0.0841048320524,-19.31,0.716870585901651,4168693834.7033467
1243407,1406973,,,3107678,,,G,206.382,-1.01675,405.509,,0.0886017743009,-19.58,0.7168712921654347,5345643593.969735
1243415,1406981,,,3107688,,,G,208.595,-1.01523,537.0319999999998,,0.115201437601,-20.17,0.7168736046983001,9204495717.53176
1243416,1406982,,,3107689,,,G,207.79,-1.01505,422.669,,0.0921230560615,-19.68,0.7168738213133113,5861381645.140297
1243422,1406988,,,3107696,,,G,208.968,-1.01173,469.894,,0.101733500867,-20.19,0.7168753901447806,9375620069.258831
1243442,1407008,,,3107724,,,G,205.851,-1.00419,783.43,,0.162873981437,-20.52,0.7168808160865368,12705741052.085394
1243451,1407017,,,3107740,,,G,208.547,-1.00164,663.743,,0.140042140021,-20.01,0.7168837822072622,7943282347.242822
1243455,1407021,,,3107746,,,G,200.741,-0.99969,369.828,,0.08122825061410001,-19.46,0.7168850708972558,4786300923.226399
1243459,1407025,,,3107752,,,G,208.646,-0.99851,663.743,,0.140042140021,-20.11,0.7168859435486654,8709635899.560833
1243481,1407047,,,3107785,,,G,205.719,-0.99256,401.791,,0.0878367439184,-20.03,0.7168915894029902,8090958991.783845
1243498,1407064,,,3107813,,,G,208.55900000000003,-0.98719,704.693,,0.14791966396,-20.41,0.7168968442093242,11481536214.968842
1243503,1407069,,,3107820,,,G,205.752,-0.98544,343.55800000000005,,0.0757537578769,-19.14,0.7168990562491525,3564511334.262453
1243506,1407072,,,3107824,,,G,200.061,-0.98428,855.067,,0.176271568136,-20.48,0.7169006627678329,12246161992.650517
1243510,1407076,,,3107829,,,G,205.771,-0.98377,392.645,,0.0859515729758,-19.9,0.7169016349788592,7177942912.713644
1243519,1407085,,,3107845,,,G,200.431,-0.97938,859.0139999999999,,0.17700425850200002,-20.93,0.7169039003624441,18535316234.148144
1243529,1407095,,,3107861,,,G,205.436,-0.97583,688.6519999999998,,0.144842322421,-20.53,0.7169071641122667,12823305826.560284
1243563,1407129,,,3107913,,,G,209.094,-0.96427,309.03,,0.0684974142487,-19.02,0.7169177397840392,3191537855.1007576
1243569,1407135,,,3107924,,,G,205.008,-0.96263,396.278,,0.0867008533504,-19.11,0.7169191736381425,3467368504.525324
1243573,1407139,,,3107931,,,G,200.254,-0.96106,527.23,,0.113248856624,-19.99,0.7169206534511785,7798301105.232576
1243577,1407143,,,3107938,,,G,201.28,-0.95995,385.478,,0.08447107223549999,-19.64,0.7169214820744334,5649369748.123057
1243582,1407148,,,3107947,,,G,205.605,-0.95784,463.447,,0.100428350214,-20.3,0.7169228830941924,10375284158.180126
1243586,1407152,,,3107953,,,G,200.367,-0.95706,380.189,,0.0833767616884,-19.07,0.7169239395472211,3341950400.261149
1243589,1407155,,,3107958,,,G,205.562,-0.9568,827.942,,0.17122127561099998,-20.47,0.7169248348694313,12133888504.649809
1243590,1407156,,,3107959,,,G,202.131,-0.95648,326.588,,0.07219635609819999,-19.19,0.7169249728089002,3732501577.957214
1243607,1407173,,,3107987,,,G,200.468,-0.9497,371.535,,0.0815827307914,-19.99,0.7169309721308921,7798301105.232576
1243615,1407181,,,3108008,,,G,200.35,-0.94543,855.067,,0.176271568136,-20.56,0.7169340232854016,13182567385.564049
1243640,1407206,,,3108058,,,G,203.871,-0.93489,323.594,,0.0715667757834,-19.29,0.7169417034595494,4092606597.3001275
1243642,1407208,,,3108063,,,G,204.134,-0.93266,597.035,,0.127055103528,-19.77,0.7169422040659,6367955209.079162
1243643,1407209,,,3108064,,,G,202.61,-0.93235,657.658,,0.138865509433,-20.43,0.7169426362696691,11694993910.198748
1243654,1407220,,,3108083,,,G,206.937,-0.92851,610.942,,0.129778804889,-20.1,0.7169455570264893,8629785477.669737
1243655,1407221,,,3108084,,,G,201.798,-0.92789,332.66,,0.0734710567355,-18.99,0.7169456717595422,3104559588.128349
1243669,1407235,,,3108121,,,G,200.373,-0.91958,492.04,,0.1062006231,-19.86,0.7169491588605524,6918309709.18939
1243685,1407251,,,3108156,,,G,206.59,-0.90963,610.942,,0.129778804889,-20.16,0.7169537487065644,9120108393.559114
1243688,1407254,,,3108167,,,G,205.636,-0.90827,459.198,,0.0995669297835,-19.43,0.716954914409862,4655860935.229601
1243715,1407281,,,3108210,,,G,208.96400000000003,-0.89794,758.578,,0.15818047909000002,-20.25,0.7169629431470947,9908319448.927729
1243734,1407300,,,3108244,,,G,201.829,-0.8919299999999999,879.023,,0.180709710355,-20.62,0.7169676220150382,13931568029.453035
1243764,1407330,,,3108289,,,G,204.923,-0.88274,401.791,,0.0878367439184,-19.07,0.7169749148954891,3341950400.261149
1243770,1407336,,,3108297,,,G,200.502,-0.88175,351.56,,0.0774255687128,-19.68,0.7169760459912271,5861381645.140297
1243781,1407347,,,3108319,,,G,209.282,-0.8773200000000001,701.455,,0.14729932365,-19.95,0.7169790043504786,7516228940.182045
1243815,1407381,,,3108370,,,G,206.158,-0.8671399999999999,783.43,,0.162873981437,-20.91,0.7169890883112049,18197008586.099827
1243817,1407383,,,3108373,,,G,203.755,-0.8664,369.828,,0.08122825061410001,-19.25,0.7169895093134752,3944573020.752801
1243833,1407399,,,3108399,,,G,206.144,-0.86239,783.43,,0.162873981437,-20.65,0.7169948964659149,14321878992.735456
1243845,1407411,,,3108415,,,G,200.502,-0.85911,489.779,,0.105745762873,-19.68,0.7169981805996058,5861381645.140297
1243880,1407446,,,3108473,,,G,200.823,-0.8479399999999999,432.514,,0.0941363270682,-19.87,0.7170085816878723,6982324040.771733
1243892,1407458,,,3108488,,,G,208.45,-0.84657,701.455,,0.14729932365,-19.96,0.7170117083384109,7585775750.291882
1243900,1407466,,,3108501,,,G,206.122,-0.84416,407.38,,0.0889864944932,-19.53,0.7170137833045033,5105049999.754086
1243905,1407471,,,3108510,,,G,203.881,-0.8428700000000001,323.594,,0.0715667757834,-18.76,0.7170146781774908,2511886431.509582
1243912,1407478,,,3108519,,,G,203.312,-0.8409200000000001,679.204,,0.143024771512,-20.28,0.7170165366835229,10185913880.541231
1243918,1407484,,,3108527,,,G,206.582,-0.8393,329.61,,0.0728309764155,-19.23,0.717018124238718,3872576449.216165
1243920,1407486,,,3108531,,,G,201.38,-0.8378200000000001,485.289,,0.104841502421,-20.01,0.7170185622334437,7943282347.242822
1243926,1407492,,,3108538,,,G,206.595,-0.83631,329.61,,0.0728309764155,-19.4,0.71702098501363,4528975799.036214
1243927,1407493,,,3108539,,,G,203.548,-0.83615,381.944,,0.08374006187000001,-19.4,0.7170211523878437,4528975799.036214
1243969,1407535,,,3108597,,,G,209.409,-0.82794,812.831,,0.16839593419799995,-20.48,0.7170336619810171,12246161992.650517
1243988,1407554,,,3108629,,,G,200.516,-0.8215,353.18300000000005,,0.0777642988821,-19.28,0.7170391006861868,4055085354.48386
1244005,1407571,,,3108662,,,G,209.266,-0.81465,310.456,,0.06879855439930001,-19.08,0.7170441381387902,3372873086.588692
1244010,1407576,,,3108668,,,G,208.144,-0.81374,701.455,,0.14729932365,-20.37,0.7170451789108784,11066237839.776676
1244012,1407578,,,3108672,,,G,201.764,-0.81357,334.195,,0.0737929868965,-19.07,0.7170455827592657,3341950400.261149
1244022,1407588,,,3108691,,,G,208.662,-0.8116,946.237,,0.193053306527,-20.66,0.7170492122199708,14454397707.459282
1244024,1407590,,,3108693,,,G,206.355,-0.81053,701.455,,0.14729932365,-20.43,0.7170499171258822,11694993910.198748
1244027,1407593,,,3108698,,,G,206.335,-0.80976,783.43,,0.162873981437,-20.8,0.7170510165409781,16443717232.149357
1244046,1407612,,,3108726,,,G,207.489,-0.80324,420.727,,0.09172531586269997,-19.67,0.7170564025500826,5807644175.2131605
1244079,1407645,,,3108786,,,G,205.18400000000003,-0.7924100000000001,695.0239999999999,,0.146065993033,-20.96,0.7170646329942383,19054607179.632526
1244099,1407665,,,3108819,,,G,209.087,-0.78651,685.488,,0.144233952117,-20.28,0.7170699543444953,10185913880.541231
1244101,1407667,,,3108821,,,G,204.426,-0.7863600000000001,524.807,,0.112765646383,-20.15,0.7170706511177265,9036494737.223042
1244107,1407673,,,3108834,,,G,207.689,-0.78401,373.25,,0.0819384709692,-19.27,0.7170727495650726,4017908108.4893923
1244111,1407677,,,3108843,,,G,200.386,-0.78067,374.973,,0.0822958911479,-19.33,0.7170739881176764,4246195639.4631295
1244120,1407686,,,3108859,,,G,203.386,-0.77709,334.195,,0.0737929868965,-18.88,0.7170756144262392,2805433637.9517045
1244152,1407718,,,3108912,,,G,201.646,-0.76826,300.608,,0.0667168233584,-18.87,0.7170855877109849,2779713267.759294
1244178,1407744,,,3108946,,,G,208.56,-0.76402,704.693,,0.14791966396,-20.08,0.7170955292996459,8472274141.40598
1244187,1407753,,,3108960,,,G,200.273,-0.7599199999999999,480.839,,0.103944381972,-19.72,0.7170986425845957,6081350012.7871895
1244192,1407758,,,3108968,,,G,200.349,-0.75875,485.289,,0.104841502421,-19.47,0.7171000792316574,4830588020.397738
1244197,1407763,,,3108975,,,G,204.206,-0.7578,666.807,,0.140634130317,-20.53,0.7171020762799828,12823305826.560284
1244214,1407780,,,3109001,,,G,200.913,-0.7531100000000001,426.58,,0.0929235764618,-19.54,0.7171075997377826,5152286445.817583
1244216,1407782,,,3109004,,,G,204.685,-0.753,396.278,,0.0867008533504,-19.11,0.7171081721914313,3467368504.525324
1244230,1407796,,,3109024,,,G,208.977,-0.7500399999999999,529.663,,0.113733956867,-20.08,0.7171123255016421,8472274141.40598
1244251,1407818,,,3109058,,,G,200.357,-0.74398,494.311,,0.106657373329,-20.01,0.717119045934392,7943282347.242822
1244256,1407823,,,3109066,,,G,203.949,-0.74198,669.885,,0.141228220614,-20.13,0.7171209018868522,8871560120.37962
1244257,1407824,,,3109067,,,G,205.761,-0.74198,313.329,,0.0694048247024,-19.3,0.7171210545339493,4130475019.9016094
1244259,1407826,,,3109070,,,G,200.112,-0.74192,380.189,,0.0833767616884,-19.34,0.7171216256610451,4285485203.9743924
1244273,1407840,,,3109095,,,G,205.971,-0.7378399999999999,396.278,,0.0867008533504,-19.65,0.7171258362642434,5701642722.807478
1244285,1407852,,,3109117,,,G,205.09,-0.73455,398.107,,0.08707801353900001,-19.33,0.7171293802789689,4246195639.4631295
1244295,1407862,,,3109140,,,G,201.741,-0.73072,879.023,,0.180709710355,-20.52,0.7171329534663421,12705741052.085394
1244300,1407867,,,3109146,,,G,209.894,-0.72845,483.059,,0.104392102196,-19.42,0.7171340605583126,4613175745.603809
1244308,1407875,,,3109162,,,G,205.289,-0.72567,676.0830000000002,,0.14242354121200002,-20.18,0.7171362400238229,9289663867.7994
1244334,1407901,,,3109203,,,G,200.22,-0.7145600000000001,392.645,,0.0859515729758,-19.12,0.7171435755116452,3499451670.2835765
1244341,1407908,,,3109216,,,G,205.257,-0.71231,519.996,,0.111805105903,-19.77,0.7171457531372756,6367955209.079162
1244362,1407929,,,3109256,,,G,207.094,-0.70514,685.488,,0.144233952117,-20.28,0.71715121829337,10185913880.541231
1244368,1407935,,,3109269,,,G,205.137,-0.7024100000000001,666.807,,0.140634130317,-20.14,0.7171527828806695,8953647655.495974
1244392,1407959,,,3109303,,,G,203.716,-0.6976,345.144,,0.07608555804280001,-18.7,0.7171596084498163,2376840286.6248736
1244455,1408022,,,3109404,,,G,200.13,-0.68135,816.582,,0.169098174549,-20.59,0.7171790203923809,13551894123.510351
1244470,1408037,,,3109424,,,G,208.578,-0.67818,682.3389999999998,,0.143628101814,-20.59,0.7171839540634827,13551894123.510351
1244483,1408050,,,3109454,,,G,204.064,-0.67311,368.129,,0.08087545043769999,-19.59,0.7171871806327674,5395106225.151268
1244486,1408053,,,3109462,,,G,201.266,-0.67197,387.258,,0.08483899241949999,-19.3,0.7171881093719827,4130475019.9016094
1244496,1408063,,,3109478,,,G,205.196,-0.66964,390.841,,0.08557924278960001,-19.43,0.7171917407194071,4655860935.229601
1244497,1408064,,,3109479,,,G,202.346,-0.66942,338.844,,0.07476738738369999,-19.17,0.7171918761411971,3664375746.478348
1244519,1408086,,,3109513,,,G,209.287,-0.66173,755.092,,0.15752023876,-20.34,0.7171981940846428,10764652136.29835
1244529,1408097,,,3109526,,,G,200.497,-0.6602100000000001,855.067,,0.176271568136,-21.04,0.7172021755692474,20511621788.25571
1244540,1408109,,,3109546,,,G,202.786,-0.65515,794.328,,0.164924632462,-20.41,0.7172047369699189,11481536214.968842
1244551,1408120,,,3109559,,,G,209.07,-0.65318,704.693,,0.14791966396,-20.41,0.7172084010988335,11481536214.968842
1244555,1408124,,,3109565,,,G,202.156,-0.65225,835.6030000000002,,0.172650326325,-21.22,0.7172103033096254,24210290467.3618
1244561,1408130,,,3109575,,,G,205.925,-0.6515,578.096,,0.123331801666,-19.98,0.7172119291349189,7726805850.957022
1244563,1408132,,,3109577,,,G,205.179,-0.65136,666.807,,0.140634130317,-20.17,0.7172124150759216,9204495717.53176
1244658,1408228,,,3109743,,,G,206.298,-0.62151,348.337,,0.0767527283764,-19.11,0.7172387830712935,3467368504.525324
1244685,1408255,,,3109790,,,G,203.085,-0.6139100000000001,801.678,,0.166305173153,-20.43,0.7172463771969153,11694993910.198748
1244687,1408257,,,3109794,,,G,207.645,-0.61332,564.937,,0.12073494036699997,-20.39,0.7172469807015599,11271974561.75514
1244693,1408263,,,3109804,,,G,206.658,-0.61137,608.135,,0.129229864615,-20.0,0.7172487693894627,7870457896.951001
1244700,1408270,,,3109817,,,G,205.741,-0.60846,461.318,,0.0999967999984,-19.65,0.7172503103396625,5701642722.807478
1244701,1408271,,,3109819,,,G,207.661,-0.6080899999999999,381.944,,0.08374006187000001,-19.38,0.7172504746589525,4446312674.691084
1244710,1408280,,,3109831,,,G,200.444,-0.60493,866.962,,0.17847782923900002,-20.6,0.7172528286283009,13677288255.958578
1244716,1408286,,,3109838,,,G,205.177,-0.60332,403.645,,0.0882183141092,-19.49,0.7172545060052927,4920395356.814511
1244721,1408291,,,3109845,,,G,201.629,-0.60183,870.9639999999998,,0.17921891960900002,-21.04,0.7172564791727332,20511621788.25571
1244728,1408298,,,3109855,,,G,208.455,-0.59958,534.564,,0.114710247355,-19.88,0.7172580598391041,7046930689.671453
1244731,1408301,,,3109860,,,G,207.593,-0.59737,381.944,,0.08374006187000001,-19.52,0.7172588848135569,5058246620.031148
1244769,1408339,,,3109932,,,G,209.613,-0.5826899999999999,608.135,,0.129229864615,-20.19,0.7172699359330262,9375620069.258831
1244829,1408399,,,3110035,,,G,200.41,-0.5594899999999999,501.187,,0.108038544019,-19.84,0.7172888699985072,6792036326.171857
1244855,1408425,,,3110078,,,G,202.675,-0.54796,790.679,,0.164238562119,-20.47,0.7172965499527875,12133888504.649809
1244870,1408440,,,3110105,,,G,206.774,-0.54306,783.43,,0.162873981437,-20.43,0.7173006258590942,11694993910.198748
1244876,1408446,,,3110113,,,G,200.48,-0.54213,816.582,,0.169098174549,-20.76,0.7173026317190754,15848931924.611176
1244882,1408452,,,3110122,,,G,205.42,-0.5404800000000001,492.04,,0.1062006231,-19.98,0.7173048849310225,7726805850.957022
1244887,1408457,,,3110128,,,G,204.37,-0.5392600000000001,663.743,,0.140042140021,-20.32,0.7173062001576469,10568175092.136606
1244921,1408491,,,3110183,,,G,202.784,-0.5274399999999999,669.885,,0.141228220614,-20.47,0.7173166253939045,12133888504.649809
1244942,1408512,,,3110218,,,G,200.458,-0.51883,824.138,,0.170510845255,-20.81,0.7173229966603629,16595869074.375563
1244958,1408528,,,3110244,,,G,200.41,-0.51358,374.973,,0.0822958911479,-19.42,0.7173284530444586,4613175745.603809
1244978,1408548,,,3110273,,,G,201.05900000000003,-0.50729,334.195,,0.0737929868965,-18.9,0.7173341807171213,2857590543.374955
1244980,1408550,,,3110280,,,G,206.736,-0.5058699999999999,669.885,,0.141228220614,-20.61,0.717334850697282,13803842646.028866
1245001,1408571,,,3110320,,,G,206.61900000000003,-0.4987,669.885,,0.141228220614,-20.3,0.7173403199042729,10375284158.180126
1245016,1408587,,,3110348,,,G,205.52,-0.49271,349.945,,0.0770885185443,-19.21,0.7173443644778005,3801893963.205628
1245031,1408602,,,3110383,,,G,200.425,-0.48453,801.678,,0.166305173153,-20.88,0.7173488304712918,17701089583.174183
1245045,1408616,,,3110404,,,G,200.58,-0.48086,374.973,,0.0822958911479,-19.17,0.7173527996844272,3664375746.478348
1245077,1408648,,,3110455,,,G,206.266,-0.47116,522.396,,0.112284326142,-20.26,0.7173632814978492,10000000000.0
1245079,1408650,,,3110468,,,G,203.814,-0.46947,389.045,,0.08520817260410002,-19.61,0.7173637754509014,5495408738.576271
1245080,1408651,,,3110469,,,G,201.553,-0.46804,891.2510000000002,,0.182967001484,-20.83,0.7173644001754181,16904409316.4327
1245085,1408656,,,3110475,,,G,207.376,-0.46755,335.73800000000006,,0.07411659705830001,-19.34,0.7173654400282328,4285485203.9743924
1245089,1408660,,,3110480,,,G,209.53,-0.46687,476.431,,0.103054611527,-19.59,0.7173670754232084,5395106225.151268
1245177,1408750,,,3110640,,,G,209.335,-0.43667,727.78,,0.152330296165,-20.0,0.717391692406492,7870457896.951001
1245178,1408751,,,3110641,,,G,202.333,-0.4366100000000001,503.501,,0.108502854251,-19.76,0.7173919255850164,6309573444.801943
1245200,1408773,,,3110677,,,G,200.548,-0.4295,376.704,,0.08265478132739999,-19.15,0.7173968709281189,3597493351.557431
1245256,1408829,,,3110777,,,G,205.517,-0.41176,399.945,,0.0874566437283,-19.47,0.7174125189761803,4830588020.397738
1245261,1408834,,,3110788,,,G,204.908,-0.40896,657.658,,0.138865509433,-20.07,0.717414104095947,8394599865.193998
1245263,1408836,,,3110791,,,G,201.509,-0.40889,345.144,,0.07608555804280001,-18.89,0.7174145584280319,2831391995.799391
1245284,1408857,,,3110822,,,G,207.562,-0.40195,887.1560000000002,,0.182211631106,-20.95,0.7174214665099695,18879913490.962925
1245291,1408864,,,3110832,,,G,200.696,-0.40024,340.408,,0.0750947775474,-19.28,0.7174230258408668,4055085354.48386
1245329,1408902,,,3110890,,,G,205.745,-0.38802,695.0239999999999,,0.146065993033,-20.3,0.7174345664469658,10375284158.180126
1245355,1408928,,,3110933,,,G,205.38,-0.38015,322.107,,0.071254085627,-19.18,0.7174426081842084,3698281797.8026743
1245410,1408983,,,3111021,,,G,207.99,-0.3646,580.764,,0.123857221929,-20.17,0.7174591001839812,9204495717.53176
1245414,1408987,,,3111027,,,G,201.607,-0.36349,899.498,,0.184486562243,-20.84,0.7174607272290991,17060823890.03121
1245421,1408994,,,3111036,,,G,205.36900000000003,-0.36247,396.278,,0.0867008533504,-19.3,0.7174624637145224,4130475019.9016094
1245422,1408995,,,3111038,,,G,201.381,-0.36225,950.605,,0.193850046925,-21.2,0.7174633421068825,23768402866.24873
1245447,1409020,,,3111074,,,G,202.668,-0.35636,616.595,,0.130883615442,-20.51,0.7174706161646929,12589254117.941713
1245494,1409067,,,3111145,,,G,201.27,-0.34139,418.794,,0.0913292556646,-19.58,0.717484364992711,5345643593.969735
1245500,1409073,,,3111157,,,G,207.781,-0.34018000000000004,698.232,,0.146681503341,-20.23,0.7174859137755031,9727472237.76964
1245552,1409125,,,3111239,,,G,203.454,-0.32493,672.977,,0.141824620912,-20.77,0.7175011627716227,15995580286.146713
1245556,1409129,,,3111245,,,G,201.793,-0.32457,503.501,,0.108502854251,-19.76,0.7175021806076225,6309573444.801943
1245585,1409158,,,3111286,,,G,205.487,-0.31532,405.509,,0.0886017743009,-19.47,0.7175111163633595,4830588020.397738
1245591,1409164,,,3111297,,,G,209.177,-0.31348000000000004,666.807,,0.140634130317,-20.33,0.7175132752599329,10665961212.302591
1245610,1409183,,,3111325,,,G,200.069,-0.30909000000000003,503.501,,0.108502854251,-19.96,0.7175186009820765,7585775750.291882
1245626,1409199,,,3111354,,,G,202.735,-0.30431,776.247,,0.16151990076,-20.46,0.7175232006055032,12022644346.17418
1245636,1409209,,,3111376,,,G,205.935,-0.30066,399.945,,0.0874566437283,-19.69,0.717527436607119,5915616341.754743
1245642,1409215,,,3111384,,,G,200.471,-0.29878000000000005,340.408,,0.0750947775474,-19.75,0.7175290394424291,6251726927.756875
1245643,1409216,,,3111385,,,G,205.147,-0.29872,666.807,,0.140634130317,-20.4,0.7175294598674454,11376272858.234331
1245644,1409217,,,3111386,,,G,205.671,-0.29872,401.791,,0.0878367439184,-19.2,0.7175295990832525,3767037989.8390775
1245648,1409221,,,3111392,,,G,204.872,-0.29731,676.0830000000002,,0.14242354121200002,-20.25,0.7175306747415977,9908319448.927729
1245700,1409273,,,3111484,,,G,200.83900000000003,-0.28086,489.779,,0.105745762873,-19.59,0.7175434371036988,5395106225.151268
1245701,1409274,,,3111485,,,G,208.56,-0.28082,539.511,,0.115694517847,-19.85,0.7175436904348227,6854882264.526649
1245710,1409283,,,3111500,,,G,206.906,-0.27746,463.447,,0.100428350214,-19.78,0.7175470527362356,6426877173.17022
1245738,1409311,,,3111554,,,G,209.131,-0.26892,765.597,,0.15950851975400002,-20.75,0.7175554619159906,15703628043.33558
1245739,1409312,,,3111557,,,G,206.952,-0.26853,463.447,,0.100428350214,-19.52,0.7175556488500986,5058246620.031148
1245793,1409366,,,3111636,,,G,208.765,-0.25308,682.3389999999998,,0.143628101814,-20.63,0.7175720496209698,14060475241.29913
1245813,1409386,,,3111663,,,G,200.269,-0.24608,369.828,,0.08122825061410001,-18.84,0.7175768553177896,2703958364.108846
1245825,1409398,,,3111681,,,G,206.278,-0.24115,392.645,,0.0859515729758,-19.15,0.7175804752923616,3597493351.557431
1245846,1409419,,,3111710,,,G,206.668,-0.23519,679.204,,0.143024771512,-20.76,0.7175861421383183,15848931924.611176
1245855,1409428,,,3111722,,,G,205.597,-0.23331,405.509,,0.0886017743009,-19.08,0.7175884611809225,3372873086.588692
1245875,1409448,,,3111752,,,G,205.522,-0.22738000000000005,401.791,,0.0878367439184,-19.29,0.7175946521957349,4092606597.3001275
1245895,1409468,,,3111788,,,G,201.834,-0.22053000000000006,847.227,,0.17481479740699998,-20.61,0.7176011310139956,13803842646.028866
1245925,1409499,,,3111838,,,G,206.893,-0.21168,586.138,,0.124914782457,-20.04,0.7176094968622254,8165823713.585939
1245937,1409511,,,3111857,,,G,208.221,-0.20704,474.242,,0.102612561306,-19.87,0.7176127654777381,6982324040.771733
1245941,1409515,,,3111863,,,G,201.575,-0.20574,557.186,,0.119201729601,-20.1,0.7176141837244365,8629785477.669737
1245943,1409517,,,3111867,,,G,209.859,-0.20432,779.83,,0.162195681098,-20.4,0.7176148187785258,11376272858.234331
1245959,1409533,,,3111888,,,G,206.435,-0.20054,532.1080000000002,,0.114221157111,-19.87,0.7176190400039171,6982324040.771733
1245973,1409547,,,3111913,,,G,204.856,-0.1957,512.861,,0.110378365189,-19.71,0.7176233463773194,6025595860.743593
1245990,1409565,,,3111939,,,G,207.178,-0.19109,801.678,,0.166305173153,-20.48,0.7176273961848542,12246161992.650517
1246015,1409590,,,3111970,,,G,205.928,-0.1857,394.457,,0.08632537316269999,-19.68,0.7176342532272013,5861381645.140297
1246017,1409592,,,3111973,,,G,200.758,-0.1848,827.942,,0.17122127561099998,-20.63,0.7176352467524303,14060475241.29913
1246045,1409620,,,3111993,,,G,206.288,-0.18002,394.457,,0.08632537316269999,-19.67,0.7176423606802229,5807644175.2131605
1246060,1409635,,,3112035,,,G,209.23,-0.17119,787.046,,0.163555011778,-20.87,0.7176472552471151,17538805018.417603
1246062,1409637,,,3112037,,,G,208.87,-0.17063,323.594,,0.0715667757834,-18.73,0.7176475682310435,2443430552.693971
1246076,1409651,,,3112069,,,G,205.336,-0.16529000000000002,676.0830000000002,,0.14242354121200002,-20.31,0.7176514519114392,10471285480.508986
1246084,1409659,,,3112090,,,G,205.944,-0.16265,345.144,,0.07608555804280001,-19.12,0.7176534790954777,3499451670.2835765
1246101,1409676,,,3112116,,,G,209.027,-0.1584,937.562,,0.191468855734,-20.6,0.7176582982285429,13677288255.958578
1246112,1409687,,,3112137,,,G,200.775,-0.15572,515.229,,0.110852125426,-20.29,0.7176616613045487,10280162981.264746
1246129,1409704,,,3112161,,,G,206.279,-0.15189,396.278,,0.0867008533504,-19.04,0.7176668321234535,3250872973.8543468
1246132,1409707,,,3112165,,,G,208.359,-0.15102000000000002,476.431,,0.103054611527,-19.73,0.717667620758478,6137620051.647945
1246150,1409725,,,3112196,,,G,204.974,-0.14482,517.607,,0.111327565664,-20.26,0.7176721814173026,10000000000.0
1246157,1409732,,,3112207,,,G,200.537,-0.14169,820.352,,0.16980335490200002,-21.07,0.7176741693758277,21086281499.332973
1246176,1409751,,,3112241,,,G,207.497,-0.13421,465.586,,0.100861580431,-19.36,0.7176787802715949,4365158322.401666
1246220,1409795,,,3112323,,,G,206.303,-0.1205,405.509,,0.0886017743009,-19.58,0.717692196101731,5345643593.969735
1246225,1409800,,,3112330,,,G,208.817,-0.11928,679.204,,0.143024771512,-20.45,0.7176941356543834,11912420080.273762
1246235,1409810,,,3112348,,,G,208.022,-0.11561,469.894,,0.101733500867,-19.81,0.7176975518314941,6606934480.075964
1246275,1409850,,,3112416,,,G,204.453,-0.10001,338.844,,0.07476738738369999,-19.57,0.7177072300738296,5296634438.916602
1246280,1409855,,,3112427,,,G,201.323,-0.09736,366.4380000000001,,0.08052412026210001,-19.1,0.7177086107237245,3435579478.998757
1246282,1409857,,,3112429,,,G,206.329,-0.09709,396.278,,0.0867008533504,-19.1,0.7177090841783302,3435579478.998757
1246285,1409860,,,3112437,,,G,205.989,-0.09559,351.56,,0.0774255687128,-18.86,0.7177096791532526,2754228703.338175
1246287,1409862,,,3112440,,,G,200.489,-0.09522,364.754,,0.080174050087,-19.4,0.7177101294636881,4528975799.036214
1246291,1409866,,,3112444,,,G,205.55,-0.09456,405.509,,0.0886017743009,-19.52,0.7177114596318683,5058246620.031148
1246303,1409878,,,3112462,,,G,209.487,-0.09056,734.5139999999999,,0.153612766806,-20.33,0.7177160159533026,10665961212.302591
1246333,1409908,,,3112516,,,G,208.671,-0.08058,371.535,,0.0815827307914,-19.46,0.7177250070720598,4786300923.226399
1246340,1409915,,,3112527,,,G,206.841,-0.07821,403.645,,0.0882183141092,-19.53,0.7177271261536916,5105049999.754086
1246343,1409918,,,3112530,,,G,201.248,-0.07779,368.129,,0.08087545043769999,-19.49,0.7177278198059337,4920395356.814511
1246351,1409926,,,3112544,,,G,201.128,-0.07382999999999999,295.121,,0.0655542627771,-18.7,0.7177304774100685,2376840286.6248736
1246363,1409938,,,3112560,,,G,201.247,-0.07025,296.483,,0.06584301292150001,-18.74,0.7177332859058294,2466039337.234336
1246383,1409958,,,3112591,,,G,201.413,-0.06326,428.549,,0.09332614666310003,-19.17,0.7177390952584002,3664375746.478348
1246391,1409966,,,3112602,,,G,209.422,-0.060979999999999986,669.885,,0.141228220614,-20.42,0.7177428152852974,11587773561.55131
1246393,1409968,,,3112606,,,G,201.997,-0.06002,368.129,,0.08087545043769999,-19.41,0.7177430898141949,4570881896.148752
1246416,1409991,,,3112643,,,G,208.227,-0.05068,648.634,,0.137117678559,-20.06,0.7177497934458579,8317637711.02671
1246421,1409996,,,3112648,,,G,205.503,-0.04971,572.7959999999998,,0.122286841143,-20.49,0.7177510900812303,12359474334.445068
1246461,1410036,,,3112709,,,G,201.679,-0.03813,373.25,,0.0819384709692,-20.06,0.7177654971791171,8317637711.02671
1246462,1410037,,,3112710,,,G,205.439,-0.03818,572.7959999999998,,0.122286841143,-19.71,0.7177657198628792,6025595860.743593
1246479,1410054,,,3112738,,,G,207.928,-0.03292,691.831,,0.145453002727,-20.07,0.7177715949646508,8394599865.193998
1246500,1410075,,,3112769,,,G,205.278,-0.027610000000000003,457.088,,0.0991389495695,-19.26,0.7177773433716975,3981071705.534985
1246517,1410092,,,3112794,,,G,206.468,-0.02121,411.15,,0.08976118488060003,-19.69,0.7177824650584432,5915616341.754743
1246529,1410104,,,3112812,,,G,209.146,-0.01539,359.749,,0.0791326595663,-19.69,0.7177853187200823,5915616341.754743
1246549,1410124,,,3112848,,,G,206.399,-0.00613,396.278,,0.0867008533504,-19.42,0.7177913332408526,4613175745.603809
1246559,1410134,,,3112867,,,G,208.39,-0.00314,519.996,,0.111805105903,-19.78,0.7177947348696876,6426877173.17022
1338870,1502468,,,3272808,,,G,203.138,-3.06599,820.352,,0.16980335490200002,-20.67,0.7569335281771298,14588142602.753534
1338871,1502469,,,3272810,,,G,203.143,-4.0936,537.0319999999998,,0.115201437601,-20.13,0.7569338560372169,8871560120.37962
1338872,1502470,,,3272813,,,G,203.118,-3.52244,385.478,,0.08447107223549999,-18.99,0.7569339707702697,3104559588.128349
1338873,1502471,,,3272814,,,G,203.13,-4.4205,907.821,,0.186017673009,-21.11,0.7569347792861414,21877616239.49561
1338874,1502472,,,3272815,,,G,203.127,-4.4569,701.455,,0.14729932365,-20.01,0.7569350728405114,7943282347.242822
1338875,1502473,,,3272816,,,G,203.108,-3.03968,405.509,,0.0886017743009,-18.68,0.7569351590765007,2333458062.281005
1338876,1502474,,,3272819,,,G,203.091,-3.01311,805.378,,0.1669992235,-20.62,0.7569356739357863,13931568029.453035
1338877,1502475,,,3272820,,,G,203.084,-3.05278,679.204,,0.143024771512,-20.09,0.7569359899368538,8550667128.846841
1338878,1502476,,,3272821,,,G,203.097,-3.22664,394.457,,0.08632537316269999,-19.33,0.7569361468605575,4246195639.4631295
1338879,1502477,,,3272822,,,G,203.083,-3.2458,396.278,,0.0867008533504,-18.73,0.7569362371607238,2443430552.693971
1338880,1502478,,,3272824,,,G,203.097,-3.29164,688.6519999999998,,0.144842322421,-20.1,0.7569365560857132,8629785477.669737
1338881,1502479,,,3272825,,,G,203.091,-3.3202,389.045,,0.08520817260410002,-19.7,0.7569367767278982,5970352865.838366
1338882,1502480,,,3272827,,,G,203.096,-3.8013,440.555,,0.0957766378883,-19.34,0.7569369351035992,4285485203.9743924
1338883,1502481,,,3272828,,,G,203.098,-3.9596,891.2510000000002,,0.182967001484,-20.78,0.7569375317108809,16143585568.264938
1338884,1502482,,,3272832,,,G,203.064,-2.8768,831.7639999999999,,0.171934645967,-20.79,0.7569381338385021,16292960326.397282
1338885,1502483,,,3272833,,,G,203.066,-3.0265,835.6030000000002,,0.172650326325,-20.81,0.7569387471605113,16595869074.375563
1338886,1502484,,,3272834,,,G,203.072,-3.19252,843.335,,0.174090507045,-20.84,0.756939377665533,17060823890.03121
1338887,1502485,,,3272835,,,G,203.066,-3.35115,625.173,,0.132557106279,-20.04,0.7569396794442096,8165823713.585939
1338888,1502486,,,3272836,,,G,203.079,-3.4080699999999995,399.945,,0.0874566437283,-19.08,0.7569398040931382,3372873086.588692
1338889,1502487,,,3272837,,,G,203.079,-3.6318,622.3,,0.131996825998,-20.75,0.7569403844412154,15703628043.33558
1338890,1502488,,,3272838,,,G,203.079,-3.6963,549.5409999999998,,0.117686578843,-19.37,0.7569405472540172,4405548635.065536
1338891,1502489,,,3272839,,,G,203.047,-2.7678700000000003,972.747,,0.19787910894,-21.1,0.7569413483573707,21677041048.19705
1338892,1502490,,,3272840,,,G,203.066,-4.2105,701.455,,0.14729932365,-20.31,0.7569417353373971,10471285480.508986
1338893,1502491,,,3272841,,,G,203.045,-3.40257,688.6519999999998,,0.144842322421,-19.9,0.7569420006076488,7177942912.713644
1338894,1502492,,,3272842,,,G,203.038,-3.8855,572.7959999999998,,0.122286841143,-19.81,0.7569422447755386,6606934480.075964
1338895,1502493,,,3272843,,,G,203.015,-3.6989,467.735,,0.101296700648,-19.16,0.7569423789557741,3630780547.7010174
1338896,1502494,,,3272845,,,G,203.028,-3.9202,688.6519999999998,,0.144842322421,-20.17,0.7569427191199307,9204495717.53176
1338897,1502495,,,3272847,,,G,203.008,-3.8452,1592.21,,0.304829432415,-21.91,0.7569444083490131,45708818961.48752
1338898,1502496,,,3272848,,,G,202.979,-2.88101,385.478,,0.08447107223549999,-18.85,0.7569445092019501,2728977782.808052
1338899,1502497,,,3272850,,,G,202.968,-2.8629,398.107,,0.08707801353900001,-18.71,0.7569445978539526,2398832919.019495
1338900,1502498,,,3272852,,,G,202.959,-3.4481,314.775,,0.06970974485489999,-18.26,0.7569446564257497,1584893192.4611173
1338901,1502499,,,3272854,,,G,202.946,-2.8975,895.365,,0.183725311863,-20.59,0.7569451572536905,13551894123.510351
1338902,1502500,,,3272856,,,G,202.951,-3.8685,963.829,,0.196258328129,-20.9,0.756945823582437,18030177408.5957
1338903,1502501,,,3272857,,,G,202.951,-3.9883,401.791,,0.0878367439184,-19.37,0.7569459863952387,4405548635.065536
1338904,1502502,,,3272858,,,G,202.94,-4.0193,769.13,,0.160176320088,-20.76,0.7569465721132105,15848931924.611176
1338905,1502503,,,3272859,,,G,202.935,-3.43008,843.335,,0.174090507045,-20.71,0.756947131469531,15135612484.362131
1338906,1502504,,,3272860,,,G,202.93400000000003,-4.007,494.311,,0.106657373329,-19.29,0.7569472827171511,4092606597.3001275
1338907,1502505,,,3272861,,,G,202.914,-2.8445,651.628,,0.137698118849,-20.11,0.756947604593117,8709635899.560833
1338908,1502506,,,3272862,,,G,202.912,-2.92449,827.942,,0.17122127561099998,-20.44,0.7569480407960183,11803206356.517323
1338909,1502507,,,3272863,,,G,202.903,-3.59951,498.884,,0.107576333788,-20.02,0.7569483370666132,8016780633.876789
1338910,1502508,,,3272864,,,G,202.906,-3.9988,769.13,,0.160176320088,-20.41,0.7569487613817745,11481536214.968842
1338911,1502509,,,3272865,,,G,202.893,-2.96036,651.628,,0.137698118849,-20.0,0.7569490522448218,7870457896.951001
1338912,1502510,,,3272866,,,G,202.89,-4.3509,390.841,,0.08557924278960001,-18.62,0.7569491338445195,2208004733.018897
1338913,1502511,,,3272867,,,G,202.897,-4.4148,527.23,,0.113248856624,-19.39,0.7569492996842372,4487453899.331332
1338914,1502512,,,3272869,,,G,202.878,-3.17345,839.46,,0.173369156685,-20.83,0.756949924408754,16904409316.4327
1338915,1502513,,,3272870,,,G,202.874,-3.4753,389.045,,0.08520817260410002,-18.62,0.7569500060084515,2208004733.018897
1338916,1502514,,,3272871,,,G,202.878,-4.0556,698.232,,0.146681503341,-20.14,0.7569503369021906,8953647655.495974
1338917,1502515,,,3272872,,,G,202.872,-4.1542,707.946,,0.148542524271,-19.91,0.7569506046269581,7244359600.74989
1338918,1502516,,,3272873,,,G,202.851,-3.0787,338.844,,0.07476738738369999,-18.47,0.7569506756973235,1923091728.9101613
1338919,1502517,,,3272874,,,G,202.86,-3.4001,772.681,,0.16084706042400002,-20.68,0.7569512198096314,14723125024.327225
1338920,1502518,,,3272875,,,G,202.848,-3.4151,685.488,,0.144233952117,-20.03,0.7569515188215845,8090958991.783845
1338921,1502519,,,3272876,,,G,202.85,-3.88241,959.401,,0.195452557726,-20.75,0.7569520991696617,15703628043.33558
1338922,1502520,,,3272877,,,G,202.844,-3.12906,392.645,,0.0859515729758,-19.16,0.7569522333498971,3630780547.7010174
1338923,1502521,,,3272878,,,G,202.838,-3.19213,394.457,,0.08632537316269999,-18.7,0.7569523211891332,2376840286.6248736
1338924,1502522,,,3272879,,,G,202.837,-3.42172,682.3389999999998,,0.143628101814,-20.03,0.7569526202010864,8090958991.783845
1338925,1502523,,,3272880,,,G,202.829,-3.42214,685.488,,0.144233952117,-20.38,0.7569530329524814,11168632477.805613
1338926,1502524,,,3272883,,,G,202.825,-3.14215,496.592,,0.107115803558,-19.1,0.7569531599188066,3435579478.998757
1338927,1502525,,,3272884,,,G,202.811,-3.4157900000000003,1032.76,,0.208718264359,-20.69,0.7569537090657237,14859356422.87009
1338928,1502526,,,3272885,,,G,202.795,-2.8567,855.067,,0.176271568136,-20.32,0.7569540996264321,10568175092.136606
1338929,1502527,,,3272887,,,G,202.794,-3.6538,316.228,,0.07001613500810001,-19.84,0.7569543506350023,6792036326.171857
1338930,1502528,,,3272888,,,G,202.811,-4.2405,701.455,,0.14729932365,-20.06,0.7569546580241635,8317637711.02671
1338931,1502529,,,3272889,,,G,202.8,-4.2774,1066.6,,0.21477928739,-20.83,0.7569552827486803,16904409316.4327
1338932,1502530,,,3272890,,,G,202.774,-3.18255,438.531,,0.095363987682,-18.98,0.7569553964298543,3076096814.740705
1338933,1502531,,,3272891,,,G,202.785,-3.32895,835.6030000000002,,0.172650326325,-20.69,0.7569559455767714,14859356422.87009
1338934,1502532,,,3272892,,,G,202.787,-4.2499,496.592,,0.107115803558,-19.36,0.7569561068968964,4365158322.401666
1338935,1502533,,,3272894,,,G,202.774,-4.06919,707.946,,0.148542524271,-20.1,0.7569564258218858,8629785477.669737
1338936,1502534,,,3272897,,,G,202.749,-4.1195,851.138,,0.175541817771,-20.91,0.7569570983160964,18197008586.099827
1338937,1502535,,,3272898,,,G,202.736,-4.1533,698.232,,0.146681503341,-19.94,0.7569573735415206,7447319739.059889
1338938,1502536,,,3272899,,,G,202.725,-4.18012,851.138,,0.175541817771,-20.32,0.7569577641022289,10568175092.136606
1338939,1502537,,,3272900,,,G,202.737,-4.40454,701.455,,0.14729932365,-20.98,0.7569584813819453,19408858775.92779
1338940,1502538,,,3272901,,,G,202.717,-2.9788,839.46,,0.173369156685,-20.34,0.7569588792037194,10764652136.29835
1338941,1502539,,,3272903,,,G,202.717,-4.4975,851.138,,0.175541817771,-21.14,0.7569597103712129,22490546058.357918
1338942,1502540,,,3272904,,,G,202.695,-2.895,426.58,,0.0929235764618,-18.9,0.7569598159772023,2857590543.374955
1338943,1502541,,,3272905,,,G,202.691,-2.98042,380.189,,0.0833767616884,-19.06,0.7569599383510316,3311311214.8259077
1338944,1502542,,,3272906,,,G,202.687,-3.11963,648.634,,0.137117678559,-20.09,0.7569602543520991,8550667128.846841
1338945,1502543,,,3272907,,,G,202.685,-3.6632,704.693,,0.14791966396,-19.96,0.7569605346943459,7585775750.291882
1338946,1502544,,,3272908,,,G,202.696,-4.1957,847.227,,0.17481479740699998,-20.61,0.7569610448333735,13803842646.028866
1338947,1502545,,,3272909,,,G,202.674,-3.06688,1348.96,,0.264044262022,-21.2,0.7569619232257336,23768402866.24873
1338948,1502546,,,3272948,,,G,202.539,-4.4328,1009.25,,0.204485922243,-21.1,0.7569627243290872,21677041048.19705
1338949,1502547,,,3272910,,,G,202.671,-3.32853,580.764,,0.123857221929,-20.13,0.7569630521891743,8871560120.37962
1338950,1502548,,,3272911,,,G,202.673,-3.55743,487.528,,0.105292582646,-19.42,0.7569632226751069,4613175745.603809
1338951,1502549,,,3272913,,,G,202.68400000000003,-3.9714,704.693,,0.14791966396,-20.57,0.7569637143619075,13304544179.780985
1338952,1502550,,,3272914,,,G,202.679,-3.98172,776.247,,0.16151990076,-20.19,0.756964060850188,9375620069.258831
1338953,1502551,,,3272917,,,G,202.647,-3.03391,430.527,,0.0937303968652,-19.44,0.7569642345056908,4698941086.05216
1338954,1502552,,,3272919,,,G,202.657,-3.82086,381.944,,0.08374006187000001,-18.66,0.7569643191676959,2290867652.76777
1338955,1502553,,,3272920,,,G,202.655,-4.46577,717.794,,0.150425175213,-20.28,0.7569646956014421,10185913880.541231
1338956,1502554,,,3272923,,,G,202.642,-3.6511,599.7909999999998,,0.12759564379799998,-19.71,0.7569649182852042,6025595860.743593
1338957,1502555,,,3272924,,,G,202.639,-4.1998,714.4960000000002,,0.149795174898,-20.24,0.7569652811029743,9817479430.199823
1338958,1502556,,,3272925,,,G,202.618,-3.4783699999999995,602.56,,0.128138284069,-19.72,0.7569655058472039,6081350012.7871895
1338959,1502557,,,3272926,,,G,202.622,-3.8142,831.7639999999999,,0.171934645967,-20.24,0.7569658686649741,9817479430.199823
1338960,1502558,,,3272927,,,G,202.63,-3.83221,549.5409999999998,,0.117686578843,-19.52,0.7569660555990819,5058246620.031148
1338961,1502559,,,3272930,,,G,202.601,-3.41868,485.289,,0.104841502421,-19.33,0.7569662125227857,4246195639.4631295
1338962,1502560,,,3272931,,,G,202.594,-3.50675,755.092,,0.15752023876,-20.13,0.7569665403828727,8871560120.37962
1338963,1502561,,,3272932,,,G,202.595,-3.6562,903.649,,0.185250332625,-20.68,0.7569670844951806,14723125024.327225
1338964,1502562,,,3272934,,,G,202.584,-3.09303,1028.02,,0.207866293933,-21.21,0.7569679710152052,23988329190.195045
1338965,1502563,,,3272935,,,G,202.576,-3.36267,879.023,,0.180709710355,-20.9,0.7569686373439516,18030177408.5957
1338966,1502564,,,3272936,,,G,202.584,-3.4879,463.447,,0.100428350214,-19.4,0.7569688047181653,4528975799.036214
1338967,1502565,,,3272937,,,G,202.578,-3.61181,329.61,,0.0728309764155,-18.72,0.7569688941904548,2421029046.7361803
1338968,1502566,,,3272938,,,G,202.557,-3.0958,432.514,,0.0941363270682,-19.22,0.7569690359944771,3837072454.9228
1338969,1502567,,,3272939,,,G,202.572,-3.2840199999999995,704.693,,0.14791966396,-19.95,0.7569693137665308,7516228940.182045
1338970,1502568,,,3272940,,,G,202.557,-3.5438300000000003,704.693,,0.14791966396,-20.21,0.7569696666965093,9549925860.214407
1338971,1502569,,,3272941,,,G,202.551,-3.1442,639.735,,0.135390637695,-20.22,0.7569700228921088,9638290236.239744
1338972,1502570,,,3272942,,,G,202.55,-3.3927,701.455,,0.14729932365,-20.03,0.756970321904062,8090958991.783845
1338973,1502571,,,3272943,,,G,202.545,-3.56795,380.189,,0.0833767616884,-19.15,0.7569704548541257,3597493351.557431
1338974,1502572,,,3272944,,,G,202.55,-3.7066,866.962,,0.17847782923900002,-20.47,0.7569709032778175,12133888504.649809
1338975,1502573,,,3272945,,,G,202.557,-3.91475,398.107,,0.08707801353900001,-19.23,0.7569710463939362,3872576449.216165
1338976,1502574,,,3272946,,,G,202.531,-3.0275,812.831,,0.16839593419799995,-20.93,0.7569717313907475,18535316234.148144
1338977,1502575,,,3272947,,,G,202.535,-3.1542,704.693,,0.14791966396,-19.94,0.7569720066161717,7447319739.059889
1338978,1502576,,,3272949,,,G,202.519,-3.4143800000000004,707.946,,0.148542524271,-20.01,0.7569723001705417,7943282347.242822
1338979,1502577,,,3272950,,,G,202.505,-3.51024,831.7639999999999,,0.171934645967,-20.19,0.7569726466588221,9375620069.258831
1338980,1502578,,,3272951,,,G,202.511,-3.8371,478.63,,0.103498551749,-19.09,0.7569727724611129,3404081897.010009
1338981,1502579,,,3272953,,,G,202.489,-2.91833,831.7639999999999,,0.171934645967,-20.79,0.7569733745887341,16292960326.397282
1338982,1502580,,,3272954,,,G,202.497,-3.047,827.942,,0.17122127561099998,-20.82,0.7569739935857421,16749428760.26445
1338983,1502581,,,3272955,,,G,202.499,-4.18606,758.578,,0.15818047909000002,-20.24,0.7569743564035123,9817479430.199823
1338984,1502582,,,3272956,,,G,202.473,-2.92314,870.9639999999998,,0.17921891960900002,-20.67,0.7569748955273686,14588142602.753534
1338985,1502583,,,3272957,,,G,202.468,-3.2776,883.08,,0.18145920073,-20.43,0.7569753277311376,11694993910.198748
1338986,1502584,,,3272958,,,G,202.48,-3.803,554.626,,0.118694579347,-19.43,0.7569754997945572,4655860935.229601
1338987,1502585,,,3272959,,,G,202.487,-4.2093,328.095,,0.07251282625639999,-18.33,0.7569755622670089,1690440931.643263
1338988,1502586,,,3272960,,,G,202.482,-4.27159,478.63,,0.103498551749,-19.44,0.7569757359225118,4698941086.05216
1338989,1502587,,,3272962,,,G,202.452,-3.61604,859.0139999999999,,0.17700425850200002,-20.31,0.7569761229025381,10471285480.508986
1338990,1502588,,,3272963,,,G,202.46,-3.8049,554.626,,0.118694579347,-19.96,0.7569764032447851,7585775750.291882
1338991,1502589,,,3272964,,,G,202.463,-3.8577,485.289,,0.104841502421,-19.46,0.7569765801287848,4786300923.226399
1338992,1502590,,,3272965,,,G,202.461,-3.91227,547.016,,0.117185518593,-20.03,0.7569768791407379,8090958991.783845
1338993,1502591,,,3272966,,,G,202.467,-4.0229,698.232,,0.146681503341,-20.12,0.7569772039949856,8790225168.308859
1338994,1502592,,,3272967,,,G,202.461,-4.0263,704.693,,0.14791966396,-20.81,0.7569778173169949,16595869074.375563
1338995,1502593,,,3272969,,,G,202.459,-4.34903,580.764,,0.123857221929,-19.6,0.7569780185450593,5445026528.424242
1338996,1502594,,,3272970,,,G,202.458,-4.40033,549.5409999999998,,0.117686578843,-20.0,0.7569783094081066,7870457896.951001
1338997,1502595,,,3272971,,,G,202.468,-4.4534,478.63,,0.103498551749,-19.31,0.75697846346763,4168693834.7033467
1338998,1502596,,,3272972,,,G,202.431,-3.20792,698.232,,0.146681503341,-20.26,0.7569788330306859,10000000000.0
1338999,1502597,,,3272973,,,G,202.439,-3.23925,436.516,,0.0949530174765,-19.44,0.7569790066861889,4698941086.05216
1339000,1502598,,,3272974,,,G,202.433,-3.2809699999999995,879.023,,0.180709710355,-20.44,0.7569794428890901,11803206356.517323
1339001,1502599,,,3272975,,,G,202.443,-3.9071,544.503,,0.116686558343,-19.98,0.7569797284432885,7726805850.957022
1339002,1502600,,,3272977,,,G,202.445,-4.2904,567.545,,0.121250280625,-19.94,0.7569800036687128,7447319739.059889
1339003,1502601,,,3272978,,,G,202.419,-3.11651,492.04,,0.1062006231,-19.61,0.7569802067587176,5495408738.576271
1339004,1502602,,,3272979,,,G,202.423,-3.17252,436.516,,0.0949530174765,-19.45,0.7569803820210351,4742419852.6024475
1339005,1502603,,,3272981,,,G,202.414,-3.78041,1071.52,,0.215657507829,-21.73,0.7569818131822224,38725764492.161804
1339006,1502604,,,3272983,,,G,202.431,-4.3723,580.764,,0.123857221929,-19.56,0.7569820071316713,5248074602.497712
1339007,1502605,,,3272984,,,G,202.421,-4.4839,390.841,,0.08557924278960001,-19.32,0.7569821626166898,4207266283.8444633
1339008,1502606,,,3272985,,,G,202.394,-3.39545,831.7639999999999,,0.171934645967,-20.64,0.7569826870479243,14190575216.890957
1339009,1502607,,,3272988,,,G,202.388,-3.7252,602.56,,0.128138284069,-19.7,0.7569829076901092,5970352865.838366
1339010,1502608,,,3272989,,,G,202.378,-3.748,549.5409999999998,,0.117686578843,-20.39,0.7569833242606459,11271974561.75514
1339011,1502609,,,3272990,,,G,202.398,-4.3612,346.737,,0.0764184082092,-18.81,0.7569834214656336,2630267991.895381
1339012,1502610,,,3272991,,,G,202.361,-3.0354,444.631,,0.0966069783035,-19.2,0.7569835606814407,3767037989.8390775
1339013,1502611,,,3272992,,,G,202.36,-3.5071800000000004,385.478,,0.08447107223549999,-18.69,0.7569836477153618,2355049283.896009
1339014,1502612,,,3272993,,,G,202.363,-3.57398,701.455,,0.14729932365,-20.06,0.756983955104523,8317637711.02671
1339015,1502613,,,3272994,,,G,202.378,-3.9985,698.232,,0.146681503341,-20.25,0.7569843212794045,9908319448.927729
1339016,1502614,,,3272995,,,G,202.349,-3.1208,494.311,,0.106657373329,-19.77,0.7569845566155033,6367955209.079162
1339017,1502615,,,3272996,,,G,202.353,-3.43881,303.389,,0.06730524365259999,-18.97,0.756984669254442,3047894989.6279826
1339018,1502616,,,3273000,,,G,202.346,-4.0575,446.684,,0.09702466851230003,-19.58,0.7569848668096801,5345643593.969735
1339019,1502617,,,3273001,,,G,202.346,-4.2742,1096.48,,0.220101530051,-20.94,0.7569855581446889,18706821403.658016
1339020,1502618,,,3273002,,,G,202.354,-4.3821,343.55800000000005,,0.0757537578769,-19.43,0.7569857302081086,4655860935.229601
1339021,1502619,,,3273003,,,G,202.346,-4.4316,619.441,,0.13143906572,-20.0,0.7569860210711558,7870457896.951001
1339022,1502620,,,3273004,,,G,202.32,-2.80977,519.996,,0.111805105903,-20.14,0.7569863519648948,8953647655.495974
1339023,1502621,,,3273005,,,G,202.335,-3.33808,436.516,,0.0949530174765,-19.55,0.7569865441362044,5199959965.335173
1339024,1502622,,,3273006,,,G,202.325,-3.39752,420.727,,0.09172531586269997,-19.41,0.7569867130591127,4570881896.148752
1339025,1502623,,,3273007,,,G,202.34,-3.821930000000001,389.045,,0.08520817260410002,-19.38,0.7569868773784028,4446312674.691084
1339026,1502624,,,3273008,,,G,202.341,-3.9756,450.817,,0.0978652989326,-19.2,0.7569870165942099,3767037989.8390775
1339027,1502625,,,3273009,,,G,202.311,-2.95024,883.08,,0.18145920073,-21.02,0.7569877607922977,20137242498.62389
1339028,1502626,,,3273010,,,G,202.308,-3.7676,685.488,,0.144233952117,-20.28,0.7569881372260441,10185913880.541231
1339029,1502627,,,3273011,,,G,202.307,-3.9262,483.059,,0.104392102196,-19.18,0.7569882739008762,3698281797.8026743
1339030,1502628,,,3273012,,,G,202.30900000000003,-4.2135,512.861,,0.110378365189,-19.39,0.7569884397405939,4487453899.331332
1339031,1502629,,,3273013,,,G,202.324,-4.4571,469.894,,0.101733500867,-19.1,0.7569885667069192,3435579478.998757
1339032,1502630,,,3273014,,,G,202.294,-3.34479,1066.6,,0.21477928739,-20.97,0.7569892774105755,19230917289.101616
1339033,1502631,,,3273015,,,G,202.292,-3.3463,1061.7,,0.213903796952,-21.03,0.7569900284946435,20323570109.36229
1339034,1502632,,,3273016,,,G,202.286,-3.65564,396.278,,0.0867008533504,-19.77,0.7569902638307422,6367955209.079162
1339035,1502633,,,3273018,,,G,202.267,-2.92434,851.138,,0.175541817771,-20.41,0.7569906881459034,11481536214.968842
1339036,1502634,,,3273019,,,G,202.274,-3.53345,907.821,,0.186017673009,-21.17,0.7569915425996329,23120647901.75608
1339037,1502635,,,3273020,,,G,202.281,-3.5878,442.588,,0.0961909680955,-19.45,0.7569917178619504,4742419852.6024475
1339038,1502636,,,3273021,,,G,202.286,-3.5901,440.555,,0.0957766378883,-19.91,0.7569919855867177,7244359600.74989
1339039,1502637,,,3273022,,,G,202.284,-3.6476,688.6519999999998,,0.144842322421,-20.07,0.7569922958201157,8394599865.193998
1339040,1502638,,,3273023,,,G,202.273,-3.8442,392.645,,0.0859515729758,-19.62,0.756992500789289,5546257129.579103
1339041,1502639,,,3273024,,,G,202.284,-3.95575,450.817,,0.0978652989326,-19.76,0.7569927339678135,6309573444.801943
1339042,1502640,,,3273025,,,G,202.281,-4.3823,727.78,,0.152330296165,-20.97,0.7569934446714699,19230917289.101616
1339043,1502641,,,3273026,,,G,202.274,-4.4875,1318.26,,0.258793839397,-22.05,0.756995366384566,51999599653.35173
1339044,1502642,,,3273027,,,G,202.257,-3.0598,887.1560000000002,,0.182211631106,-20.56,0.7569958535635549,13182567385.564049
1339045,1502643,,,3273028,,,G,202.261,-3.13069,827.942,,0.17122127561099998,-20.34,0.7569962513853291,10764652136.29835
1339046,1502644,,,3273029,,,G,202.252,-3.7889,459.198,,0.0995669297835,-19.16,0.7569963855655646,3630780547.7010174
1339047,1502645,,,3273030,,,G,202.241,-2.97313,855.067,,0.176271568136,-20.33,0.7569967797400867,10665961212.302591
1339048,1502646,,,3273032,,,G,202.233,-3.4453,597.035,,0.127055103528,-19.6,0.7569969809681509,5445026528.424242
1339049,1502647,,,3273033,,,G,202.213,-3.00383,307.61,,0.0681975340988,-18.55,0.7569970574729273,2070141348.7910454
1339050,1502648,,,3273035,,,G,202.228,-4.16269,529.663,,0.113733956867,-19.76,0.7569972906514518,6309573444.801943
1339051,1502649,,,3273036,,,G,202.225,-4.2874,392.645,,0.0859515729758,-18.75,0.7569973826304235,2488857318.2823954
1339052,1502650,,,3273037,,,G,202.233,-4.4606,727.78,,0.152330296165,-20.19,0.756997729118704,9375620069.258831
1339053,1502651,,,3273038,,,G,202.208,-2.96356,883.08,,0.18145920073,-21.04,0.7569984871524673,20511621788.25571
1339054,1502652,,,3273039,,,G,202.209,-3.10418,866.962,,0.17847782923900002,-20.8,0.7569990948515066,16443717232.149357
1339055,1502653,,,3273040,,,G,202.201,-3.153,1132.4,,0.226463693232,-21.12,0.7569999108484836,22080047330.18906
1339056,1502654,,,3273042,,,G,202.21,-3.9855,390.841,,0.08557924278960001,-18.63,0.7569999932032141,2228435149.2702985
1339057,1502655,,,3273043,,,G,202.203,-4.02968,446.684,,0.09702466851230003,-19.74,0.7570002221257508,6194410750.767812
1339058,1502656,,,3273044,,,G,202.207,-4.0619,454.98800000000006,,0.09871264935630003,-19.46,0.7570003990097505,4786300923.226399
1339059,1502657,,,3273045,,,G,202.2,-4.11969,457.088,,0.0991389495695,-19.22,0.7570005408137728,3837072454.9228
1339060,1502658,,,3273046,,,G,202.207,-4.5008,465.586,,0.100861580431,-19.11,0.7570006689549028,3467368504.525324
1339061,1502659,,,3273047,,,G,202.182,-3.3436,831.7639999999999,,0.171934645967,-20.44,0.757001105157804,11803206356.517323
1339062,1502660,,,3273049,,,G,202.157,-3.0293,496.592,,0.107115803558,-19.17,0.7570012405795941,3664375746.478348
1339063,1502661,,,3273050,,,G,202.179,-4.03584,442.588,,0.0961909680955,-19.61,0.7570014436695989,5495408738.576271
1339064,1502662,,,3273051,,,G,202.167,-4.31156,529.663,,0.113733956867,-20.3,0.7570018271017709,10375284158.180126
1339065,1502663,,,3273052,,,G,202.156,-3.5658800000000004,444.631,,0.0966069783035,-19.45,0.7570020023640884,4742419852.6024475
1339066,1502664,,,3273053,,,G,202.161,-4.1615,465.586,,0.100861580431,-19.86,0.7570022580392562,6918309709.18939
1339067,1502665,,,3273055,,,G,202.151,-4.2969,392.645,,0.0859515729758,-18.65,0.7570023419250754,2269864851.883821
1339068,1502666,,,3273057,,,G,202.14,-3.3776,887.1560000000002,,0.182211631106,-20.38,0.7570027546764704,11168632477.805613
1339069,1502667,,,3273058,,,G,202.129,-3.48482,444.631,,0.0966069783035,-19.54,0.7570029450859428,5152286445.817583
1339070,1502668,,,3273060,,,G,202.141,-4.0202,454.98800000000006,,0.09871264935630003,-19.27,0.7570030935729827,4017908108.4893923
1339071,1502669,,,3273062,,,G,202.137,-4.0813,691.831,,0.145453002727,-20.37,0.7570035025402503,11066237839.776676
1339072,1502670,,,3273063,,,G,202.12,-3.4823,450.817,,0.0978652989326,-19.21,0.7570036430442054,3801893963.205628
1339073,1502671,,,3273102,,,G,201.967,-4.1372,995.405,,0.201985240993,-20.95,0.7570043407760583,18879913490.962925
1339074,1502672,,,3273064,,,G,202.116,-3.6416,448.745,,0.097444038722,-18.98,0.7570044544572323,3076096814.740705
1339075,1502673,,,3273065,,,G,202.124,-4.2135,1032.76,,0.208718264359,-20.76,0.7570050401752041,15848931924.611176
1339076,1502674,,,3273066,,,G,202.124,-4.2197,457.088,,0.0991389495695,-19.6,0.7570052414032684,5445026528.424242
1339077,1502675,,,3273067,,,G,202.122,-4.2751,691.831,,0.145453002727,-20.14,0.7570055722970075,8953647655.495974
1339078,1502676,,,3273068,,,G,202.097,-3.1520900000000003,434.51,,0.0945437272719,-19.16,0.7570057064772429,3630780547.7010174
1339079,1502677,,,3273069,,,G,202.092,-3.15411,434.51,,0.0945437272719,-19.65,0.757005917188894,5701642722.807478
1339080,1502678,,,3273070,,,G,202.093,-3.7727,387.258,,0.08483899241949999,-19.34,0.7570060755645949,4285485203.9743924
1339081,1502679,,,3273071,,,G,202.097,-3.814,448.745,,0.097444038722,-19.06,0.757006197938424,3311311214.8259077
1339082,1502680,,,3273072,,,G,202.079,-3.6061,450.817,,0.0978652989326,-19.12,0.7570063272652295,3499451670.2835765
1339083,1502681,,,3273073,,,G,202.073,-4.3085,1294.2,,0.254661877331,-21.83,0.7570078965022667,42461956394.6313
1339084,1502682,,,3273074,,,G,202.081,-4.3314,704.693,,0.14791966396,-20.54,0.7570083747892371,12941958414.499916
1339085,1502683,,,3273076,,,G,202.056,-2.90798,494.311,,0.106657373329,-20.02,0.7570086710598319,8016780633.876789
1339086,1502684,,,3273077,,,G,202.063,-3.4679,434.51,,0.0945437272719,-18.79,0.7570087664906289,2582260190.634601
1339087,1502685,,,3273078,,,G,202.068,-3.8464,381.944,,0.08374006187000001,-18.71,0.7570088551426314,2398832919.019495
1339088,1502686,,,3273079,,,G,202.06,-4.372,695.0239999999999,,0.146065993033,-19.99,0.7570091433390302,7798301105.232576
1339089,1502687,,,3273080,,,G,202.04,-2.95853,851.138,,0.175541817771,-20.51,0.7570096085913527,12589254117.941713
1339090,1502688,,,3273081,,,G,202.044,-3.82408,385.478,,0.08447107223549999,-19.1,0.7570097355576778,3435579478.998757
1339091,1502689,,,3273082,,,G,202.054,-4.303,698.232,,0.146681503341,-19.93,0.7570100082598201,7379042301.291045
1339092,1502690,,,3273084,,,G,202.024,-3.7522,831.7639999999999,,0.171934645967,-21.3,0.7570109713978906,26061535499.988976
1339093,1502691,,,3273085,,,G,202.02,-3.9924,517.607,,0.111327565664,-19.63,0.7570111782636205,5597576014.951093
1339094,1502692,,,3273087,,,G,202.003,-2.7781,663.743,,0.140042140021,-20.0,0.7570114691266678,7870457896.951001
1339095,1502693,,,3273088,,,G,202.001,-2.84365,995.405,,0.201985240993,-20.61,0.7570119792656953,13803842646.028866
1339096,1502694,,,3273089,,,G,201.996,-3.05841,820.352,,0.16980335490200002,-20.71,0.7570125386220158,15135612484.362131
1339097,1502695,,,3273091,,,G,202.008,-4.4779,549.5409999999998,,0.117686578843,-20.15,0.7570128725774768,9036494737.223042
1339098,1502696,,,3273092,,,G,201.981,-3.0981400000000003,879.023,,0.180709710355,-20.44,0.7570133087803781,11803206356.517323
1339099,1502697,,,3273093,,,G,201.977,-3.3736,874.9839999999998,,0.179962949981,-20.34,0.7570137066021522,10764652136.29835
1339100,1502698,,,3273094,,,G,201.962,-2.92067,311.889,,0.0691009545505,-18.51,0.7570137803396758,1995262314.9688828
1339101,1502699,,,3273095,,,G,201.962,-2.95267,663.743,,0.140042140021,-20.48,0.7570142329125811,12246161992.650517
1339102,1502700,,,3273096,,,G,201.969,-2.9858,610.942,,0.129778804889,-19.64,0.7570144416924159,5649369748.123057
1339103,1502701,,,3273097,,,G,201.962,-3.1419,316.228,,0.07001613500810001,-18.19,0.7570144966071077,1485935642.287009
1339104,1502702,,,3273098,,,G,201.967,-3.15066,316.228,,0.07001613500810001,-18.86,0.7570145983932255,2754228703.338175
1339105,1502703,,,3273099,,,G,201.962,-3.17923,517.607,,0.111327565664,-19.62,0.7570148033623989,5546257129.579103
1339106,1502704,,,3273100,,,G,201.967,-3.723,341.9790000000001,,0.0754236377118,-18.78,0.7570148979182809,2558585886.905653
1339107,1502705,,,3273101,,,G,201.968,-3.9831,463.447,,0.100428350214,-19.45,0.7570150731805982,4742419852.6024475
1339108,1502706,,,3273103,,,G,201.969,-4.32205,446.684,,0.09702466851230003,-19.54,0.7570152635900707,5152286445.817583
1339109,1502707,,,3273104,,,G,201.94,-2.84037,633.87,,0.134250547125,-20.07,0.7570155738234686,8394599865.193998
1339110,1502708,,,3273105,,,G,201.942,-3.59846,338.844,,0.07476738738369999,-19.0,0.7570156896181334,3133285724.315589
1339111,1502709,,,3273106,,,G,201.958,-4.3456,682.3389999999998,,0.143628101814,-20.73,0.7570162593736642,15417004529.495615
1339112,1502710,,,3273107,,,G,201.933,-3.22302,1472.31,,0.284901262451,-21.81,0.7570177999688976,41686938347.03346
1339113,1502711,,,3273108,,,G,201.939,-4.077380000000002,522.396,,0.112284326142,-19.51,0.7570179851891833,5011872336.272736
1339114,1502712,,,3273110,,,G,201.919,-2.878,288.403,,0.0641285720643,-18.12,0.7570180366751119,1393156802.9453034
1339115,1502713,,,3273111,,,G,201.914,-3.3680000000000003,737.904,,0.154257677129,-20.08,0.7570183497790642,8472274141.40598
1339116,1502714,,,3273112,,,G,201.912,-3.732,472.0630000000001,,0.102172191086,-19.09,0.7570184755813549,3404081897.010009
1339117,1502715,,,3273113,,,G,201.921,-3.9907,522.396,,0.112284326142,-19.57,0.7570186713253961,5296634438.916602
1339118,1502716,,,3273114,,,G,201.916,-4.2669,622.3,,0.131996825998,-19.99,0.7570189595217951,7798301105.232576
1339119,1502717,,,3273115,,,G,201.921,-4.3715,691.831,,0.145453002727,-20.13,0.7570192873818821,8871560120.37962
1339120,1502718,,,3273116,,,G,201.899,-3.02297,430.527,,0.0937303968652,-19.94,0.7570195626073062,7447319739.059889
1339121,1502719,,,3273118,,,G,201.902,-4.0133,529.663,,0.113733956867,-19.79,0.7570198023186298,6486344335.482401
1339122,1502720,,,3273119,,,G,201.891,-4.16636,669.885,,0.141228220614,-20.27,0.7570201753012107,10092528860.766834
1339123,1502721,,,3273120,,,G,201.881,-2.813,570.164,,0.121767510884,-19.44,0.7570203489567136,4698941086.05216
1339124,1502722,,,3273121,,,G,201.883,-3.5189,899.498,,0.184486562243,-20.52,0.7570208185139627,12705741052.085394
1339125,1502723,,,3273122,,,G,201.882,-4.0073,954.993,,0.194649727325,-20.78,0.7570214151212447,16143585568.264938
1339126,1502724,,,3273123,,,G,201.889,-4.03556,517.607,,0.111327565664,-19.35,0.7570215749623779,4325138310.350115
1339127,1502725,,,3273125,,,G,201.854,-3.11872,816.582,,0.169098174549,-20.75,0.7570221553104549,15703628043.33558
1339128,1502726,,,3273127,,,G,201.866,-4.3617,688.6519999999998,,0.144842322421,-20.49,0.7570226120709657,12359474334.445068
1339129,1502727,,,3273128,,,G,201.84,-2.81794,392.645,,0.0859515729758,-19.57,0.7570228078150067,5296634438.916602
1339130,1502728,,,3273129,,,G,201.83900000000003,-3.2778400000000003,403.645,,0.0882183141092,-19.25,0.7570229535918527,3944573020.752801
1339131,1502729,,,3273131,,,G,201.826,-2.90841,380.189,,0.0833767616884,-18.67,0.7570230390372258,2312064790.1756077
1339132,1502730,,,3273132,,,G,201.815,-3.0652,831.7639999999999,,0.171934645967,-20.3,0.7570234224693979,10375284158.180126
1339133,1502731,,,3273133,,,G,201.833,-3.78146,472.0630000000001,,0.102172191086,-19.43,0.7570235945328175,4655860935.229601
1339134,1502732,,,3273134,,,G,201.797,-3.0793,972.747,,0.19787910894,-20.75,0.7570241748808947,15703628043.33558
1339135,1502733,,,3273135,,,G,201.804,-3.2813,405.509,,0.0886017743009,-19.01,0.7570242917469943,3162277660.16838
1339136,1502734,,,3273136,,,G,201.80900000000003,-3.6415,625.173,,0.132557106279,-19.67,0.7570245063760673,5807644175.2131605
1339137,1502735,,,3273137,,,G,201.807,-4.1123,625.173,,0.132557106279,-20.25,0.7570248725509489,9908319448.927729
1339138,1502736,,,3273138,,,G,201.779,-3.53841,349.945,,0.0770885185443,-18.91,0.7570249791340985,2884031503.1266
1339139,1502737,,,3273139,,,G,201.785,-3.68627,619.441,,0.13143906572,-20.08,0.7570252922380508,8472274141.40598
1339140,1502738,,,3273140,,,G,201.795,-4.0269,1111.73,,0.222807381404,-21.33,0.7570262823596846,26791683248.19037
1339141,1502739,,,3273141,,,G,201.782,-4.0549,1101.54,,0.2210001205,-21.01,0.7570270197349233,19952623149.688828
1339142,1502740,,,3273142,,,G,201.768,-3.07621,824.138,,0.170510845255,-20.48,0.7570274723078284,12246161992.650517
1339143,1502741,,,3273145,,,G,201.769,-3.9134,625.173,,0.132557106279,-19.64,0.7570276810876633,5649369748.123057
1339144,1502742,,,3273146,,,G,201.775,-3.98176,527.23,,0.113248856624,-19.25,0.7570278268645093,3944573020.752801
1339145,1502743,,,3273148,,,G,201.777,-4.21076,338.844,,0.07476738738369999,-18.36,0.7570278910872077,1737800828.7493765
1339146,1502744,,,3273151,,,G,201.753,-4.1928,1158.78,,0.231111835556,-21.1,0.7570286921905613,21677041048.19705
1339147,1502745,,,3273152,,,G,201.755,-4.3954,346.737,,0.0764184082092,-18.65,0.7570287760763805,2269864851.883821
1339148,1502746,,,3273153,,,G,201.725,-3.0794200000000003,630.957,,0.133683756842,-20.26,0.7570291456394366,10000000000.0
1339149,1502747,,,3273154,,,G,201.73,-3.6684,1380.38,,0.269392754696,-21.52,0.7570303251139199,31915378551.00758
1339150,1502748,,,3273156,,,G,201.731,-3.7348,522.396,,0.112284326142,-19.78,0.7570305626275567,6426877173.17022
1339151,1502749,,,3273157,,,G,201.725,-3.88193,366.4380000000001,,0.08052412026210001,-19.1,0.7570306895938819,3435579478.998757
1339152,1502750,,,3273159,,,G,201.696,-2.92661,537.0319999999998,,0.115201437601,-19.73,0.7570309164176442,6137620051.647945
1339153,1502751,,,3273160,,,G,201.697,-2.95197,630.957,,0.133683756842,-19.75,0.7570311474583752,6251726927.756875
1339154,1502752,,,3273162,,,G,201.687,-4.23589,392.645,,0.0859515729758,-19.53,0.7570313361221631,5105049999.754086
1339155,1502753,,,3273163,,,G,201.69,-4.26699,866.962,,0.17847782923900002,-20.49,0.7570317928826737,12359474334.445068
1339156,1502754,,,3273164,,,G,201.68,-4.3804,866.962,,0.17847782923900002,-20.94,0.7570324842176825,18706821403.658016
1339157,1502755,,,3273166,,,G,201.666,-3.67981,547.016,,0.117185518593,-19.82,0.7570327306448299,6668067692.136246
1339158,1502756,,,3273168,,,G,201.669,-4.2944,319.154,,0.07063248531619999,-18.29,0.7570327908575921,1629296032.6397278
1339159,1502757,,,3273169,,,G,201.646,-3.0629,625.173,,0.132557106279,-19.63,0.7570329977233219,5597576014.951093
1339160,1502758,,,3273170,,,G,201.643,-3.7999,874.9839999999998,,0.179962949981,-20.6,0.7570335031853666,13677288255.958578
1339161,1502759,,,3273172,,,G,201.627,-3.504,539.511,,0.115694517847,-19.87,0.7570337612262676,6982324040.771733
1339162,1502760,,,3273173,,,G,201.61900000000003,-3.8643,883.08,,0.18145920073,-20.61,0.7570342713652951,13803842646.028866
1339163,1502761,,,3273175,,,G,201.621,-3.9427,859.0139999999999,,0.17700425850200002,-20.77,0.7570348625028486,15995580286.146713
1339164,1502762,,,3273176,,,G,201.637,-4.35571,446.684,,0.09702466851230003,-19.72,0.757035087247078,6081350012.7871895
1339165,1502763,,,3273177,,,G,201.585,-3.52856,366.4380000000001,,0.08052412026210001,-18.84,0.7570351871753898,2703958364.108846
1339166,1502764,,,3273178,,,G,201.568,-3.8055,544.503,,0.116686558343,-20.09,0.7570355031764573,8550667128.846841
1339167,1502765,,,3273180,,,G,201.552,-2.7784,380.189,,0.0833767616884,-19.19,0.7570356411159261,3732501577.957214
1339168,1502766,,,3273181,,,G,201.547,-2.8022400000000003,1081.43,,0.217424238712,-20.73,0.757036210871457,15417004529.495615
1339169,1502767,,,3273182,,,G,201.549,-3.1975,1081.43,,0.217424238712,-21.26,0.7570371391718832,25118864315.095818
1339170,1502768,,,3273183,,,G,201.558,-3.4772,474.242,,0.102612561306,-19.17,0.7570372745936732,3664375746.478348
1339171,1502769,,,3273184,,,G,201.529,-2.9389,995.405,,0.201985240993,-22.36,0.7570398313453521,69183097091.8939
1339172,1502770,,,3273185,,,G,201.53,-2.97671,633.87,,0.134250547125,-19.77,0.7570400666814509,6367955209.079162
1339173,1502771,,,3273187,,,G,201.517,-3.28504,503.501,,0.108502854251,-19.73,0.7570402935052132,6137620051.647945
1339174,1502772,,,3273188,,,G,201.525,-4.3081,446.684,,0.09702466851230003,-19.66,0.7570405061665549,5754399373.371567
1339175,1502773,,,3273189,,,G,201.497,-3.92316,448.745,,0.097444038722,-19.28,0.7570406560275286,4055085354.48386
1339176,1502774,,,3273190,,,G,201.495,-4.1647,941.89,,0.19225971613,-20.84,0.7570412865325502,17060823890.03121
1339177,1502775,,,3273192,,,G,201.47,-2.79582,937.562,,0.191468855734,-20.65,0.7570418158162872,14321878992.735456
1339178,1502776,,,3273193,,,G,201.472,-2.8319,1174.9,,0.233942216971,-21.19,0.7570426861554976,23550492838.96009
1339179,1502777,,,3273194,,,G,201.486,-2.91257,879.023,,0.180709710355,-20.48,0.7570431387284028,12246161992.650517
1339180,1502778,,,3273196,,,G,201.472,-3.5104,524.807,,0.112765646383,-19.65,0.7570433494400537,5701642722.807478
1339181,1502779,,,3273198,,,G,201.476,-4.4197,870.9639999999998,,0.17921891960900002,-20.76,0.7570439351580254,15848931924.611176
1339182,1502780,,,3273200,,,G,201.459,-3.03045,625.173,,0.132557106279,-20.06,0.7570442425471866,8317637711.02671
1339183,1502781,,,3273201,,,G,201.46400000000003,-3.0869,496.592,,0.107115803558,-19.29,0.7570443937948067,4092606597.3001275
1339184,1502782,,,3273202,,,G,201.467,-3.12016,478.63,,0.103498551749,-19.31,0.7570445478543301,4168693834.7033467
1339185,1502783,,,3273203,,,G,201.465,-3.65322,862.9789999999998,,0.17773967887000006,-20.64,0.7570450722855645,14190575216.890957
1339186,1502784,,,3273205,,,G,201.462,-3.99517,946.237,,0.193053306527,-20.54,0.7570455505725349,12941958414.499916
1339187,1502785,,,3273206,,,G,201.472,-4.2383,335.73800000000006,,0.07411659705830001,-19.18,0.7570456872473671,3698281797.8026743
1339188,1502786,,,3273207,,,G,201.456,-4.3011,444.631,,0.0966069783035,-19.7,0.7570459078895522,5970352865.838366
1339189,1502787,,,3273208,,,G,201.452,-3.45517,870.9639999999998,,0.17921891960900002,-20.45,0.7570463481285892,11912420080.273762
1339190,1502788,,,3273209,,,G,201.443,-3.55131,527.23,,0.113248856624,-19.79,0.7570465878399126,6486344335.482401
1339191,1502789,,,3273210,,,G,201.45,-3.8139,3311.31,,0.5636556118280001,-23.26,0.7570524450196301,158489319246.11172
1339192,1502790,,,3273211,,,G,201.45,-4.44491,862.9789999999998,,0.17773967887000006,-20.57,0.7570529367064308,13304544179.780985
1339193,1502791,,,3273212,,,G,201.42,-3.2133,824.138,,0.170510845255,-20.34,0.7570533345282049,10764652136.29835
1339194,1502792,,,3273213,,,G,201.42,-3.5692,522.396,,0.112284326142,-19.53,0.7570535231919928,5105049999.754086
1339195,1502793,,,3273214,,,G,201.424,-3.6444,494.311,,0.106657373329,-19.24,0.7570536676323486,3908408957.9240093
1339196,1502794,,,3273215,,,G,201.42,-3.7379,855.067,,0.176271568136,-20.31,0.7570540546123748,10471285480.508986
1339197,1502795,,,3273218,,,G,201.417,-3.38524,476.431,,0.103054611527,-19.51,0.7570542398326606,5011872336.272736
1339198,1502796,,,3273219,,,G,201.414,-3.54857,527.23,,0.113248856624,-19.92,0.7570545100346547,7311390834.834217
1339199,1502797,,,3273220,,,G,201.392,-2.77084,737.904,,0.154257677129,-20.15,0.7570548439901158,9036494737.223042
1339200,1502798,,,3273221,,,G,201.393,-2.89113,378.443,,0.0830151415076,-19.18,0.7570549806649479,3698281797.8026743
1339201,1502799,,,3273222,,,G,201.389,-3.5077,480.839,,0.103944381972,-19.07,0.7570551041710883,3341950400.261149
1339202,1502800,,,3273223,,,G,201.395,-3.5908,824.138,,0.170510845255,-20.57,0.7570555958578891,13304544179.780985
1339203,1502801,,,3273224,,,G,201.393,-4.3556,522.396,,0.112284326142,-19.63,0.7570558027236189,5597576014.951093
1339204,1502802,,,3273225,,,G,201.377,-3.17388,630.957,,0.133683756842,-20.32,0.7570561932843273,10568175092.136606
1339205,1502803,,,3273227,,,G,201.345,-3.02977,630.957,,0.133683756842,-20.28,0.7570565697180736,10185913880.541231
1339206,1502804,,,3273234,,,G,201.327,-3.5383,476.431,,0.103054611527,-19.37,0.7570567325308754,4405548635.065536
1339207,1502805,,,3273235,,,G,201.315,-3.1558,515.229,,0.110852125426,-19.6,0.7570569337589397,5445026528.424242
1339208,1502806,,,3273237,,,G,201.324,-4.0947,544.503,,0.116686558343,-19.44,0.7570571074144425,4698941086.05216
1339209,1502807,,,3273238,,,G,201.313,-4.1358,547.016,,0.117185518593,-19.28,0.7570572572754163,4055085354.48386
1339210,1502808,,,3273239,,,G,201.316,-4.141369999999998,539.511,,0.115694517847,-19.64,0.7570574660552511,5649369748.123057
1339211,1502809,,,3273240,,,G,201.314,-4.1509800000000014,542.001,,0.116189488095,-19.69,0.7570576846745765,5915616341.754743
1339212,1502810,,,3273241,,,G,201.291,-3.21927,510.505,,0.109906704953,-20.17,0.7570580248387331,9204495717.53176
1339213,1502811,,,3273242,,,G,201.293,-3.2866,517.607,,0.111327565664,-19.91,0.7570582925635003,7244359600.74989
1339214,1502812,,,3273243,,,G,201.302,-3.31311,512.861,,0.110378365189,-19.56,0.7570584865129493,5248074602.497712
1339215,1502813,,,3273244,,,G,201.298,-3.7044,542.001,,0.116189488095,-19.52,0.7570586734470572,5058246620.031148
1339216,1502814,,,3273245,,,G,201.30900000000003,-3.8549,489.779,,0.105745762873,-19.67,0.7570588880761302,5807644175.2131605
1339217,1502815,,,3273246,,,G,201.293,-4.1955,946.237,,0.193053306527,-20.53,0.7570593619781393,12823305826.560284
1339218,1502816,,,3273247,,,G,201.284,-3.5986,831.7639999999999,,0.171934645967,-22.55,0.7570624076881433,82413811501.3003
1339219,1502817,,,3273248,,,G,201.275,-3.8413,448.745,,0.097444038722,-19.73,0.7570626345119056,6137620051.647945
1339220,1502818,,,3273249,,,G,201.285,-3.9821,448.745,,0.097444038722,-19.64,0.7570628432917405,5649369748.123057
1339221,1502819,,,3273250,,,G,201.252,-3.17082,630.957,,0.133683756842,-19.96,0.7570631236339874,7585775750.291882
1339222,1502820,,,3273251,,,G,201.237,-3.3186,1230.27,,0.243607681804,-21.15,0.7570639624921789,22698648518.838303
1339223,1502821,,,3273252,,,G,201.241,-3.40916,622.3,,0.131996825998,-19.92,0.7570642326941731,7311390834.834217
1339224,1502822,,,3273253,,,G,201.242,-3.6695,539.511,,0.115694517847,-19.41,0.7570644016170813,4570881896.148752
1339225,1502823,,,3273254,,,G,201.25,-3.8562,534.564,,0.114710247355,-19.3,0.7570645542641784,4130475019.9016094
1339226,1502824,,,3273255,,,G,201.24,-4.1006,946.237,,0.193053306527,-21.15,0.75706539312237,22698648518.838303
1339227,1502825,,,3273257,,,G,201.239,-4.2313,954.993,,0.194649727325,-20.74,0.7570659681497841,15559656316.05075
1339228,1502826,,,3273258,,,G,201.236,-3.47306,847.227,,0.17481479740699998,-20.8,0.7570665758488233,16443717232.149357
1339229,1502827,,,3273259,,,G,201.221,-3.5630900000000003,442.588,,0.0961909680955,-19.59,0.7570667752320177,5395106225.151268
1339230,1502828,,,3273260,,,G,201.232,-3.8178,539.511,,0.115694517847,-20.02,0.7570670715026127,8016780633.876789
1339231,1502829,,,3273261,,,G,201.231,-4.221419999999998,557.186,,0.119201729601,-19.44,0.7570672451581155,4698941086.05216
1339232,1502830,,,3273262,,,G,201.199,-3.37977,527.23,,0.113248856624,-19.44,0.7570674188136184,4698941086.05216
1339233,1502831,,,3273263,,,G,201.211,-3.464,515.229,,0.110852125426,-19.31,0.7570675728731417,4168693834.7033467
1339234,1502832,,,3273264,,,G,201.213,-3.80699,534.564,,0.114710247355,-19.54,0.7570677632826142,5152286445.817583
1339235,1502833,,,3273265,,,G,201.207,-3.8651,450.817,,0.0978652989326,-19.19,0.7570679012220831,3732501577.957214
1339236,1502834,,,3273266,,,G,201.189,-2.8530900000000003,981.748,,0.199512279756,-20.88,0.7570685553889593,17701089583.174183
1339237,1502835,,,3273267,,,G,201.195,-2.9569,385.478,,0.08447107223549999,-18.86,0.7570686571750771,2754228703.338175
1339238,1502836,,,3273268,,,G,201.179,-2.9753,505.825,,0.108969054485,-19.3,0.7570688098221742,4130475019.9016094
1339239,1502837,,,3273269,,,G,201.19,-2.9998,498.884,,0.107576333788,-19.16,0.7570689440024096,3630780547.7010174
1339240,1502838,,,3273270,,,G,201.18400000000003,-3.58149,524.807,,0.112765646383,-19.18,0.7570690806772421,3698281797.8026743
1339241,1502839,,,3273272,,,G,201.19,-3.7833,448.745,,0.097444038722,-19.46,0.7570692575612417,4786300923.226399
1339242,1502840,,,3273273,,,G,201.18400000000003,-3.9419,542.001,,0.116189488095,-19.78,0.7570694950748785,6426877173.17022
1339243,1502841,,,3273275,,,G,201.178,-3.3971,527.23,,0.113248856624,-19.43,0.757069667138298,4655860935.229601
1339244,1502842,,,3273276,,,G,201.165,-3.56457,524.807,,0.112765646383,-19.84,0.7570699181468683,6792036326.171857
1339245,1502843,,,3273277,,,G,201.181,-3.8133,537.0319999999998,,0.115201437601,-19.45,0.7570700934091856,4742419852.6024475
1339246,1502844,,,3273279,,,G,201.151,-3.48876,625.173,,0.132557106279,-20.42,0.7570705216504866,11587773561.55131
1339247,1502845,,,3273280,,,G,201.144,-3.5037800000000003,353.18300000000005,,0.0777642988821,-19.26,0.7570706687761892,3981071705.534985
1339248,1502846,,,3273281,,,G,201.138,-3.726480000000001,1032.76,,0.208718264359,-20.89,0.7570713289959969,17864875748.52061
1339249,1502847,,,3273282,,,G,201.129,-3.8654,539.511,,0.115694517847,-19.55,0.7570715211673065,5199959965.335173
1339250,1502848,,,3273283,,,G,201.118,-3.20361,748.17,,0.156207738104,-20.09,0.757071837168374,8550667128.846841
1339251,1502849,,,3273284,,,G,201.11900000000003,-3.33271,378.443,,0.0830151415076,-18.59,0.7570719165442535,2147830474.130529
1339252,1502850,,,3273285,,,G,201.124,-3.742,539.511,,0.115694517847,-19.51,0.7570721017645392,5011872336.272736
1339253,1502851,,,3273286,,,G,201.111,-3.7867,986.279,,0.200333380167,-20.97,0.7570728124681956,19230917289.101616
1339254,1502852,,,3273287,,,G,201.126,-4.0595,1386.76,,0.270475725238,-21.7,0.7570742046262674,37670379898.39093
1339255,1502853,,,3273288,,,G,201.096,-2.9518,1336.6,,0.261933340967,-21.27,0.7570751415161516,25351286304.979076
1339256,1502854,,,3273289,,,G,201.106,-3.03467,503.501,,0.108502854251,-19.65,0.7570753522278025,5701642722.807478
1339257,1502855,,,3273291,,,G,201.095,-3.33192,628.058,,0.13311927656,-20.44,0.7570757884307038,11803206356.517323
1339258,1502856,,,3273293,,,G,201.093,-3.533,883.08,,0.18145920073,-20.65,0.7570763177144407,14321878992.735456
1339259,1502857,,,3273294,,,G,201.092,-3.5488699999999995,527.23,,0.113248856624,-19.3,0.7570764703615378,4130475019.9016094
1339260,1502858,,,3273297,,,G,201.104,-4.4022,862.9789999999998,,0.17773967887000006,-20.37,0.7570768793288053,11066237839.776676
1339261,1502859,,,3273298,,,G,201.072,-2.8083400000000003,508.159,,0.109436724718,-19.58,0.7570770768840436,5345643593.969735
1339262,1502860,,,3273299,,,G,201.087,-3.3986,436.516,,0.0949530174765,-19.0,0.7570771926787083,3133285724.315589
1339263,1502861,,,3273301,,,G,201.081,-4.07598,711.2139999999998,,0.149167694584,-20.17,0.7570775328428649,9204495717.53176
1339264,1502862,,,3273303,,,G,201.066,-4.0785,478.63,,0.103498551749,-19.0,0.7570776486375298,3133285724.315589
1339265,1502863,,,3273304,,,G,201.049,-2.84922,887.1560000000002,,0.182211631106,-20.32,0.7570780391982381,10568175092.136606
1339266,1502864,,,3273306,,,G,201.051,-3.6353,472.0630000000001,,0.102172191086,-19.93,0.7570783119003804,7379042301.291045
1339267,1502865,,,3273307,,,G,201.045,-3.6567,469.894,,0.101733500867,-19.14,0.7570784436315507,3564511334.262453
1339268,1502866,,,3273309,,,G,201.031,-3.38619,440.555,,0.0957766378883,-19.37,0.7570786064443524,4405548635.065536
1339269,1502867,,,3273311,,,G,201.03,-4.1603,554.626,,0.118694579347,-19.53,0.7570787951081405,5105049999.754086
1339270,1502868,,,3273312,,,G,201.024,-4.1905,306.196,,0.0678987039494,-19.21,0.7570789356120956,3801893963.205628
1339271,1502869,,,3273313,,,G,201.006,-2.7936,508.159,,0.109436724718,-19.7,0.7570791562542807,5970352865.838366
1339272,1502870,,,3273314,,,G,201.007,-2.91846,711.2139999999998,,0.149167694584,-20.37,0.7570795652215482,11066237839.776676
1339273,1502871,,,3273315,,,G,201.017,-2.98066,496.592,,0.107115803558,-19.54,0.7570797556310206,5152286445.817583
1339274,1502872,,,3273316,,,G,201.021,-3.7836,714.4960000000002,,0.149795174898,-20.98,0.7570804729107371,19408858775.92779
1339275,1502873,,,3273317,,,G,200.998,-2.892,717.794,,0.150425175213,-20.03,0.7570807719226901,8090958991.783845
1339276,1502874,,,3273318,,,G,200.99,-3.41155,440.555,,0.0957766378883,-19.39,0.7570809377624078,4487453899.331332
1339277,1502875,,,3273319,,,G,200.993,-3.43154,444.631,,0.0966069783035,-19.2,0.7570810769782149,3767037989.8390775
1339278,1502876,,,3273321,,,G,200.99,-4.12654,337.287,,0.07444125722060001,-18.74,0.7570811681139182,2466039337.234336
1339279,1502877,,,3273322,,,G,200.971,-3.35907,524.807,,0.112765646383,-19.92,0.7570814383159125,7311390834.834217
1339280,1502878,,,3273324,,,G,200.973,-4.0419,353.18300000000005,,0.0777642988821,-18.83,0.7570815373280758,2679168324.819037
1339281,1502879,,,3273325,,,G,200.977,-4.1398,337.287,,0.07444125722060001,-19.09,0.7570816631303666,3404081897.010009
1339282,1502880,,,3273326,,,G,200.945,-3.14071,496.592,,0.107115803558,-19.34,0.7570818215060675,4285485203.9743924
1339283,1502881,,,3273327,,,G,200.958,-3.38132,420.727,,0.09172531586269997,-19.04,0.7570819416463226,3250872973.8543468
1339284,1502882,,,3273328,,,G,200.963,-3.4335,498.884,,0.107576333788,-19.16,0.7570820758265581,3630780547.7010174
1339285,1502883,,,3273329,,,G,200.948,-3.6238,827.942,,0.17122127561099998,-20.41,0.7570825001417193,11481536214.968842
1339286,1502884,,,3273330,,,G,200.962,-3.6566,337.287,,0.07444125722060001,-18.57,0.7570825780688255,2108628149.9332972
1339287,1502885,,,3273331,,,G,200.959,-3.7695,498.884,,0.107576333788,-19.59,0.7570827774520199,5395106225.151268
1339288,1502886,,,3273333,,,G,200.965,-4.3412,954.993,,0.194649727325,-21.18,0.7570836398119126,23334580622.810143
1339289,1502887,,,3273334,,,G,200.936,-3.8219,503.501,,0.108502854251,-19.86,0.7570838954870804,6918309709.18939
1339290,1502888,,,3273335,,,G,200.947,-4.4096,794.328,,0.164924632462,-20.67,0.7570844346109368,14588142602.753534
1339291,1502889,,,3273336,,,G,200.92,-2.97833,496.592,,0.107115803558,-19.27,0.7570845830979768,4017908108.4893923
1339292,1502890,,,3273337,,,G,200.911,-3.3586,416.869,,0.0909346654673,-19.22,0.7570847249019991,3837072454.9228
1339293,1502891,,,3273339,,,G,200.93,-3.89526,380.189,,0.0833767616884,-18.79,0.7570848203327959,2582260190.634601
1339294,1502892,,,3273340,,,G,200.922,-4.2852,335.73800000000006,,0.07411659705830001,-18.55,0.7570848968375722,2070141348.7910454
1339295,1502893,,,3273341,,,G,200.913,-4.341,348.337,,0.0767527283764,-18.4,0.7570849634704467,1803017740.8595695
1339296,1502894,,,3273342,,,G,200.899,-2.89319,711.2139999999998,,0.149167694584,-20.04,0.7570852652491233,8165823713.585939
1339297,1502895,,,3273343,,,G,200.892,-3.4258800000000003,385.478,,0.08447107223549999,-18.68,0.7570853514851127,2333458062.281005
1339298,1502896,,,3273344,,,G,200.896,-3.9055,378.443,,0.0830151415076,-18.6,0.7570854315954479,2167704104.819705
1339299,1502897,,,3273345,,,G,200.897,-4.1014,899.498,,0.184486562243,-20.71,0.7570859909517685,15135612484.362131
1339300,1502898,,,3273346,,,G,200.888,-4.1107,899.498,,0.184486562243,-20.74,0.7570865659791824,15559656316.05075
1339301,1502899,,,3273347,,,G,200.863,-3.78205,544.503,,0.116686558343,-19.43,0.7570867380426021,4655860935.229601
1339302,1502900,,,3273348,,,G,200.867,-4.3013,714.4960000000002,,0.149795174898,-20.33,0.7570871322171242,10665961212.302591
1339303,1502901,,,3273349,,,G,200.846,-4.06768,335.73800000000006,,0.07411659705830001,-19.03,0.7570872512559269,3221068791.283441
1339304,1502902,,,3273350,,,G,200.822,-2.90266,461.318,,0.0999967999984,-19.28,0.7570874011169005,4055085354.48386
1339305,1502903,,,3273351,,,G,200.837,-3.4688,414.954,,0.090541965271,-19.03,0.7570875201557032,3221068791.283441
1339306,1502904,,,3273352,,,G,200.826,-3.5531,625.173,,0.132557106279,-20.31,0.7570879071357295,10471285480.508986
1339307,1502905,,,3273353,,,G,200.82,-3.9033,744.732,,0.155555057778,-20.13,0.7570882349958165,8871560120.37962
1339308,1502906,,,3273354,,,G,200.827,-4.0983,824.138,,0.170510845255,-20.42,0.7570886632371174,11587773561.55131
1339309,1502907,,,3273355,,,G,200.838,-4.1641,903.649,,0.185250332625,-20.58,0.7570891594734401,13427649611.378641
1339310,1502908,,,3273356,,,G,200.817,-3.127,472.0630000000001,,0.102172191086,-19.3,0.7570893121205372,4130475019.9016094
1339311,1502909,,,3273357,,,G,200.816,-3.36517,401.791,,0.0878367439184,-18.7,0.7570893999597733,2376840286.6248736
1339312,1502910,,,3273358,,,G,200.80900000000003,-3.5399199999999995,698.232,,0.146681503341,-20.74,0.7570899749871872,15559656316.05075
1339313,1502911,,,3273359,,,G,200.818,-4.1697,1174.9,,0.233942216971,-21.33,0.7570909651088209,26791683248.19037
1339314,1502912,,,3273360,,,G,200.798,-2.78353,485.289,,0.104841502421,-19.12,0.7570910944356265,3499451670.2835765
1339315,1502913,,,3273361,,,G,200.794,-4.26382,380.189,,0.0833767616884,-18.76,0.7570911872656692,2511886431.509582
1339316,1502914,,,3273362,,,G,200.8,-4.40716,316.228,,0.07001613500810001,-19.27,0.757091335752709,4017908108.4893923
1339317,1502915,,,3273363,,,G,200.771,-3.0208,494.311,,0.106657373329,-19.31,0.7570914898122324,4168693834.7033467
1339318,1502916,,,3273364,,,G,200.77,-3.21497,790.679,,0.164238562119,-20.11,0.7570918116881985,8709635899.560833
1339319,1502917,,,3273365,,,G,200.778,-3.3971,496.592,,0.107115803558,-19.2,0.7570919509040056,3767037989.8390775
1339320,1502918,,,3273366,,,G,200.777,-4.3746,744.732,,0.155555057778,-20.53,0.7570924248060147,12823305826.560284
1339321,1502919,,,3273367,,,G,200.759,-4.4612,383.707,,0.0841048320524,-18.8,0.7570925211198216,2606153549.9988976
1339322,1502920,,,3273368,,,G,200.737,-3.32614,1023.29,,0.207015583508,-20.91,0.7570931936140322,18197008586.099827
1339323,1502921,,,3273370,,,G,200.746,-3.62535,343.55800000000005,,0.0757537578769,-18.89,0.7570932982518199,2831391995.799391
1339324,1502922,,,3273371,,,G,200.735,-3.7254,1091.44,,0.219205669603,-20.84,0.7570939287568417,17060823890.03121
1339325,1502923,,,3273372,,,G,200.713,-3.36979,405.509,,0.0886017743009,-19.55,0.7570941209281512,5199959965.335173
1339326,1502924,,,3273373,,,G,200.729,-3.54282,981.748,,0.199512279756,-20.61,0.7570946310671787,13803842646.028866
1339327,1502925,,,3273374,,,G,200.715,-3.821,1185.77,,0.235846497923,-21.04,0.7570953891009419,20511621788.25571
1339328,1502926,,,3273375,,,G,200.701,-3.6118,385.478,,0.08447107223549999,-18.6,0.7570954692112772,2167704104.819705
1339329,1502927,,,3273376,,,G,200.686,-2.7774,529.663,,0.113733956867,-19.43,0.7570956412746969,4655860935.229601
1339330,1502928,,,3273378,,,G,200.683,-3.7009,380.189,,0.0833767616884,-19.0,0.7570957570693616,3133285724.315589
1339331,1502929,,,3273379,,,G,200.66,-3.31071,714.4960000000002,,0.149795174898,-20.27,0.7570961300519425,10092528860.766834
1339332,1502930,,,3273381,,,G,200.673,-3.58958,625.173,,0.132557106279,-20.09,0.7570964460530101,8550667128.846841
1339333,1502931,,,3273383,,,G,200.671,-3.9244,373.25,,0.0819384709692,-18.6,0.7570965261633453,2167704104.819705
1339334,1502932,,,3273384,,,G,200.668,-4.2221,341.9790000000001,,0.0754236377118,-19.49,0.7570967080029799,4920395356.814511
1339335,1502933,,,3273385,,,G,200.649,-3.7898,537.0319999999998,,0.115201437601,-19.85,0.7570969613341036,6854882264.526649
1339336,1502934,,,3273386,,,G,200.627,-2.8016,498.884,,0.107576333788,-19.16,0.7570970955143392,3630780547.7010174
1339337,1502935,,,3273387,,,G,200.633,-3.37854,855.067,,0.176271568136,-20.39,0.7570975120848759,11271974561.75514
1339338,1502936,,,3273388,,,G,200.625,-3.8065,707.946,,0.148542524271,-20.73,0.7570980818404067,15417004529.495615
1339339,1502937,,,3273389,,,G,200.604,-2.78553,527.23,,0.113248856624,-19.79,0.7570983215517303,6486344335.482401
1339340,1502938,,,3273390,,,G,200.607,-3.15691,389.045,,0.08520817260410002,-18.66,0.7570984062137353,2290867652.76777
1339341,1502939,,,3273393,,,G,200.613,-3.42996,389.045,,0.08520817260410002,-19.12,0.7570985355405407,3499451670.2835765
1339342,1502940,,,3273394,,,G,200.612,-3.51802,381.944,,0.08374006187000001,-19.41,0.7570987044634491,4570881896.148752
1339343,1502941,,,3273395,,,G,200.61,-3.9647,549.5409999999998,,0.117686578843,-20.13,0.7570990323235359,8871560120.37962
1339344,1502942,,,3273397,,,G,200.618,-4.3357,981.748,,0.199512279756,-20.53,0.7570995062255451,12823305826.560284
1339345,1502943,,,3273398,,,G,200.585,-2.8310000000000004,489.779,,0.105745762873,-19.16,0.7570996404057806,3630780547.7010174
1339346,1502944,,,3273399,,,G,200.593,-3.00471,444.631,,0.0966069783035,-19.84,0.7570998914143507,6792036326.171857
1339347,1502945,,,3273400,,,G,200.596,-3.7362,392.645,,0.0859515729758,-19.59,0.7571000907975451,5395106225.151268
1339348,1502946,,,3273401,,,G,200.591,-3.7787,704.693,,0.14791966396,-20.12,0.7571004156517929,8790225168.308859
1339349,1502947,,,3273402,,,G,200.588,-3.9041,547.016,,0.117185518593,-19.77,0.7571006509878916,6367955209.079162
1339350,1502948,,,3273404,,,G,200.572,-4.1317,510.505,,0.109906704953,-20.21,0.7571010039178702,9549925860.214407
1339351,1502949,,,3273405,,,G,200.579,-4.3725,380.189,,0.0833767616884,-18.7,0.7571010917571063,2376840286.6248736
1339352,1502950,,,3273407,,,G,200.551,-4.2202,855.067,,0.176271568136,-20.41,0.7571015160722675,11481536214.968842
1339353,1502951,,,3273408,,,G,200.543,-2.813,679.204,,0.143024771512,-20.02,0.7571018123428624,8016780633.876789
1339354,1502952,,,3273409,,,G,200.543,-3.2448,483.059,,0.104392102196,-19.44,0.7571019859983653,4698941086.05216
1339355,1502953,,,3273410,,,G,200.53,-3.4425,1164.13,,0.232052006026,-21.04,0.7571027440321286,20511621788.25571
1339356,1502954,,,3273411,,,G,200.534,-3.57732,394.457,,0.08632537316269999,-19.02,0.7571028619795771,3191537855.1007576
1339357,1502955,,,3273412,,,G,200.532,-3.6414,385.478,,0.08447107223549999,-18.96,0.7571029735858357,3019951720.4020314
1339358,1502956,,,3273413,,,G,200.532,-4.107,748.17,,0.156207738104,-20.18,0.7571033168974926,9289663867.7994
1339359,1502957,,,3273492,,,G,200.027,-4.29505,1180.32,,0.234892257446,-21.29,0.7571042712054602,25822601906.34601
1339360,1502958,,,3273414,,,G,200.513,-3.07263,487.528,,0.105292582646,-19.76,0.7571045043839846,6309573444.801943
1339361,1502959,,,3273415,,,G,200.525,-3.5575,396.278,,0.0867008533504,-19.16,0.7571046385642202,3630780547.7010174
1339362,1502960,,,3273416,,,G,200.523,-3.7102,887.1560000000002,,0.182211631106,-20.67,0.7571051776880764,14588142602.753534
1339363,1502961,,,3273419,,,G,200.521,-4.4289999999999985,790.679,,0.164238562119,-20.23,0.7571055371795131,9727472237.76964
1339364,1502962,,,3273420,,,G,200.511,-3.5987400000000003,389.045,,0.08520817260410002,-19.15,0.7571056701295769,3597493351.557431
1339365,1502963,,,3273424,,,G,200.492,-3.5998,711.2139999999998,,0.149167694584,-20.04,0.7571059719082536,8165823713.585939
1339366,1502964,,,3273425,,,G,200.478,-3.7225,532.1080000000002,,0.114221157111,-19.49,0.7571061537478879,4920395356.814511
1339367,1502965,,,3273427,,,G,200.483,-4.2385,1009.25,,0.204485922243,-20.63,0.7571066733711079,14060475241.29913
1339368,1502966,,,3273428,,,G,200.466,-3.5174300000000005,515.229,,0.110852125426,-19.53,0.7571068620348959,5105049999.754086
1339369,1502967,,,3273429,,,G,200.461,-3.6452,340.408,,0.0750947775474,-18.75,0.7571069540138676,2488857318.2823954
1339370,1502968,,,3273430,,,G,200.461,-3.6717,378.443,,0.0830151415076,-18.83,0.757107053026031,2679168324.819037
1339371,1502969,,,3273431,,,G,200.469,-3.9649,572.7959999999998,,0.122286841143,-19.51,0.7571072382463166,5011872336.272736
1339372,1502970,,,3273432,,,G,200.451,-3.0958,311.889,,0.0691009545505,-18.64,0.7571073213630659,2249054605.835792
1339373,1502971,,,3273434,,,G,200.444,-3.82,378.443,,0.0830151415076,-19.12,0.7571074506898714,3499451670.2835765
1339374,1502972,,,3273435,,,G,200.456,-3.8506,755.092,,0.15752023876,-20.11,0.7571077725658374,8709635899.560833
1339375,1502973,,,3273437,,,G,200.433,-3.841,534.564,,0.114710247355,-20.51,0.7571082378181598,12589254117.941713
1339376,1502974,,,3273438,,,G,200.422,-4.0267,334.195,,0.0737929868965,-18.97,0.7571083504570985,3047894989.6279826
1339377,1502975,,,3273440,,,G,200.419,-4.2327,374.973,,0.0822958911479,-18.84,0.7571084503854102,2703958364.108846
1339378,1502976,,,3273441,,,G,200.386,-2.89256,510.505,,0.109906704953,-20.01,0.7571087439397801,7943282347.242822
1339379,1502977,,,3273442,,,G,200.397,-3.93838,707.946,,0.148542524271,-20.24,0.7571091067575503,9817479430.199823
1339380,1502978,,,3273443,,,G,200.396,-4.4515,346.737,,0.0764184082092,-18.46,0.7571091771763389,1905460717.963252
1339381,1502979,,,3273444,,,G,200.376,-3.3915,751.623,,0.156862728431,-20.16,0.7571095142218517,9120108393.559114
1339382,1502980,,,3273445,,,G,200.38,-4.0157,1180.32,,0.234892257446,-21.53,0.757110704609878,32210687912.834545
1339383,1502981,,,3273446,,,G,200.383,-4.5012,515.229,,0.110852125426,-19.41,0.7571108735327862,4570881896.148752
1339384,1502982,,,3273447,,,G,200.365,-3.1068,519.996,,0.111805105903,-19.33,0.75711103045649,4246195639.4631295
1339385,1502983,,,3273448,,,G,200.357,-3.17567,480.839,,0.103944381972,-19.12,0.7571111597832954,3499451670.2835765
1339386,1502984,,,3273449,,,G,200.363,-3.49899,711.2139999999998,,0.149167694584,-20.05,0.7571114643542959,8241381150.13003
1339387,1502985,,,3273450,,,G,200.353,-4.004,831.7639999999999,,0.171934645967,-20.36,0.7571118695721288,10964781961.431871
1339388,1502986,,,3273453,,,G,200.334,-4.03682,378.443,,0.0830151415076,-19.11,0.757111997713259,3467368504.525324
1339389,1502987,,,3273454,,,G,200.336,-4.34364,369.828,,0.08122825061410001,-18.63,0.7571120800679894,2228435149.2702985
1339390,1502988,,,3273455,,,G,200.317,-4.1929,376.704,,0.08265478132739999,-19.27,0.7571122285550292,4017908108.4893923
1339391,1502989,,,3273456,,,G,200.281,-3.6373,389.045,,0.08520817260410002,-19.61,0.7571124316450341,5495408738.576271
1339392,1502990,,,3273457,,,G,200.28,-3.8468,751.623,,0.156862728431,-20.77,0.7571130227825875,15995580286.146713
1339393,1502991,,,3273458,,,G,200.296,-4.1756,450.817,,0.0978652989326,-19.87,0.7571132808234886,6982324040.771733
1339394,1502992,,,3273460,,,G,200.266,-3.20248,303.389,,0.06730524365259999,-18.41,0.7571133480729096,1819700858.6099825
1339395,1502993,,,3273461,,,G,200.274,-3.20386,307.61,,0.0681975340988,-18.76,0.7571134409029523,2511886431.509582
1339396,1502994,,,3273462,,,G,200.252,-3.15751,448.745,,0.097444038722,-19.41,0.7571136098258605,4570881896.148752
1339397,1502995,,,3273463,,,G,200.24400000000003,-3.17669,714.4960000000002,,0.149795174898,-20.01,0.7571139033802305,7943282347.242822
1339398,1502996,,,3273464,,,G,200.246,-3.1818,534.564,,0.114710247355,-19.57,0.7571140991242715,5296634438.916602
1339399,1502997,,,3273467,,,G,200.239,-3.6911,1142.88,,0.22831274415600006,-21.08,0.7571148856058412,21281390459.827183
1339400,1502998,,,3273468,,,G,200.206,-3.36255,616.595,,0.130883615442,-19.7,0.7571151062480261,5970352865.838366
1339401,1502999,,,3273469,,,G,200.213,-4.43644,340.408,,0.0750947775474,-19.12,0.7571152355748316,3499451670.2835765
1339402,1503000,,,3273471,,,G,200.191,-4.1544,334.195,,0.0737929868965,-19.52,0.7571154225089395,5058246620.031148
1339403,1503001,,,3273472,,,G,200.188,-4.4125,396.278,,0.0867008533504,-19.56,0.7571156164583884,5248074602.497712
1339404,1503002,,,3273473,,,G,200.206,-4.4637,616.595,,0.130883615442,-19.99,0.7571159046547872,7798301105.232576
1339405,1503003,,,3273474,,,G,200.172,-3.3313,862.9789999999998,,0.17773967887000006,-20.54,0.7571163829417575,12941958414.499916
1339406,1503004,,,3273475,,,G,200.183,-3.69762,827.942,,0.17122127561099998,-20.86,0.7571170251687427,17378008287.49384
1339407,1503005,,,3273476,,,G,200.167,-3.5926,539.511,,0.115694517847,-19.8,0.7571172670980878,6546361740.672761
1339408,1503006,,,3273477,,,G,200.155,-3.99214,378.443,,0.0830151415076,-18.71,0.7571173557500903,2398832919.019495
1339409,1503007,,,3273479,,,G,200.136,-2.7833,515.229,,0.110852125426,-19.31,0.7571175098096137,4168693834.7033467
1339410,1503008,,,3273480,,,G,200.145,-3.6532,374.973,,0.0822958911479,-18.56,0.75711758702228,2089296130.8540325
1339411,1503009,,,3273481,,,G,200.133,-3.9617,539.511,,0.115694517847,-19.72,0.7571178117665095,6081350012.7871895
1339412,1503010,,,3273483,,,G,200.115,-4.2131,605.341,,0.128682814341,-20.26,0.7571181813295657,10000000000.0
1339413,1503011,,,3273484,,,G,200.133,-4.45247,296.483,,0.06584301292150001,-18.71,0.7571182699815681,2398832919.019495
1339414,1503012,,,3273485,,,G,200.113,-3.7601,467.735,,0.101296700648,-19.3,0.7571184226286652,4130475019.9016094
1339415,1503013,,,3273486,,,G,200.098,-4.28915,704.693,,0.14791966396,-20.0,0.7571187134917124,7870457896.951001
1339416,1503014,,,3273488,,,G,200.071,-3.08169,851.138,,0.175541817771,-20.39,0.7571191300622491,11271974561.75514
1339417,1503015,,,3273490,,,G,200.045,-3.6748,537.0319999999998,,0.115201437601,-19.72,0.7571193548064786,6081350012.7871895
1339418,1503016,,,3273493,,,G,200.022,-3.063,1445.44,,0.280389620195,-21.8,0.75712088127745,41304750199.016106
1339419,1503017,,,3273494,,,G,200.02,-3.339,380.189,,0.0833767616884,-18.93,0.7571209898421283,2937649651.9615426
1339420,1503018,,,3273495,,,G,200.011,-3.66107,307.61,,0.0681975340988,-19.09,0.7571211156444192,3404081897.010009
1339421,1503019,,,3273496,,,G,200.006,-4.2613,457.088,,0.0991389495695,-18.97,0.7571212282833578,3047894989.6279826
1339592,1503190,,,3273728,,,G,203.144,-5.6456,364.754,,0.080174050087,-18.61,0.7571858449519451,2187761623.949561
1339593,1503191,,,3273729,,,G,203.133,-6.0074,562.341,,0.120221700111,-19.4,0.7571860123261589,4528975799.036214
1339594,1503192,,,3273730,,,G,203.126,-4.94,524.807,,0.112765646383,-19.4,0.7571861797003726,4528975799.036214
1339595,1503193,,,3273732,,,G,203.122,-5.8463,474.242,,0.102612561306,-19.06,0.7571863020742019,3311311214.8259077
1339596,1503194,,,3273733,,,G,203.133,-5.9272,707.946,,0.148542524271,-20.07,0.7571866123075999,8394599865.193998
1339597,1503195,,,3273735,,,G,203.106,-4.9314300000000015,524.807,,0.112765646383,-20.36,0.7571870175254328,10964781961.431871
1339598,1503196,,,3273736,,,G,203.09,-5.00055,340.408,,0.0750947775474,-19.01,0.7571871343915325,3162277660.16838
1339599,1503197,,,3273737,,,G,203.093,-5.38888,557.186,,0.119201729601,-19.79,0.7571873741028561,6486344335.482401
1339600,1503198,,,3273738,,,G,203.079,-5.4667,547.016,,0.117185518593,-19.37,0.7571875369156578,4405548635.065536
1339601,1503199,,,3273739,,,G,203.088,-5.74917,552.077,,0.118189529095,-19.7,0.7571877575578428,5970352865.838366
1339602,1503200,,,3273740,,,G,203.076,-5.5543,361.41,,0.0794783197392,-19.46,0.7571879344418425,4786300923.226399
1339603,1503201,,,3273741,,,G,203.074,-5.6895,544.503,,0.116686558343,-19.71,0.7571881571256045,6025595860.743593
1339604,1503202,,,3273742,,,G,203.046,-4.5794,510.505,,0.109906704953,-19.62,0.7571883620947779,5546257129.579103
1339605,1503203,,,3273743,,,G,203.045,-4.7346,432.514,,0.0941363270682,-19.22,0.7571885038988002,3837072454.9228
1339606,1503204,,,3273744,,,G,203.05,-4.8983,602.56,,0.128138284069,-20.4,0.7571889243238167,11376272858.234331
1339607,1503205,,,3273745,,,G,203.054,-4.9458,328.095,,0.07251282625639999,-19.09,0.7571890501261076,3404081897.010009
1339608,1503206,,,3273746,,,G,203.035,-5.5115,426.58,,0.0929235764618,-19.59,0.7571892495093019,5395106225.151268
1339609,1503207,,,3273748,,,G,203.007,-4.4689999999999985,537.0319999999998,,0.115201437601,-19.86,0.7571895051844698,6918309709.18939
1339610,1503208,,,3273749,,,G,203.008,-4.9888,389.045,,0.08520817260410002,-19.23,0.7571896483005885,3872576449.216165
1339611,1503209,,,3273750,,,G,203.021,-5.5252,1300.17,,0.255688567844,-21.56,0.7571908720388806,33113112148.259075
1339612,1503210,,,3273752,,,G,203.023,-6.3501,474.242,,0.102612561306,-19.7,0.7571910926810657,5970352865.838366
1339613,1503211,,,3273754,,,G,202.989,-4.9121,695.0239999999999,,0.146065993033,-20.0,0.7571913835441129,7870457896.951001
1339614,1503212,,,3273755,,,G,203.0,-5.317,1288.25,,0.253637706819,-21.31,0.7571923555939902,26302679918.95381
1339615,1503213,,,3273760,,,G,202.967,-4.6558,510.505,,0.109906704953,-19.36,0.7571925169141153,4365158322.401666
1339616,1503214,,,3273761,,,G,202.979,-5.4393699999999985,364.754,,0.080174050087,-19.68,0.7571927335291266,5861381645.140297
1339617,1503215,,,3273763,,,G,202.969,-5.6625,586.138,,0.124914782457,-20.3,0.7571931169612988,10375284158.180126
1339618,1503216,,,3273764,,,G,202.973,-6.15439,474.242,,0.102612561306,-19.77,0.7571933522973976,6367955209.079162
1339619,1503217,,,3273765,,,G,202.956,-5.7105,557.186,,0.119201729601,-20.23,0.7571937117888343,9727472237.76964
1339620,1503218,,,3273767,,,G,202.93400000000003,-4.9129,329.61,,0.0728309764155,-18.47,0.7571937828591999,1923091728.9101613
1339621,1503219,,,3273768,,,G,202.946,-5.6068,1023.29,,0.207015583508,-20.82,0.7571944018562079,16749428760.26445
1339622,1503220,,,3273769,,,G,202.914,-4.6756,698.232,,0.146681503341,-20.35,0.7571948033589815,10864256236.170687
1339623,1503221,,,3273770,,,G,202.922,-4.8019,527.23,,0.113248856624,-19.33,0.7571949602826852,4246195639.4631295
1339624,1503222,,,3273771,,,G,202.91,-4.8243,895.365,,0.183725311863,-20.52,0.7571954298399345,12705741052.085394
1339625,1503223,,,3273772,,,G,202.928,-5.1563,950.605,,0.193850046925,-20.57,0.7571959215267352,13304544179.780985
1339626,1503224,,,3273773,,,G,202.918,-5.38558,1361.44,,0.266171773086,-21.41,0.7571969873582313,28840315031.266117
1339627,1503225,,,3273774,,,G,202.922,-5.70476,549.5409999999998,,0.117686578843,-19.41,0.7571971562811395,4570881896.148752
1339628,1503226,,,3273775,,,G,202.916,-5.78359,489.779,,0.105745762873,-19.11,0.7571972844222695,3467368504.525324
1339629,1503227,,,3273776,,,G,202.929,-5.93577,688.6519999999998,,0.144842322421,-20.17,0.7571976245864263,9204495717.53176
1339630,1503228,,,3273777,,,G,202.894,-4.57353,1106.62,,0.221901440951,-21.04,0.7571983826201895,20511621788.25571
1339631,1503229,,,3273778,,,G,202.899,-5.4342,704.693,,0.14791966396,-20.0,0.7571986734832368,7870457896.951001
1339632,1503230,,,3273779,,,G,202.882,-4.5642,619.441,,0.13143906572,-19.8,0.7571989154125818,6546361740.672761
1339633,1503231,,,3273781,,,G,202.875,-5.0338,701.455,,0.14729932365,-20.05,0.7571992199835823,8241381150.13003
1339634,1503232,,,3273782,,,G,202.885,-5.5651,701.455,,0.14729932365,-20.31,0.7571996069636086,10471285480.508986
1339635,1503233,,,3273783,,,G,202.89,-5.73,707.946,,0.148542524271,-19.92,0.7571998771656027,7311390834.834217
1339636,1503234,,,3273784,,,G,202.895,-5.7512,669.885,,0.141228220614,-19.94,0.7572001523910269,7447319739.059889
1339637,1503235,,,3273785,,,G,202.896,-5.8627,562.341,,0.120221700111,-19.5,0.7572003359132029,4965923214.503378
1339638,1503236,,,3273786,,,G,202.868,-4.8897,707.946,,0.148542524271,-19.93,0.7572006086153452,7379042301.291045
1339639,1503237,,,3273787,,,G,202.862,-5.3384,366.4380000000001,,0.08052412026210001,-18.53,0.7572006837237522,2032357010.936229
1339640,1503238,,,3273788,,,G,202.873,-5.7428,557.186,,0.119201729601,-19.75,0.7572009147644829,6251726927.756875
1339641,1503239,,,3273789,,,G,202.871,-5.79235,698.232,,0.146681503341,-20.24,0.7572012775822532,9817479430.199823
1339642,1503240,,,3273790,,,G,202.861,-5.8378,682.3389999999998,,0.143628101814,-20.1,0.7572015965072425,8629785477.669737
1339643,1503241,,,3273791,,,G,202.866,-5.9086,642.688,,0.135964147982,-19.94,0.7572018717326668,7447319739.059889
1339644,1503242,,,3273792,,,G,202.877,-5.9142,519.996,,0.111805105903,-19.85,0.7572021250637907,6854882264.526649
1339645,1503243,,,3273793,,,G,202.84,-5.41,549.5409999999998,,0.117686578843,-19.64,0.7572023338436256,5649369748.123057
1339646,1503244,,,3273794,,,G,202.852,-5.876,711.2139999999998,,0.149167694584,-20.37,0.7572027428108931,11066237839.776676
1339647,1503245,,,3273795,,,G,202.825,-5.0614,691.831,,0.145453002727,-19.86,0.7572029984860609,6918309709.18939
1339648,1503246,,,3273796,,,G,202.837,-5.4288,862.9789999999998,,0.17773967887000006,-20.98,0.7572037157657773,19408858775.92779
1339649,1503247,,,3273797,,,G,202.832,-5.69715,586.138,,0.124914782457,-19.8,0.7572039576951224,6546361740.672761
1339650,1503248,,,3273798,,,G,202.818,-4.9166,345.144,,0.07608555804280001,-18.38,0.7572040231118101,1770108958.3174183
1339651,1503249,,,3273799,,,G,202.818,-5.6358,711.2139999999998,,0.149167694584,-20.2,0.7572043728061071,9462371613.657913
1339652,1503250,,,3273800,,,G,202.785,-5.2753,597.035,,0.127055103528,-19.59,0.7572045721893015,5395106225.151268
1339653,1503251,,,3273801,,,G,202.787,-5.4571,1235.95,,0.244594262297,-21.15,0.7572054110474931,22698648518.838303
1339654,1503252,,,3273802,,,G,202.802,-5.5616,364.754,,0.080174050087,-18.48,0.7572054827754646,1940885877.5927796
1339655,1503253,,,3273803,,,G,202.8,-5.7631,682.3389999999998,,0.143628101814,-19.91,0.7572057505002319,7244359600.74989
1339656,1503254,,,3273804,,,G,202.806,-5.96509,701.455,,0.14729932365,-20.2,0.7572061001945289,9462371613.657913
1339657,1503255,,,3273805,,,G,202.781,-5.0006,331.131,,0.0731503865752,-18.71,0.7572061888465315,2398832919.019495
1339658,1503256,,,3273806,,,G,202.771,-5.6363,695.0239999999999,,0.146065993033,-19.86,0.7572064445216993,6918309709.18939
1339659,1503257,,,3273807,,,G,202.755,-5.0948,1318.26,,0.258793839397,-21.29,0.7572073988296669,25822601906.34601
1339660,1503258,,,3273808,,,G,202.724,-5.9361,698.232,,0.146681503341,-20.25,0.7572077650045486,9908319448.927729
1339661,1503259,,,3273809,,,G,202.708,-5.271,591.562,,0.12598074299,-20.27,0.7572081379871294,10092528860.766834
1339662,1503260,,,3273810,,,G,202.701,-5.7176,688.6519999999998,,0.144842322421,-20.41,0.7572085623022906,11481536214.968842
1339663,1503261,,,3273811,,,G,202.713,-5.8449,562.341,,0.120221700111,-19.52,0.7572087492363986,5058246620.031148
1339664,1503262,,,3273813,,,G,202.69,-5.5163,679.204,,0.143024771512,-20.13,0.7572090770964855,8871560120.37962
1339665,1503263,,,3273814,,,G,202.671,-4.8444,1282.33,,0.252617736309,-21.24,0.7572099884535194,24660393372.34336
1339666,1503264,,,3273816,,,G,202.657,-5.1495,1000.0,,0.202815791408,-20.96,0.7572106926414055,19054607179.632526
1339667,1503265,,,3273817,,,G,202.67,-5.416,554.626,,0.118694579347,-19.43,0.7572108647048251,4655860935.229601
1339668,1503266,,,3273819,,,G,202.651,-5.2799,928.966,,0.189896374948,-20.76,0.7572114504227968,15848931924.611176
1339669,1503267,,,3273821,,,G,202.641,-5.495,602.56,,0.128138284069,-19.74,0.7572116793453336,6194410750.767812
1339670,1503268,,,3273822,,,G,202.628,-4.6453,390.841,,0.08557924278960001,-18.7,0.7572117671845697,2376840286.6248736
1339671,1503269,,,3273823,,,G,202.62,-4.7478099999999985,731.1389999999999,,0.152970166485,-20.64,0.7572122916158041,14190575216.890957
1339672,1503270,,,3273824,,,G,202.627,-4.87082,389.045,,0.08520817260410002,-19.9,0.7572125568860559,7177942912.713644
1339673,1503271,,,3273825,,,G,202.633,-5.0835,981.748,,0.199512279756,-20.98,0.7572132741657723,19408858775.92779
1339674,1503272,,,3273826,,,G,202.637,-5.1658,542.001,,0.116189488095,-19.82,0.7572135205929198,6668067692.136246
1339675,1503273,,,3273827,,,G,202.635,-5.42721,688.6519999999998,,0.144842322421,-19.87,0.7572137786338209,6982324040.771733
1339676,1503274,,,3273828,,,G,202.6,-4.565,851.138,,0.175541817771,-20.93,0.7572144636306322,18535316234.148144
1339677,1503275,,,3273829,,,G,202.608,-4.72617,457.088,,0.0991389495695,-19.22,0.7572146054346545,3837072454.9228
1339678,1503276,,,3273830,,,G,202.608,-4.8635,920.45,,0.188336074168,-20.63,0.7572151250578745,14060475241.29913
1339679,1503277,,,3273831,,,G,202.607,-5.44756,619.441,,0.13143906572,-19.72,0.7572153498021039,6081350012.7871895
1339680,1503278,,,3273832,,,G,202.591,-5.3175,392.645,,0.0859515729758,-19.51,0.7572155350223897,5011872336.272736
1339681,1503279,,,3273833,,,G,202.594,-5.36259,474.242,,0.102612561306,-19.15,0.7572156679724534,3597493351.557431
1339682,1503280,,,3273834,,,G,202.595,-5.62649,474.242,,0.102612561306,-19.77,0.7572159033085522,6367955209.079162
1339683,1503281,,,3273836,,,G,202.577,-5.2764,704.693,,0.14791966396,-19.9,0.7572161685788041,7177942912.713644
1339684,1503282,,,3273838,,,G,202.557,-4.97765,476.431,,0.103054611527,-19.11,0.7572162967199341,3467368504.525324
1339685,1503283,,,3273839,,,G,202.561,-5.0437,619.441,,0.13143906572,-19.85,0.7572165500510579,6854882264.526649
1339686,1503284,,,3273840,,,G,202.529,-4.5019,724.436,,0.151692735846,-20.23,0.7572169095424947,9727472237.76964
1339687,1503285,,,3273841,,,G,202.543,-4.69407,724.436,,0.151692735846,-20.16,0.7572172465880076,9120108393.559114
1339688,1503286,,,3273842,,,G,202.538,-4.8396300000000005,537.0319999999998,,0.115201437601,-19.74,0.7572174755105444,6194410750.767812
1339689,1503287,,,3273843,,,G,202.515,-5.0187,552.077,,0.118189529095,-20.33,0.7572178696850665,10665961212.302591
1339690,1503288,,,3273844,,,G,202.528,-5.1051,489.779,,0.105745762873,-19.74,0.7572180986076034,6194410750.767812
1339691,1503289,,,3273847,,,G,202.503,-5.00303,476.431,,0.103054611527,-19.14,0.7572182303387736,3564511334.262453
1339692,1503290,,,3273848,,,G,202.507,-6.3248,580.764,,0.123857221929,-19.73,0.7572184571625359,6137620051.647945
1339693,1503291,,,3273849,,,G,202.473,-4.8642,539.511,,0.115694517847,-20.01,0.7572187507169059,7943282347.242822
1339694,1503292,,,3273850,,,G,202.487,-5.8479,329.61,,0.0728309764155,-19.23,0.7572188938330245,3872576449.216165
1339695,1503293,,,3273852,,,G,202.488,-6.1462,787.046,,0.163555011778,-20.53,0.7572193677350336,12823305826.560284
1339696,1503294,,,3273853,,,G,202.463,-4.7701,552.077,,0.118189529095,-19.69,0.7572195863543589,5915616341.754743
1339697,1503295,,,3273854,,,G,202.457,-5.0903,478.63,,0.103498551749,-19.37,0.7572197491671607,4405548635.065536
1339698,1503296,,,3273855,,,G,202.47,-5.21481,688.6519999999998,,0.144842322421,-19.93,0.757220021869303,7379042301.291045
1339699,1503297,,,3273857,,,G,202.472,-6.3141,619.441,,0.13143906572,-19.73,0.7572202486930654,6137620051.647945
1339700,1503298,,,3273858,,,G,202.452,-5.2129,698.232,,0.146681503341,-19.96,0.7572205290353123,7585775750.291882
1339701,1503299,,,3273859,,,G,202.457,-5.7511,306.196,,0.0678987039494,-19.01,0.7572206459014119,3162277660.16838
1339702,1503300,,,3273861,,,G,202.439,-5.6048,539.511,,0.115694517847,-20.05,0.7572209504724123,8241381150.13003
1339703,1503301,,,3273862,,,G,202.444,-6.4074,602.56,,0.128138284069,-20.39,0.7572213670429491,11271974561.75514
1339704,1503302,,,3273863,,,G,202.404,-4.8951,855.067,,0.176271568136,-20.57,0.7572218587297497,13304544179.780985
1339705,1503303,,,3273866,,,G,202.421,-5.3912,544.503,,0.116686558343,-19.8,0.7572221006590948,6546361740.672761
1339706,1503304,,,3273867,,,G,202.418,-5.72041,534.564,,0.114710247355,-19.6,0.7572223018871591,5445026528.424242
1339707,1503305,,,3273868,,,G,202.397,-4.9142,487.528,,0.105292582646,-19.49,0.7572224837267936,4920395356.814511
1339708,1503306,,,3273869,,,G,202.398,-5.0489,485.289,,0.104841502421,-19.93,0.7572227564289359,7379042301.291045
1339709,1503307,,,3273870,,,G,202.4,-5.459,539.511,,0.115694517847,-19.34,0.7572229148046368,4285485203.9743924
1339710,1503308,,,3273871,,,G,202.382,-4.7446,559.758,,0.119710769855,-20.28,0.7572232912383831,10185913880.541231
1339711,1503309,,,3273872,,,G,202.377,-4.9481,487.528,,0.105292582646,-19.54,0.7572234816478555,5152286445.817583
1339712,1503310,,,3273873,,,G,202.368,-5.136,1018.59,,0.206169493085,-20.7,0.7572240358759664,14996848355.02374
1339713,1503311,,,3273874,,,G,202.371,-5.9024,529.663,,0.113733956867,-20.09,0.757224351877034,8550667128.846841
1339714,1503312,,,3273875,,,G,202.382,-5.9857,633.87,,0.134250547125,-20.32,0.7572247424377423,10568175092.136606
1339715,1503313,,,3273876,,,G,202.364,-4.9967,485.289,,0.104841502421,-19.13,0.7572248729611938,3531831697.9195704
1339716,1503314,,,3273878,,,G,202.36,-6.15941,527.23,,0.113248856624,-19.53,0.7572250616249817,5105049999.754086
1339717,1503315,,,3273880,,,G,202.344,-4.9175,1013.91,,0.205326132663,-20.88,0.7572257157918579,17701089583.174183
1339718,1503316,,,3273881,,,G,202.334,-5.2843,383.707,,0.0841048320524,-18.87,0.7572258185197909,2779713267.759294
1339719,1503317,,,3273882,,,G,202.332,-6.0389,448.745,,0.097444038722,-19.26,0.7572259656454935,3981071705.534985
1339720,1503318,,,3273883,,,G,202.332,-6.1868,522.396,,0.112284326142,-19.95,0.7572262434175473,7516228940.182045
1339721,1503319,,,3273884,,,G,202.304,-4.506,326.588,,0.07219635609819999,-18.89,0.7572263480553352,2831391995.799391
1339722,1503320,,,3273886,,,G,202.295,-4.6903,335.73800000000006,,0.07411659705830001,-18.76,0.7572264408853777,2511886431.509582
1339723,1503321,,,3273887,,,G,202.29,-4.5506,368.129,,0.08087545043769999,-20.0,0.757226731748425,7870457896.951001
1339724,1503322,,,3273888,,,G,202.275,-4.5581,390.841,,0.08557924278960001,-19.52,0.7572269186825329,5058246620.031148
1339725,1503323,,,3273889,,,G,202.291,-4.65,444.631,,0.0966069783035,-19.93,0.7572271913846753,7379042301.291045
1339726,1503324,,,3273892,,,G,202.283,-5.2829,390.841,,0.08557924278960001,-19.68,0.7572274079996866,5861381645.140297
1339727,1503325,,,3273893,,,G,202.247,-5.1784,519.996,,0.111805105903,-19.24,0.7572275524400424,3908408957.9240093
1339728,1503326,,,3273894,,,G,202.242,-5.3156,862.9789999999998,,0.17773967887000006,-20.43,0.7572279846438115,11694993910.198748
1339729,1503327,,,3273895,,,G,202.248,-5.4531,401.791,,0.0878367439184,-19.21,0.7572281251477667,3801893963.205628
1339730,1503328,,,3273896,,,G,202.245,-5.7533,405.509,,0.0886017743009,-18.81,0.7572282223527544,2630267991.895381
1339731,1503329,,,3273897,,,G,202.257,-5.791,325.087,,0.07188072594039999,-18.39,0.7572282883747352,1786487574.8520534
1339732,1503330,,,3273898,,,G,202.237,-4.7826,704.693,,0.14791966396,-20.0,0.7572285792377825,7870457896.951001
1339733,1503331,,,3273900,,,G,202.239,-6.1381,529.663,,0.113733956867,-19.4,0.7572287466119962,4528975799.036214
1339734,1503332,,,3273901,,,G,202.228,-6.2446,383.707,,0.0841048320524,-19.63,0.7572289534777261,5597576014.951093
1339735,1503333,,,3273902,,,G,202.213,-5.5818,326.588,,0.07219635609819999,-18.54,0.7572290292811025,2051162178.8255708
1339736,1503334,,,3273903,,,G,202.22,-5.6404,933.254,,0.190681145341,-20.63,0.7572295489043225,14060475241.29913
1339737,1503335,,,3273905,,,G,202.202,-5.3431,862.9789999999998,,0.17773967887000006,-20.43,0.7572299811080915,11694993910.198748
1339738,1503336,,,3273906,,,G,202.196,-5.765,364.754,,0.080174050087,-18.92,0.7572300886774429,2910717118.06662
1339739,1503337,,,3273907,,,G,202.193,-5.85052,401.791,,0.0878367439184,-19.34,0.7572302470531438,4285485203.9743924
1339740,1503338,,,3273908,,,G,202.172,-5.2114,698.232,,0.146681503341,-20.02,0.7572305433237388,8016780633.876789
1339741,1503339,,,3273909,,,G,202.18,-5.397,366.4380000000001,,0.08052412026210001,-18.79,0.7572306387545357,2582260190.634601
1339742,1503340,,,3273910,,,G,202.152,-5.2195,701.455,,0.14729932365,-19.99,0.7572309269509344,7798301105.232576
1339743,1503341,,,3273911,,,G,202.167,-5.2912,608.135,,0.129229864615,-19.78,0.7572311644645713,6426877173.17022
1339744,1503342,,,3273912,,,G,202.157,-5.4893,512.861,,0.110378365189,-19.52,0.7572313513986793,5058246620.031148
1339745,1503343,,,3273913,,,G,202.172,-6.35946,986.279,,0.200333380167,-21.3,0.7572323145367497,26061535499.988976
1339746,1503344,,,3273914,,,G,202.146,-5.3058,610.942,,0.129778804889,-19.93,0.7572325872388921,7379042301.291045
1339747,1503345,,,3273916,,,G,202.125,-4.58574,727.78,,0.152330296165,-20.34,0.7572329850606662,10764652136.29835
1339748,1503346,,,3273917,,,G,202.095,-4.6458,1445.44,,0.280389620195,-21.52,0.7572341645351495,31915378551.00758
1339749,1503347,,,3273918,,,G,202.114,-6.2860000000000005,794.328,,0.164924632462,-20.64,0.7572346889663838,14190575216.890957
1339750,1503348,,,3273920,,,G,202.08900000000003,-6.1756,608.135,,0.129229864615,-20.51,0.7572351542187062,12589254117.941713
1339751,1503349,,,3273921,,,G,202.083,-6.2151,605.341,,0.128682814341,-20.03,0.7572354532306594,8090958991.783845
1339752,1503350,,,3273922,,,G,202.053,-4.569,346.737,,0.0764184082092,-18.97,0.7572355658695981,3047894989.6279826
1339753,1503351,,,3273923,,,G,202.022,-5.22029,512.861,,0.110378365189,-19.62,0.7572357708387715,5546257129.579103
1339754,1503352,,,3273924,,,G,202.04,-5.2799,465.586,,0.100861580431,-19.4,0.7572359382129852,4528975799.036214
1339755,1503353,,,3273925,,,G,202.01,-4.6079,527.23,,0.113248856624,-19.59,0.7572361375961796,5395106225.151268
1339756,1503354,,,3273926,,,G,202.012,-4.802,346.737,,0.0764184082092,-18.44,0.7572362067296805,1870682140.3658016
1339757,1503355,,,3273927,,,G,201.996,-5.7198,542.001,,0.116189488095,-19.46,0.7572363836136802,4786300923.226399
1339758,1503356,,,3273928,,,G,201.997,-6.0853,285.759,,0.0635666117833,-17.92,0.7572364264378102,1158777356.1551306
1339759,1503357,,,3273930,,,G,201.972,-4.6188,319.154,,0.07063248531619999,-18.45,0.7572364962109954,1887991349.0962925
1339760,1503358,,,3273931,,,G,201.977,-4.71065,524.807,,0.112765646383,-20.26,0.7572368657740515,10000000000.0
1339761,1503359,,,3273932,,,G,201.976,-5.1368,657.658,,0.138865509433,-20.02,0.7572371620446465,8016780633.876789
1339762,1503360,,,3273933,,,G,201.973,-5.3416,368.129,,0.08087545043769999,-18.73,0.7572372523448128,2443430552.693971
1339763,1503361,,,3273936,,,G,201.96400000000003,-5.07428,389.045,,0.08520817260410002,-19.71,0.7572374750285747,6025595860.743593
1339764,1503362,,,3273937,,,G,201.962,-5.1864300000000005,463.447,,0.100428350214,-19.22,0.7572376168325972,3837072454.9228
1339765,1503363,,,3273938,,,G,201.958,-5.43924,704.693,,0.14791966396,-19.91,0.7572378845573644,7244359600.74989
1339766,1503364,,,3273939,,,G,201.954,-5.7065,648.634,,0.137117678559,-19.72,0.7572381093015941,6081350012.7871895
1339767,1503365,,,3273940,,,G,201.938,-5.44648,374.973,,0.0822958911479,-18.77,0.7572382029905824,2535128630.497907
1339768,1503366,,,3273941,,,G,201.93400000000003,-5.4801,366.4380000000001,,0.08052412026210001,-19.1,0.7572383299569077,3435579478.998757
1339769,1503367,,,3273942,,,G,201.941,-5.492000000000001,616.595,,0.130883615442,-19.64,0.7572385387367425,5649369748.123057
1339770,1503368,,,3273943,,,G,201.945,-5.7385,1174.9,,0.233942216971,-21.37,0.7572395660160727,27797132677.59294
1339771,1503369,,,3273946,,,G,201.897,-5.05635,457.088,,0.0991389495695,-19.47,0.7572397445367598,4830588020.397738
1339772,1503370,,,3273947,,,G,201.9,-5.0756,398.107,,0.08707801353900001,-19.0,0.7572398603314245,3133285724.315589
1339773,1503371,,,3273949,,,G,201.908,-5.8312,487.528,,0.105292582646,-19.77,0.7572400956675233,6367955209.079162
1339774,1503372,,,3273951,,,G,201.885,-4.4985,1137.63,,0.227386853693,-21.33,0.757241085789157,26791683248.19037
1339775,1503373,,,3273952,,,G,201.877,-4.53848,369.828,,0.08122825061410001,-18.8,0.7572411821029641,2606153549.9988976
1339776,1503374,,,3273953,,,G,201.889,-4.62056,320.627,,0.07094265547129999,-19.17,0.7572413175247541,3664375746.478348
1339777,1503375,,,3273954,,,G,201.886,-5.4151,463.447,,0.100428350214,-19.01,0.7572414343908537,3162277660.16838
1339778,1503376,,,3273955,,,G,201.881,-5.8353,387.258,,0.08483899241949999,-19.34,0.7572415927665546,4285485203.9743924
1339779,1503377,,,3273959,,,G,201.851,-5.1089,636.7959999999998,,0.13481943741,-19.97,0.7572418757027762,7655966069.112569
1339780,1503378,,,3273960,,,G,201.853,-5.2702,630.957,,0.133683756842,-19.81,0.7572421198706659,6606934480.075964
1339781,1503379,,,3273963,,,G,201.787,-4.5424,549.5409999999998,,0.117686578843,-19.91,0.7572423875954334,7244359600.74989
1339782,1503380,,,3273964,,,G,201.8,-4.7222,527.23,,0.113248856624,-19.61,0.7572425906854382,5495408738.576271
1339783,1503381,,,3273965,,,G,201.778,-4.819,529.663,,0.113733956867,-19.65,0.7572428013970891,5701642722.807478
1339784,1503382,,,3273966,,,G,201.772,-5.3008,790.679,,0.164238562119,-20.44,0.7572432375999903,11803206356.517323
1339785,1503383,,,3273970,,,G,201.769,-5.1806,1674.94,,0.318393549197,-22.97,0.757247721836908,121338885046.49812
1339786,1503384,,,3273971,,,G,201.76,-5.2593,608.135,,0.129229864615,-20.31,0.7572481088169344,10471285480.508986
1339787,1503385,,,3273972,,,G,201.753,-5.7961,959.401,,0.195452557726,-21.53,0.7572492992049606,32210687912.834545
1339788,1503386,,,3273973,,,G,201.739,-5.2255,769.13,,0.160176320088,-20.65,0.7572498284886975,14321878992.735456
1339789,1503387,,,3273975,,,G,201.73,-4.7175,394.457,,0.08632537316269999,-19.29,0.7572499797363176,4092606597.3001275
1339790,1503388,,,3273976,,,G,201.718,-4.7259,744.732,,0.155555057778,-20.48,0.7572504323092226,12246161992.650517
1339791,1503389,,,3273977,,,G,201.724,-4.7815,392.645,,0.0859515729758,-18.67,0.7572505177545957,2312064790.1756077
1339792,1503390,,,3273978,,,G,201.723,-5.01,409.261,,0.08937310468660001,-19.87,0.7572507757954967,6982324040.771733
1339793,1503391,,,3273979,,,G,201.729,-5.0347,319.154,,0.07063248531619999,-18.91,0.7572508823786464,2884031503.1266
1339794,1503392,,,3273980,,,G,201.719,-5.1719,1164.13,,0.232052006026,-21.27,0.7572518192685306,25351286304.979076
1339795,1503393,,,3273982,,,G,201.732,-5.7033,827.942,,0.17122127561099998,-21.06,0.7572525913951936,20892961308.54041
1339796,1503394,,,3273983,,,G,201.729,-6.0228,1037.53,,0.209574644787,-21.64,0.7572539087068958,35645113342.624535
1339797,1503395,,,3273984,,,G,201.706,-5.1618900000000005,748.17,,0.156207738104,-20.15,0.7572542426623569,9036494737.223042
1339798,1503396,,,3273985,,,G,201.71,-5.3654,383.707,,0.0841048320524,-19.14,0.7572543743935269,3564511334.262453
1339799,1503397,,,3273986,,,G,201.687,-5.3615,337.287,,0.07444125722060001,-18.89,0.757254479031315,2831391995.799391
1339800,1503398,,,3273988,,,G,201.682,-5.6288,924.698,,0.189114754557,-20.79,0.7572550811589361,16292960326.397282
1339801,1503399,,,3273989,,,G,201.664,-5.7139,610.942,,0.129778804889,-20.1,0.7572554000839254,8629785477.669737
1339802,1503400,,,3273990,,,G,201.649,-4.9370699999999985,744.732,,0.155555057778,-20.31,0.7572557870639518,10471285480.508986
1339803,1503401,,,3273991,,,G,201.642,-4.9982,986.279,,0.200333380167,-21.02,0.7572565312620396,20137242498.62389
1339804,1503402,,,3273993,,,G,201.638,-5.0939999999999985,591.562,,0.12598074299,-19.65,0.7572567419736906,5701642722.807478
1339805,1503403,,,3273999,,,G,201.587,-5.5154,628.058,,0.13311927656,-19.83,0.7572569906810004,6729766562.843196
1339806,1503404,,,3274000,,,G,201.586,-5.7683,827.942,,0.17122127561099998,-20.56,0.7572574778599893,13182567385.564049
1339807,1503405,,,3274003,,,G,201.531,-4.77977,394.457,,0.08632537316269999,-19.04,0.7572575980002444,3250872973.8543468
1339808,1503406,,,3274004,,,G,201.54,-5.057,824.138,,0.170510845255,-20.48,0.7572580505731494,12246161992.650517
1339809,1503407,,,3274005,,,G,201.55,-5.2741,394.457,,0.08632537316269999,-19.6,0.7572582518012139,5445026528.424242
1339810,1503408,,,3274006,,,G,201.54,-5.4338,398.107,,0.08707801353900001,-18.84,0.7572583517295255,2703958364.108846
1339811,1503409,,,3274007,,,G,201.55,-5.474,387.258,,0.08483899241949999,-19.26,0.757258498855228,3981071705.534985
1339812,1503410,,,3274008,,,G,201.517,-5.17812,376.704,,0.08265478132739999,-18.88,0.7572586025336908,2805433637.9517045
1339813,1503411,,,3274010,,,G,201.527,-6.2802,899.498,,0.184486562243,-20.52,0.7572590720909401,12705741052.085394
1339814,1503412,,,3274011,,,G,201.523,-6.33535,721.107,,0.151057695529,-20.53,0.7572595459929492,12823305826.560284
1339815,1503413,,,3274012,,,G,201.502,-4.5601,392.645,,0.0859515729758,-19.38,0.7572597103122393,4446312674.691084
1339816,1503414,,,3274013,,,G,201.5,-4.7947,633.87,,0.134250547125,-20.34,0.7572601081340133,10764652136.29835
1339817,1503415,,,3274014,,,G,201.5,-5.1609,870.9639999999998,,0.17921891960900002,-20.48,0.7572605607069184,12246161992.650517
1339818,1503416,,,3274015,,,G,201.512,-5.22092,1047.13,,0.211296435648,-21.19,0.757261431046129,23550492838.96009
1339819,1503417,,,3274016,,,G,201.503,-5.3135,839.46,,0.173369156685,-21.06,0.757262203172792,20892961308.54041
1339820,1503418,,,3274017,,,G,201.508,-5.4547,368.129,,0.08087545043769999,-19.18,0.7572623398476244,3698281797.8026743
1339821,1503419,,,3274019,,,G,201.504,-6.2805,289.7340000000001,,0.06441123220560001,-18.7,0.7572624276868604,2376840286.6248736
1339822,1503420,,,3274020,,,G,201.49,-4.95437,688.6519999999998,,0.144842322421,-19.95,0.757262705458914,7516228940.182045
1339823,1503421,,,3274021,,,G,201.491,-5.4845,704.693,,0.14791966396,-20.05,0.7572630100299146,8241381150.13003
1339824,1503422,,,3274024,,,G,201.469,-4.5451,870.9639999999998,,0.17921891960900002,-20.62,0.7572635248892002,13931568029.453035
1339825,1503423,,,3274026,,,G,201.452,-4.4754,448.745,,0.097444038722,-19.84,0.7572637758977704,6792036326.171857
1339826,1503424,,,3274030,,,G,201.429,-5.2508,1492.79,,0.288328674164,-21.58,0.757265022387056,33728730865.886925
1339827,1503425,,,3274032,,,G,201.416,-4.5309,711.2139999999998,,0.149167694584,-20.45,0.7572654626260928,11912420080.273762
1339828,1503426,,,3274033,,,G,201.406,-5.4884,554.626,,0.118694579347,-19.75,0.7572656936668238,6251726927.756875
1339829,1503427,,,3274034,,,G,201.422,-5.5935,613.762,,0.130330055165,-19.92,0.757265963868818,7311390834.834217
1339830,1503428,,,3274035,,,G,201.418,-5.922999999999999,454.98800000000006,,0.09871264935630003,-19.62,0.7572661688379914,5546257129.579103
1339831,1503429,,,3274036,,,G,201.417,-6.2432,613.762,,0.130330055165,-19.71,0.7572663915217535,6025595860.743593
1339832,1503430,,,3274037,,,G,201.386,-4.8179,1028.02,,0.207866293933,-21.16,0.7572672381418042,22908676527.6777
1339833,1503431,,,3274038,,,G,201.389,-5.2917,859.0139999999999,,0.17700425850200002,-20.78,0.7572678347490859,16143585568.264938
1339834,1503432,,,3274039,,,G,201.376,-5.0079,461.318,,0.0999967999984,-19.39,0.7572680005888037,4487453899.331332
1339835,1503433,,,3274041,,,G,201.364,-4.8477,946.237,,0.193053306527,-20.58,0.7572684968251264,13427649611.378641
1339836,1503434,,,3274042,,,G,201.353,-5.5048,827.942,,0.17122127561099998,-20.47,0.7572689452488182,12133888504.649809
1339837,1503435,,,3274046,,,G,201.316,-4.6603,517.607,,0.111327565664,-19.76,0.7572691784273425,6309573444.801943
1339838,1503436,,,3274047,,,G,201.315,-4.75015,519.996,,0.111805105903,-19.72,0.7572694031715721,6081350012.7871895
1339839,1503437,,,3274048,,,G,201.326,-5.0939,616.595,,0.130883615442,-19.81,0.7572696473394619,6606934480.075964
1339840,1503438,,,3274050,,,G,201.312,-6.3505,1870.68,,0.349926534963,-22.33,0.7572721344125594,67297665628.43196
1339841,1503439,,,3274051,,,G,201.29,-4.5932,366.4380000000001,,0.08052412026210001,-19.32,0.7572722898975779,4207266283.8444633
1339842,1503440,,,3274052,,,G,201.291,-5.5546,827.942,,0.17122127561099998,-20.89,0.7572729501173857,17864875748.52061
1339843,1503441,,,3274054,,,G,201.296,-6.1203,899.498,,0.184486562243,-20.52,0.7572734196746351,12705741052.085394
1339844,1503442,,,3274055,,,G,201.258,-4.6282,1111.73,,0.222807381404,-21.08,0.7572742061562046,21281390459.827183
1339845,1503443,,,3274056,,,G,201.278,-5.2804,698.232,,0.146681503341,-20.08,0.7572745192601568,8472274141.40598
1339846,1503444,,,3274059,,,G,201.251,-5.9253,679.204,,0.143024771512,-19.94,0.7572747944855811,7447319739.059889
1339847,1503445,,,3274060,,,G,201.249,-6.04609,354.8130000000001,,0.078104079052,-19.05,0.7572749157374803,3280952931.131191
1339848,1503446,,,3274061,,,G,201.229,-5.0354,666.807,,0.140634130317,-20.0,0.7572752066005276,7870457896.951001
1339849,1503447,,,3274064,,,G,201.215,-4.5971,1004.62,,0.203650331825,-21.28,0.7572761521593471,25585858869.05653
1339850,1503448,,,3274065,,,G,201.22,-4.8317,345.144,,0.07608555804280001,-19.09,0.757276277961638,3404081897.010009
1339851,1503449,,,3274066,,,G,201.21,-5.2215,448.745,,0.097444038722,-18.93,0.7572763865263162,2937649651.9615426
1339852,1503450,,,3274067,,,G,201.221,-5.34,519.996,,0.111805105903,-19.86,0.7572766422014839,6918309709.18939
1339853,1503451,,,3274069,,,G,201.213,-6.20546,827.942,,0.17122127561099998,-20.65,0.7572771714852209,14321878992.735456
1339854,1503452,,,3274070,,,G,201.19,-4.66709,345.144,,0.07608555804280001,-19.36,0.7572773328053459,4365158322.401666
1339855,1503453,,,3274071,,,G,201.189,-5.1370000000000005,924.698,,0.189114754557,-20.66,0.757277866986485,14454397707.459282
1339856,1503454,,,3274072,,,G,201.205,-5.5675,899.498,,0.184486562243,-20.83,0.7572784917110018,16904409316.4327
1339857,1503455,,,3274073,,,G,201.193,-5.9793,847.227,,0.17481479740699998,-21.08,0.7572792781925713,21281390459.827183
1339858,1503456,,,3274074,,,G,201.191,-6.0228,519.996,,0.111805105903,-19.56,0.7572794721420203,5248074602.497712
1339859,1503457,,,3274076,,,G,201.164,-5.3369,820.352,,0.16980335490200002,-21.0,0.7572802027569622,19769696401.11866
1339860,1503458,,,3274077,,,G,201.161,-5.4585,369.828,,0.08122825061410001,-19.09,0.7572803285592531,3404081897.010009
1339861,1503459,,,3274081,,,G,201.112,-4.5976300000000005,392.645,,0.0859515729758,-19.28,0.7572804784202267,4055085354.48386
1339862,1503460,,,3274082,,,G,201.098,-5.3363,827.942,,0.17122127561099998,-20.93,0.757281163417038,18535316234.148144
1339863,1503461,,,3274083,,,G,201.116,-5.5207,827.942,,0.17122127561099998,-20.3,0.7572815468492102,10375284158.180126
1339864,1503462,,,3274085,,,G,201.088,-5.9507,870.9639999999998,,0.17921891960900002,-20.91,0.7572822193434207,18197008586.099827
1339865,1503463,,,3274086,,,G,201.095,-6.1624,941.89,,0.19225971613,-20.89,0.7572828795632285,17864875748.52061
1339866,1503464,,,3274088,,,G,201.046,-4.67,389.045,,0.08520817260410002,-18.94,0.7572829891324433,2964831389.524339
1339867,1503465,,,3274089,,,G,201.052,-4.6768,1056.82,,0.213031246516,-21.29,0.757283943440411,25822601906.34601
1339868,1503466,,,3274091,,,G,201.044,-5.1846,794.328,,0.164924632462,-20.33,0.7572843376149331,10665961212.302591
1339869,1503467,,,3274094,,,G,201.055,-5.7877,827.942,,0.17122127561099998,-20.54,0.7572848159019034,12941958414.499916
1339870,1503468,,,3274097,,,G,201.035,-5.99626,751.623,,0.156862728431,-20.47,0.7572852643255952,12133888504.649809
1339871,1503469,,,3274099,,,G,201.012,-5.7748,820.352,,0.16980335490200002,-21.17,0.7572861187793248,23120647901.75608
1339872,1503470,,,3274100,,,G,201.028,-6.1254,824.138,,0.170510845255,-21.05,0.7572868838270881,20701413487.910458
1339873,1503471,,,3274102,,,G,201.0,-5.5582,916.22,,0.18756012378,-20.9,0.7572875501558346,18030177408.5957
1339874,1503472,,,3274103,,,G,200.982,-5.5888,340.408,,0.0750947775474,-18.52,0.7572876245756432,2013724249.8623896
1339875,1503473,,,3274104,,,G,200.982,-5.8991,496.592,,0.107115803558,-19.3,0.7572877772227404,4130475019.9016094
1339876,1503474,,,3274106,,,G,200.953,-4.6937,314.775,,0.06970974485489999,-18.99,0.7572878919557933,3104559588.128349
1339877,1503475,,,3274107,,,G,200.968,-5.6023,314.775,,0.06970974485489999,-19.2,0.7572880311716004,3767037989.8390775
1339878,1503476,,,3274109,,,G,200.932,-4.5658,398.107,,0.08707801353900001,-18.99,0.7572881459046533,3104559588.128349
1339879,1503477,,,3274110,,,G,200.919,-5.1689,920.45,,0.188336074168,-20.64,0.7572886703358878,14190575216.890957
1339880,1503478,,,3274111,,,G,200.931,-6.3897,608.135,,0.129229864615,-20.48,0.7572891229087928,12246161992.650517
1339881,1503479,,,3274112,,,G,200.915,-5.6051,630.957,,0.133683756842,-19.79,0.7572893626201164,6486344335.482401
1339882,1503480,,,3274113,,,G,200.882,-4.8127,899.498,,0.184486562243,-20.8,0.7572899703191557,16443717232.149357
1339883,1503481,,,3274114,,,G,200.89,-4.9953,809.096,,0.167696213848,-20.36,0.7572903755369887,10964781961.431871
1339884,1503482,,,3274115,,,G,200.891,-5.9019,843.335,,0.174090507045,-20.38,0.7572907882883837,11168632477.805613
1339885,1503483,,,3274116,,,G,200.894,-5.9844,870.9639999999998,,0.17921891960900002,-20.87,0.7572914364578219,17538805018.417603
1339886,1503484,,,3274117,,,G,200.876,-4.5762,862.9789999999998,,0.17773967887000006,-20.71,0.7572919958141424,15135612484.362131
1339887,1503485,,,3274120,,,G,200.858,-5.9548,824.138,,0.170510845255,-20.26,0.7572923653771986,10000000000.0
1339888,1503486,,,3274121,,,G,200.838,-4.9539,319.154,,0.07063248531619999,-18.3,0.7572924261471025,1644371723.2149289
1339889,1503487,,,3274123,,,G,200.833,-5.6114,474.242,,0.102612561306,-19.58,0.7572926237023407,5345643593.969735
1339890,1503488,,,3274124,,,G,200.812,-4.9723,704.693,,0.14791966396,-20.56,0.7572931108813297,13182567385.564049
1339891,1503489,,,3274125,,,G,200.80900000000003,-5.9162,879.023,,0.180709710355,-20.37,0.7572935198485972,11066237839.776676
1339892,1503490,,,3274126,,,G,200.802,-5.8789,941.89,,0.19225971613,-20.54,0.7572939981355675,12941958414.499916
1339893,1503491,,,3274127,,,G,200.777,-5.3469,625.173,,0.132557106279,-20.77,0.7572945892731209,15995580286.146713
1339894,1503492,,,3274128,,,G,200.778,-6.2131,986.279,,0.200333380167,-20.6,0.7572950947351657,13677288255.958578
1339895,1503493,,,3274129,,,G,200.752,-4.9128,594.2919999999998,,0.12651687325799998,-19.56,0.7572952886846146,5248074602.497712
1339896,1503494,,,3274130,,,G,200.755,-5.582000000000002,369.828,,0.08122825061410001,-18.63,0.7572953710393449,2228435149.2702985
1339897,1503495,,,3274131,,,G,200.772,-5.9348,827.942,,0.17122127561099998,-20.52,0.7572958405965942,12705741052.085394
1339898,1503496,,,3274132,,,G,200.734,-4.9562,373.25,,0.0819384709692,-18.56,0.7572959178092605,2089296130.8540325
1339899,1503497,,,3274133,,,G,200.74,-5.18003,381.944,,0.08374006187000001,-19.06,0.7572960401830898,3311311214.8259077
1339900,1503498,,,3274134,,,G,200.74400000000003,-5.4313,586.138,,0.124914782457,-20.34,0.7572964380048639,10764652136.29835
1339901,1503499,,,3274135,,,G,200.735,-5.4978,371.535,,0.0815827307914,-19.02,0.7572965559523123,3191537855.1007576
1339902,1503500,,,3274136,,,G,200.752,-6.0522,394.457,,0.08632537316269999,-19.03,0.7572966749911149,3221068791.283441
1339903,1503501,,,3274137,,,G,200.698,-4.8753,866.962,,0.17847782923900002,-20.84,0.7572973054961365,17060823890.03121
1339904,1503502,,,3274138,,,G,200.681,-5.3754,552.077,,0.118189529095,-19.9,0.7572975707663884,7177942912.713644
1339905,1503503,,,3274139,,,G,200.696,-5.9944,954.993,,0.194649727325,-20.7,0.7572981249944993,14996848355.02374
1339906,1503504,,,3274140,,,G,200.675,-4.5238,374.973,,0.0822958911479,-18.57,0.7572982029216057,2108628149.9332972
1339907,1503505,,,3274142,,,G,200.672,-5.0045,1009.25,,0.204485922243,-21.34,0.757299202204722,27039583641.088463
1339908,1503506,,,3274143,,,G,200.666,-5.41127,413.048,,0.0901507350754,-19.53,0.7572993908685101,5105049999.754086
1339909,1503507,,,3274144,,,G,200.665,-6.03569,409.261,,0.08937310468660001,-19.02,0.7572995088159584,3191537855.1007576
1339910,1503508,,,3274145,,,G,200.651,-4.6238,741.31,,0.154905107453,-20.45,0.7572999490549953,11912420080.273762
1339911,1503509,,,3274146,,,G,200.652,-5.5496,701.455,,0.14729932365,-20.28,0.7573003254887416,10185913880.541231
1339912,1503510,,,3274147,,,G,200.656,-5.7629,843.335,,0.174090507045,-20.41,0.7573007498039028,11481536214.968842
1339913,1503511,,,3274148,,,G,200.66,-5.9935,369.828,,0.08122825061410001,-19.17,0.7573008852256928,3664375746.478348
1339914,1503512,,,3274149,,,G,200.639,-4.6829,465.586,,0.100861580431,-19.3,0.7573010378727899,4130475019.9016094
1339915,1503513,,,3274150,,,G,200.613,-4.50802,381.944,,0.08374006187000001,-18.9,0.7573011434787794,2857590543.374955
1339916,1503514,,,3274151,,,G,200.607,-5.0439,519.996,,0.111805105903,-20.29,0.7573015233956242,10280162981.264746
1339917,1503515,,,3274152,,,G,200.616,-5.9553,827.942,,0.17122127561099998,-20.3,0.7573019068277963,10375284158.180126
1339918,1503516,,,3274153,,,G,200.616,-6.19635,465.586,,0.100861580431,-20.37,0.7573023157950638,11066237839.776676
1339919,1503517,,,3274155,,,G,200.596,-5.5707,446.684,,0.09702466851230003,-19.6,0.7573025170231282,5445026528.424242
1339920,1503518,,,3274157,,,G,200.594,-5.8349,478.63,,0.103498551749,-19.7,0.7573027376653133,5970352865.838366
1339921,1503519,,,3274159,,,G,200.588,-5.49912,616.595,,0.130883615442,-19.85,0.757302990996437,6854882264.526649
1339922,1503520,,,3274161,,,G,200.565,-4.5795,369.828,,0.08122825061410001,-18.51,0.7573030647339609,1995262314.9688828
1339923,1503521,,,3274162,,,G,200.566,-4.64375,378.443,,0.0830151415076,-18.64,0.7573031478507103,2249054605.835792
1339924,1503522,,,3274163,,,G,200.564,-5.1177,1018.59,,0.206169493085,-20.74,0.7573037228781242,15559656316.05075
1339925,1503523,,,3274164,,,G,200.55900000000003,-5.52837,1056.82,,0.213031246516,-21.17,0.7573045773318539,23120647901.75608
1339926,1503524,,,3274166,,,G,200.565,-5.9402,968.278,,0.197067248534,-20.71,0.7573051366881743,15135612484.362131
1339927,1503525,,,3274167,,,G,200.564,-6.0224,827.942,,0.17122127561099998,-20.94,0.757305828023183,18706821403.658016
1339928,1503526,,,3274170,,,G,200.501,-5.8263,839.46,,0.173369156685,-20.94,0.7573065193581917,18706821403.658016
1339929,1503527,,,3274173,,,G,200.505,-6.0725,434.51,,0.0945437272719,-18.98,0.7573066330393657,3076096814.740705
1339930,1503528,,,3274174,,,G,200.486,-6.0035,859.0139999999999,,0.17700425850200002,-20.37,0.7573070420066332,11066237839.776676
1339931,1503529,,,3274175,,,G,200.474,-4.8392,820.352,,0.16980335490200002,-20.88,0.7573076961735095,17701089583.174183
1339932,1503530,,,3274176,,,G,200.479,-6.1217,1158.78,,0.231111835556,-21.11,0.7573085046893812,21877616239.49561
1339933,1503531,,,3274178,,,G,200.433,-5.9863,529.663,,0.113733956867,-19.7,0.7573087253315662,5970352865.838366
1339934,1503532,,,3274179,,,G,200.408,-4.6863,714.4960000000002,,0.149795174898,-19.93,0.7573089980337085,7379042301.291045
1339935,1503533,,,3274180,,,G,200.376,-4.9157,1076.47,,0.21654034827,-20.81,0.7573096113557181,16595869074.375563
1339936,1503534,,,3274181,,,G,200.389,-5.0597,820.352,,0.16980335490200002,-20.57,0.7573101030425186,13304544179.780985
1339937,1503535,,,3274182,,,G,200.388,-5.0957,1185.77,,0.235846497923,-21.18,0.7573109654024113,23334580622.810143
1339938,1503536,,,3274183,,,G,200.389,-5.5317,519.996,,0.111805105903,-19.89,0.7573112282406509,7112135136.533323
1339939,1503537,,,3274184,,,G,200.377,-6.2606,291.072,,0.0646953623477,-18.58,0.7573113068888078,2128139045.9827175
1339940,1503538,,,3274186,,,G,200.34,-4.6018,981.748,,0.199512279756,-20.93,0.7573119918856192,18535316234.148144
1339941,1503539,,,3274188,,,G,200.343,-5.1795,387.258,,0.08483899241949999,-18.94,0.7573121014548341,2964831389.524339
1339942,1503540,,,3274190,,,G,200.328,-5.7101,779.83,,0.162195681098,-21.1,0.7573129025581875,21677041048.19705
1339943,1503541,,,3274191,,,G,200.314,-5.6891,534.564,,0.114710247355,-19.4,0.7573130699324013,4528975799.036214
1339944,1503542,,,3274192,,,G,200.284,-6.1451,438.531,,0.095363987682,-19.4,0.7573132373066149,4528975799.036214
1339945,1503543,,,3274193,,,G,200.273,-5.1332,319.154,,0.07063248531619999,-18.65,0.7573133211924342,2269864851.883821
1339946,1503544,,,3274194,,,G,200.245,-5.029,933.254,,0.190681145341,-21.02,0.757314065390522,20137242498.62389
1339947,1503545,,,3274195,,,G,200.255,-5.3134,554.626,,0.118694579347,-19.75,0.7573142964312529,6251726927.756875
1339948,1503546,,,3274196,,,G,200.255,-6.1831,835.6030000000002,,0.172650326325,-20.27,0.7573146694138339,10092528860.766834
1339949,1503547,,,3274197,,,G,200.264,-6.2861,428.549,,0.09332614666310003,-19.7,0.7573148900560189,5970352865.838366
1339950,1503548,,,3274198,,,G,200.232,-5.0322,539.511,,0.115694517847,-19.5,0.7573150735781949,4965923214.503378
1339951,1503549,,,3274199,,,G,200.239,-5.276,805.378,,0.1669992235,-20.43,0.7573155057819639,11694993910.198748
1339952,1503550,,,3274200,,,G,200.236,-6.2223,859.0139999999999,,0.17700425850200002,-20.33,0.7573158999564861,10665961212.302591
1339953,1503551,,,3274201,,,G,200.211,-4.8806,1091.44,,0.219205669603,-21.13,0.7573167235037901,22284351492.702984
1339954,1503552,,,3274202,,,G,200.21,-5.1923,920.45,,0.188336074168,-20.99,0.7573174474204141,19588446735.05989
1339955,1503553,,,3274204,,,G,200.21,-5.32685,1018.59,,0.206169493085,-21.44,0.7573185431125631,29648313895.24352
1339956,1503554,,,3274208,,,G,200.205,-4.7163,862.9789999999998,,0.17773967887000006,-20.91,0.7573192156067735,18197008586.099827
1339957,1503555,,,3274209,,,G,200.203,-5.3746,839.46,,0.173369156685,-20.36,0.7573196208246066,10964781961.431871
1339958,1503556,,,3274210,,,G,200.191,-5.4035,903.649,,0.185250332625,-20.64,0.7573201452558409,14190575216.890957
1339959,1503557,,,3274213,,,G,200.176,-4.6629,619.441,,0.13143906572,-20.67,0.7573206843796972,14588142602.753534
1339960,1503558,,,3274214,,,G,200.176,-5.1398,494.311,,0.106657373329,-19.66,0.757320897041039,5754399373.371567
1339961,1503559,,,3274216,,,G,200.163,-4.7061,972.747,,0.19787910894,-20.61,0.7573214071800665,13803842646.028866
1339962,1503560,,,3274217,,,G,200.156,-5.1109,1111.73,,0.222807381404,-20.94,0.7573220985150751,18706821403.658016
1339963,1503561,,,3274218,,,G,200.163,-5.2588,591.562,,0.12598074299,-21.38,0.7573231352997041,28054336379.51716
1339964,1503562,,,3274220,,,G,200.165,-5.38099,542.001,,0.116189488095,-20.0,0.7573234261627513,7870457896.951001
1339965,1503563,,,3274221,,,G,200.156,-5.9147,1264.74,,0.249581764791,-21.64,0.7573247434744533,35645113342.624535
1339966,1503564,,,3274222,,,G,200.156,-6.1505,619.441,,0.13143906572,-19.61,0.7573249465644581,5495408738.576271
1339967,1503565,,,3274223,,,G,200.124,-4.8098,544.503,,0.116686558343,-20.03,0.7573252455764113,8090958991.783845
1339968,1503566,,,3274225,,,G,200.117,-5.0107,414.954,,0.090541965271,-18.86,0.757325347362529,2754228703.338175
1339969,1503567,,,3274226,,,G,200.134,-5.5121,562.341,,0.120221700111,-19.56,0.7573255413119779,5248074602.497712
1339970,1503568,,,3274228,,,G,200.098,-4.6493,959.401,,0.195452557726,-20.9,0.7573262076407243,18030177408.5957
1339971,1503569,,,3274229,,,G,200.109,-4.8196,1180.32,,0.234892257446,-21.08,0.757326994122294,21281390459.827183
1339972,1503570,,,3274230,,,G,200.115,-4.9265,619.441,,0.13143906572,-19.84,0.7573272451308641,6792036326.171857
1339973,1503571,,,3274231,,,G,200.11,-6.117000000000001,933.254,,0.190681145341,-20.87,0.7573278933003025,17538805018.417603
1339974,1503572,,,3274232,,,G,200.084,-4.54362,619.441,,0.13143906572,-20.0,0.7573281841633497,7870457896.951001
1339975,1503573,,,3274234,,,G,200.091,-5.54285,539.511,,0.115694517847,-19.81,0.7573284283312395,6606934480.075964
1339976,1503574,,,3274236,,,G,200.091,-6.1485,714.4960000000002,,0.149795174898,-20.31,0.7573288153112657,10471285480.508986
1339977,1503575,,,3274238,,,G,200.07,-4.7341,928.966,,0.189896374948,-20.7,0.7573293695393767,14996848355.02374
1339978,1503576,,,3274239,,,G,200.079,-4.9242599999999985,619.441,,0.13143906572,-20.02,0.7573296658099717,8016780633.876789
1339979,1503577,,,3274241,,,G,200.075,-6.0819,933.254,,0.190681145341,-20.6,0.7573301712720164,13677288255.958578
1339980,1503578,,,3274242,,,G,200.047,-4.5845,341.9790000000001,,0.0754236377118,-19.22,0.7573303130760387,3837072454.9228
1339981,1503579,,,3274243,,,G,200.046,-4.7585,625.173,,0.132557106279,-20.12,0.7573306379302863,8790225168.308859
1339982,1503580,,,3274244,,,G,200.053,-5.3106,1584.89,,0.303622141811,-22.08,0.7573326134826696,53456435939.697365
1339983,1503581,,,3274245,,,G,200.025,-4.6095,616.595,,0.130883615442,-19.91,0.7573328812074368,7244359600.74989
1339984,1503582,,,3274246,,,G,200.03,-5.5874,522.396,,0.112284326142,-19.26,0.7573330283331394,3981071705.534985
1339985,1503583,,,3274247,,,G,200.036,-5.9555,839.46,,0.173369156685,-20.76,0.7573336140511111,15848931924.611176
1339987,1503585,,,3274252,,,G,200.01,-5.9743,862.9789999999998,,0.17773967887000006,-20.51,0.7573343545288578,12589254117.941713
1340035,1503633,,,3274316,,,G,202.978,-6.38898,519.996,,0.111805105903,-19.8,0.7573506784939891,6546361740.672761
1340036,1503634,,,3274317,,,G,202.806,-6.4995,478.63,,0.103498551749,-19.17,0.7573508139157791,3664375746.478348
1340037,1503635,,,3274318,,,G,202.723,-6.537000000000001,787.046,,0.163555011778,-20.87,0.7573514620852174,17538805018.417603
1340038,1503636,,,3274319,,,G,202.523,-6.4174,741.31,,0.154905107453,-20.25,0.7573518282600992,9908319448.927729
1340039,1503637,,,3274320,,,G,202.179,-6.3878,605.341,,0.128682814341,-19.97,0.7573521111963206,7655966069.112569
1340040,1503638,,,3274321,,,G,201.266,-6.4176,1399.59,,0.272650696325,-21.54,0.7573533125988718,32508729738.543476
1340041,1503639,,,3274322,,,G,201.237,-6.4292,1931.97,,0.359648279824,-22.18,0.7573554787489853,58613816451.40298
1340042,1503640,,,3274323,,,G,201.217,-6.4317,1940.89,,0.361057590529,-22.13,0.7573575474062839,55975760149.51093
1340043,1503641,,,3274325,,,G,201.118,-6.5244,883.08,,0.18145920073,-20.93,0.7573582324030952,18535316234.148144
1340044,1503642,,,3274326,,,G,200.978,-6.5347,1213.39,,0.240670200335,-21.22,0.7573591271259885,24210290467.3618
1340045,1503643,,,3274327,,,G,200.495,-6.4741,1367.73,,0.267242353621,-21.62,0.7573604203940424,34994516702.83577
1340046,1503644,,,3274328,,,G,208.143,-3.99068,1425.61,,0.27704872852400003,-21.75,0.7573618781625028,39445730207.528015
1340047,1503645,,,3274329,,,G,208.148,-5.03737,542.001,,0.116189488095,-19.56,0.7573620721119517,5248074602.497712
1340048,1503646,,,3274330,,,G,208.136,-3.5224,645.654,,0.13653975827,-20.12,0.7573623969661993,8790225168.308859
1340049,1503647,,,3274331,,,G,208.125,-2.75394,329.61,,0.0728309764155,-18.75,0.7573624889451711,2488857318.2823954
1340050,1503648,,,3274332,,,G,208.135,-4.5821,371.535,,0.0815827307914,-18.94,0.7573625985143859,2964831389.524339
1340051,1503649,,,3274336,,,G,208.111,-2.7608,364.754,,0.080174050087,-18.58,0.7573626771625428,2128139045.9827175
1340052,1503650,,,3274338,,,G,208.109,-3.8024,695.0239999999999,,0.146065993033,-20.21,0.7573630300925215,9549925860.214407
1340053,1503651,,,3274340,,,G,208.091,-3.9713,380.189,,0.0833767616884,-18.65,0.7573631139783406,2269864851.883821
1340054,1503652,,,3274342,,,G,208.086,-4.0359,1185.77,,0.235846497923,-21.51,0.7573642826393367,31622776601.683792
1340055,1503653,,,3274343,,,G,208.076,-3.15632,591.562,,0.12598074299,-20.0,0.757364573502384,7870457896.951001
1340056,1503654,,,3274345,,,G,208.055,-2.8111,463.447,,0.100428350214,-19.03,0.7573646925411867,3221068791.283441
1340057,1503655,,,3274346,,,G,208.06,-4.0392,519.996,,0.111805105903,-19.32,0.7573648480262052,4207266283.8444633
1340058,1503656,,,3274347,,,G,208.061,-4.7038,642.688,,0.135964147982,-20.04,0.7573651498048818,8165823713.585939
1340059,1503657,,,3274348,,,G,208.053,-3.730080000000001,337.287,,0.07444125722060001,-18.87,0.7573652525328148,2779713267.759294
1340060,1503658,,,3274350,,,G,208.044,-4.3033,645.654,,0.13653975827,-20.17,0.7573655926969715,9204495717.53176
1340061,1503659,,,3274351,,,G,208.037,-3.6425,299.226,,0.066424083212,-18.72,0.7573656821692608,2421029046.7361803
1340062,1503660,,,3274352,,,G,208.03,-2.8017,465.586,,0.100861580431,-19.36,0.757365843489386,4365158322.401666
1340063,1503661,,,3274353,,,G,208.035,-4.0448,597.035,,0.127055103528,-19.86,0.7573660991645538,6918309709.18939
1340064,1503662,,,3274354,,,G,208.022,-3.8874,1196.74,,0.237764848882,-21.42,0.7573671748580673,29107171180.6662
1340065,1503663,,,3274355,,,G,208.011,-3.7622,824.138,,0.170510845255,-20.63,0.7573676944812872,14060475241.29913
1340066,1503664,,,3274356,,,G,207.993,-3.33331,1071.52,,0.215657507829,-21.07,0.7573684737523504,21086281499.332973
1340067,1503665,,,3274357,,,G,207.988,-2.9904,809.096,,0.167696213848,-20.37,0.7573688827196179,11066237839.776676
1340068,1503666,,,3274358,,,G,207.99,-4.6884,428.549,,0.09332614666310003,-19.58,0.7573690802748562,5345643593.969735
1340069,1503667,,,3274359,,,G,207.985,-5.01694,498.884,,0.107576333788,-19.43,0.7573692523382757,4655860935.229601
1340070,1503668,,,3274360,,,G,207.972,-3.517,337.287,,0.07444125722060001,-18.87,0.7573693550662087,2779713267.759294
1340071,1503669,,,3274361,,,G,207.968,-2.91296,463.447,,0.100428350214,-19.44,0.7573695287217116,4698941086.05216
1340072,1503670,,,3274363,,,G,207.973,-3.8989,851.138,,0.175541817771,-21.21,0.7573704152417362,23988329190.195045
1340073,1503671,,,3274364,,,G,207.969,-4.9086,539.511,,0.115694517847,-19.51,0.757370600462022,5011872336.272736
1340074,1503672,,,3274365,,,G,207.941,-3.01024,461.318,,0.0999967999984,-19.55,0.7573707926333315,5199959965.335173
1340075,1503673,,,3274366,,,G,207.945,-4.33292,424.62,,0.0925224762612,-19.54,0.7573709830428039,5152286445.817583
1340076,1503674,,,3274367,,,G,207.928,-3.21221,591.562,,0.12598074299,-19.88,0.757371243471328,7046930689.671453
1340077,1503675,,,3274368,,,G,207.929,-4.2815,426.58,,0.0929235764618,-19.01,0.7573713603374276,3162277660.16838
1340078,1503676,,,3274369,,,G,207.927,-4.0843,529.663,,0.113733956867,-20.0,0.7573716512004749,7870457896.951001
1340079,1503677,,,3274371,,,G,207.918,-2.8325,698.232,,0.146681503341,-19.89,0.7573719140387145,7112135136.533323
1340080,1503678,,,3274372,,,G,207.902,-4.1039,597.035,,0.127055103528,-20.55,0.7573723967512196,13061708881.318405
1340081,1503679,,,3274374,,,G,207.862,-4.9909,801.678,,0.166305173153,-20.45,0.7573728369902566,11912420080.273762
1340082,1503680,,,3274376,,,G,207.827,-4.2923,648.634,,0.137117678559,-20.08,0.7573731500942088,8472274141.40598
1340083,1503681,,,3274377,,,G,207.821,-3.5861,369.828,,0.08122825061410001,-19.38,0.7573733144134989,4446312674.691084
1340084,1503682,,,3274378,,,G,207.818,-3.55271,839.46,,0.173369156685,-20.42,0.7573737426547998,11587773561.55131
1340085,1503683,,,3274379,,,G,207.817,-4.1964,529.663,,0.113733956867,-19.7,0.7573739632969849,5970352865.838366
1340086,1503684,,,3274380,,,G,207.80900000000003,-2.74755,454.98800000000006,,0.09871264935630003,-19.56,0.7573741572464339,5248074602.497712
1340087,1503685,,,3274381,,,G,207.807,-4.8207,874.9839999999998,,0.179962949981,-20.68,0.7573747013587416,14723125024.327225
1340088,1503686,,,3274384,,,G,207.781,-4.3468,724.436,,0.151692735846,-20.19,0.7573750478470221,9375620069.258831
1340089,1503687,,,3274386,,,G,207.776,-4.74,505.825,,0.108969054485,-19.94,0.7573753230724464,7447319739.059889
1340090,1503688,,,3274390,,,G,207.735,-4.6635,651.628,,0.137698118849,-20.04,0.7573756248511231,8165823713.585939
1340091,1503689,,,3274391,,,G,207.72,-3.37185,588.844,,0.12544671272299998,-20.14,0.7573759557448622,8953647655.495974
1340092,1503690,,,3274393,,,G,207.723,-4.8371,542.001,,0.116189488095,-19.5,0.7573761392670381,4965923214.503378
1340093,1503691,,,3274394,,,G,207.713,-3.3660300000000003,586.138,,0.124914782457,-19.86,0.757376394942206,6918309709.18939
1340094,1503692,,,3274398,,,G,207.698,-4.2528,594.2919999999998,,0.12651687325799998,-19.77,0.7573766302783047,6367955209.079162
1340095,1503693,,,3274399,,,G,207.696,-4.17518,597.035,,0.127055103528,-19.98,0.7573769158325031,7726805850.957022
1340096,1503694,,,3274400,,,G,207.695,-3.905,387.258,,0.08483899241949999,-18.91,0.7573770224156527,2884031503.1266
1340097,1503695,,,3274401,,,G,207.667,-2.9844,977.237,,0.198694119347,-21.09,0.7573778161744467,21478304741.30537
1340098,1503696,,,3274402,,,G,207.648,-2.98228,924.698,,0.189114754557,-20.75,0.7573783965225237,15703628043.33558
1340099,1503697,,,3274403,,,G,207.648,-3.4267300000000005,586.138,,0.124914782457,-19.99,0.7573786847189226,7798301105.232576
1340100,1503698,,,3274404,,,G,207.635,-3.9604,870.9639999999998,,0.17921891960900002,-20.63,0.7573792043421425,14060475241.29913
1340101,1503699,,,3274405,,,G,207.613,-4.1543,335.73800000000006,,0.07411659705830001,-18.53,0.7573792794505493,2032357010.936229
1340102,1503700,,,3274407,,,G,207.581,-3.439,597.035,,0.127055103528,-20.05,0.7573795840215498,8241381150.13003
1340103,1503701,,,3274411,,,G,207.514,-3.5292800000000004,483.059,,0.104392102196,-19.56,0.7573797779709986,5248074602.497712
1340104,1503702,,,3274412,,,G,207.515,-4.5496,986.279,,0.200333380167,-21.19,0.7573806483102092,23550492838.96009
1340105,1503703,,,3274413,,,G,207.508,-4.1267,748.17,,0.156207738104,-20.32,0.7573810388709177,10568175092.136606
1340106,1503704,,,3274415,,,G,207.495,-3.5435,586.138,,0.124914782457,-19.54,0.7573812292803901,5152286445.817583
1340107,1503705,,,3274416,,,G,207.499,-4.5411,765.597,,0.15950851975400002,-20.75,0.7573818096284671,15703628043.33558
1340108,1503706,,,3274417,,,G,207.478,-3.6779,933.254,,0.190681145341,-21.17,0.7573826640821968,23120647901.75608
1340109,1503707,,,3274418,,,G,207.479,-4.42137,487.528,,0.105292582646,-19.58,0.7573828616374351,5345643593.969735
1340110,1503708,,,3274419,,,G,207.466,-3.07156,959.401,,0.195452557726,-20.8,0.7573834693364744,16443717232.149357
1340111,1503709,,,3274420,,,G,207.472,-4.351,489.779,,0.105745762873,-19.38,0.7573836336557644,4446312674.691084
1340112,1503710,,,3274463,,,G,207.106,-4.6373,990.832,,0.201157840579,-20.77,0.7573842247933179,15995580286.146713
1340113,1503711,,,3274423,,,G,207.458,-4.507,428.549,,0.09332614666310003,-19.34,0.7573843831690188,4285485203.9743924
1340114,1503712,,,3274425,,,G,207.453,-3.8293,485.289,,0.104841502421,-19.17,0.7573845185908088,3664375746.478348
1340115,1503713,,,3274427,,,G,207.448,-2.9588,1086.43,,0.218314429157,-22.88,0.7573886461047593,111686324778.05612
1340116,1503714,,,3274428,,,G,207.43400000000003,-3.25137,963.829,,0.196258328129,-20.78,0.7573892427120411,16143585568.264938
1340117,1503715,,,3274430,,,G,207.433,-4.6694,426.58,,0.0929235764618,-19.87,0.7573895007529422,6982324040.771733
1340118,1503716,,,3274431,,,G,207.422,-3.09473,941.89,,0.19225971613,-20.54,0.7573899790399126,12941958414.499916
1340119,1503717,,,3274432,,,G,207.422,-4.5224,422.669,,0.0921230560615,-19.3,0.7573901316870097,4130475019.9016094
1340120,1503718,,,3274433,,,G,207.398,-3.198,334.195,,0.0737929868965,-18.32,0.7573901935867106,1674942876.026445
1340121,1503719,,,3274438,,,G,207.366,-3.40708,916.22,,0.18756012378,-20.65,0.7573907228704474,14321878992.735456
1340122,1503720,,,3274439,,,G,207.362,-2.8341,657.658,,0.138865509433,-20.11,0.7573910447464134,8709635899.560833
1340123,1503721,,,3274440,,,G,207.37,-4.6642,704.693,,0.14791966396,-20.24,0.7573914075641835,9817479430.199823
1340124,1503722,,,3274441,,,G,207.353,-4.2462,883.08,,0.18145920073,-20.73,0.7573919773197144,15417004529.495615
1340125,1503723,,,3274442,,,G,207.348,-4.3462,424.62,,0.0925224762612,-19.41,0.7573921462426227,4570881896.148752
1340126,1503724,,,3274445,,,G,207.331,-4.5582,698.232,,0.146681503341,-20.29,0.7573925261594675,10280162981.264746
1340127,1503725,,,3274447,,,G,207.26,-3.5487,1096.48,,0.220101530051,-21.23,0.7573934291611298,24434305526.939716
1340128,1503726,,,3274448,,,G,207.264,-4.5215,1028.02,,0.207866293933,-20.8,0.7573940368601692,16443717232.149357
1340129,1503727,,,3274449,,,G,207.255,-4.58416,381.944,,0.08374006187000001,-19.71,0.7573942595439312,6025595860.743593
1340130,1503728,,,3274450,,,G,207.25,-3.9389,586.138,,0.124914782457,-19.54,0.7573944499534037,5152286445.817583
1340131,1503729,,,3274451,,,G,207.233,-4.0323,542.001,,0.116189488095,-19.91,0.7573947176781709,7244359600.74989
1340132,1503730,,,3274454,,,G,207.181,-3.76662,570.164,,0.121767510884,-19.98,0.7573950032323693,7726805850.957022
1340133,1503731,,,3274455,,,G,207.151,-3.22566,959.401,,0.195452557726,-20.86,0.7573956454593544,17378008287.49384
1340134,1503732,,,3274456,,,G,207.144,-4.3776,503.501,,0.108502854251,-20.57,0.7573961371461551,13304544179.780985
1340135,1503733,,,3274457,,,G,207.129,-4.0886,424.62,,0.0925224762612,-18.9,0.7573962427521446,2857590543.374955
1340136,1503734,,,3274458,,,G,207.124,-3.7473,1086.43,,0.218314429157,-21.52,0.7573974222266279,31915378551.00758
1340137,1503735,,,3274459,,,G,207.118,-2.81596,1230.27,,0.243607681804,-21.52,0.7573986017011112,31915378551.00758
1340138,1503736,,,3274460,,,G,207.122,-4.1685,636.7959999999998,,0.13481943741,-20.68,0.757399145813419,14723125024.327225
1340139,1503737,,,3274461,,,G,207.107,-2.88998,920.45,,0.188336074168,-21.01,0.7573998831886577,19952623149.688828
1340140,1503738,,,3274462,,,G,207.111,-4.1509,691.831,,0.145453002727,-20.01,0.7574001767430276,7943282347.242822
1340141,1503739,,,3274464,,,G,207.097,-3.5387,392.645,,0.0859515729758,-19.58,0.7574003742982659,5345643593.969735
1340142,1503740,,,3274466,,,G,207.077,-3.37771,1081.43,,0.217424238712,-21.2,0.7574012526906261,23768402866.24873
1340143,1503741,,,3274469,,,G,207.066,-3.41718,374.973,,0.0822958911479,-18.78,0.7574013472465081,2558585886.905653
1340144,1503742,,,3274470,,,G,207.054,-3.5268,465.586,,0.100861580431,-19.41,0.7574015161694163,4570881896.148752
1340145,1503743,,,3274472,,,G,207.042,-2.86223,337.287,,0.07444125722060001,-18.73,0.7574016064695825,2443430552.693971
1340146,1503744,,,3274473,,,G,207.043,-4.7566,887.1560000000002,,0.182211631106,-20.6,0.7574021119316272,13677288255.958578
1340147,1503745,,,3274474,,,G,207.03,-3.4669800000000004,337.287,,0.07444125722060001,-18.64,0.7574021950483765,2249054605.835792
1340148,1503746,,,3274475,,,G,207.018,-4.6058,1066.6,,0.21477928739,-21.14,0.7574030262158699,22490546058.357918
1340149,1503747,,,3274476,,,G,207.01,-3.32425,669.885,,0.141228220614,-21.42,0.7574041019093833,29107171180.6662
1340150,1503748,,,3274478,,,G,206.995,-4.6045,303.389,,0.06730524365259999,-18.69,0.7574041889433044,2355049283.896009
1340151,1503749,,,3274479,,,G,206.987,-3.5638,409.261,,0.08937310468660001,-19.05,0.7574043101952036,3280952931.131191
1340152,1503750,,,3274481,,,G,206.984,-3.701,847.227,,0.17481479740699998,-20.47,0.7574047586188953,12133888504.649809
1340153,1503751,,,3274482,,,G,206.984,-4.3255,1051.96,,0.212161426081,-20.85,0.7574053949579079,17218685749.86016
1340154,1503752,,,3274483,,,G,206.981,-4.83526,389.045,,0.08520817260410002,-19.71,0.7574056176416701,6025595860.743593
1340155,1503753,,,3274484,,,G,206.973,-4.1011,866.962,,0.17847782923900002,-20.41,0.7574060419568313,11481536214.968842
1340156,1503754,,,3274485,,,G,206.971,-4.0774,385.478,,0.08447107223549999,-19.47,0.7574062204775184,4830588020.397738
1340157,1503755,,,3274486,,,G,206.96400000000003,-3.9046,698.232,,0.146681503341,-20.26,0.7574065900405744,10000000000.0
1340158,1503756,,,3274487,,,G,206.957,-3.31745,941.89,,0.19225971613,-21.2,0.7574074684329346,23768402866.24873
1340159,1503757,,,3274488,,,G,206.96,-4.6219,591.562,,0.12598074299,-20.77,0.7574080595704881,15995580286.146713
1340160,1503758,,,3274489,,,G,206.949,-3.10235,1096.48,,0.220101530051,-21.47,0.7574091859598749,30478949896.27996
1340161,1503759,,,3274490,,,G,206.945,-2.7912,1294.2,,0.254661877331,-21.3,0.7574101490979455,26061535499.988976
1340162,1503760,,,3274491,,,G,206.939,-4.70524,748.17,,0.156207738104,-20.77,0.7574107402354989,15995580286.146713
1340163,1503761,,,3274492,,,G,206.932,-3.0799,1230.27,,0.243607681804,-21.68,0.7574121069838224,36982817978.02674
1340164,1503762,,,3274493,,,G,206.926,-3.13276,580.764,,0.123857221929,-19.87,0.7574123650247234,6982324040.771733
1340165,1503763,,,3274494,,,G,206.929,-3.80957,847.227,,0.17481479740699998,-20.69,0.7574129141716406,14859356422.87009
1340166,1503764,,,3274495,,,G,206.902,-4.6482,519.996,,0.111805105903,-19.55,0.7574131063429501,5199959965.335173
1340167,1503765,,,3274496,,,G,206.898,-3.7677,378.443,,0.0830151415076,-18.59,0.7574131857188297,2147830474.130529
1340168,1503766,,,3274497,,,G,206.894,-3.5531,529.663,,0.113733956867,-19.71,0.7574134084025916,6025595860.743593
1340169,1503767,,,3274499,,,G,206.897,-4.6607,591.562,,0.12598074299,-19.66,0.7574136210639334,5754399373.371567
1340170,1503768,,,3274500,,,G,206.883,-4.4223,586.138,,0.124914782457,-19.84,0.7574138720725037,6792036326.171857
1340171,1503769,,,3274501,,,G,206.879,-4.8479,794.328,,0.164924632462,-20.6,0.7574143775345483,13677288255.958578
1340172,1503770,,,3274503,,,G,206.86900000000003,-2.8353900000000003,467.735,,0.101296700648,-19.47,0.7574145560552354,4830588020.397738
1340173,1503771,,,3274504,,,G,206.864,-2.80012,474.242,,0.102612561306,-19.37,0.7574147188680371,4405548635.065536
1340174,1503772,,,3274505,,,G,206.861,-2.7505,1224.62,,0.242625301313,-21.48,0.7574158556797768,30760968147.40705
1340175,1503773,,,3274508,,,G,206.858,-4.6891300000000005,879.023,,0.180709710355,-20.94,0.7574165470147856,18706821403.658016
1340176,1503774,,,3274510,,,G,206.851,-4.0736,519.996,,0.111805105903,-19.63,0.7574167538805154,5597576014.951093
1340177,1503775,,,3274511,,,G,206.847,-3.4005,701.455,,0.14729932365,-20.08,0.7574170669844678,8472274141.40598
1340178,1503776,,,3274512,,,G,206.83,-3.75259,891.2510000000002,,0.182967001484,-20.54,0.7574175452714381,12941958414.499916
1340179,1503777,,,3274513,,,G,206.834,-4.7682,424.62,,0.0925224762612,-19.03,0.7574176643102407,3221068791.283441
1340180,1503778,,,3274514,,,G,206.832,-4.16448,1061.7,,0.213903796952,-21.15,0.7574185031684323,22698648518.838303
1340181,1503779,,,3274515,,,G,206.826,-2.804,1028.02,,0.207866293933,-20.91,0.7574191756626427,18197008586.099827
1340182,1503780,,,3274516,,,G,206.829,-4.3499,503.501,,0.108502854251,-19.25,0.7574193214394888,3944573020.752801
1340183,1503781,,,3274520,,,G,206.819,-5.34152,424.62,,0.0925224762612,-18.98,0.7574194351206628,3076096814.740705
1340184,1503782,,,3274521,,,G,206.799,-3.9989,385.478,,0.08447107223549999,-19.11,0.7574195632617928,3467368504.525324
1340185,1503783,,,3274522,,,G,206.795,-5.3307,512.861,,0.110378365189,-19.4,0.7574197306360066,4528975799.036214
1340186,1503784,,,3274523,,,G,206.788,-3.8342,337.287,,0.07444125722060001,-18.59,0.7574198100118861,2147830474.130529
1340187,1503785,,,3274524,,,G,206.792,-5.2576,515.229,,0.110852125426,-19.4,0.7574199773860998,4528975799.036214
1340188,1503786,,,3274526,,,G,206.782,-2.8796,387.258,,0.08483899241949999,-18.82,0.7574200754905142,2654605561.975548
1340189,1503787,,,3274527,,,G,206.783,-3.4328,389.045,,0.08520817260410002,-18.98,0.7574201891716882,3076096814.740705
1340190,1503788,,,3274529,,,G,206.773,-3.9876,1056.82,,0.213031246516,-21.07,0.7574209684427514,21086281499.332973
1340191,1503789,,,3274531,,,G,206.769,-4.6026,1000.0,,0.202815791408,-21.0,0.7574216990576933,19769696401.11866
1340192,1503790,,,3274532,,,G,206.767,-4.8718,522.396,,0.112284326142,-20.28,0.7574220754914395,10185913880.541231
1340193,1503791,,,3274533,,,G,206.768,-5.5033,651.628,,0.137698118849,-20.47,0.7574225239151312,12133888504.649809
1340194,1503792,,,3274534,,,G,206.756,-3.90455,1191.24,,0.236803468402,-21.22,0.7574234186380245,24210290467.3618
1340195,1503793,,,3274536,,,G,206.753,-4.838,517.607,,0.111327565664,-19.36,0.7574235799581496,4365158322.401666
1340196,1503794,,,3274537,,,G,206.751,-4.85926,594.2919999999998,,0.12651687325799998,-20.19,0.7574239264464301,9375620069.258831
1340197,1503795,,,3274538,,,G,206.749,-4.8895,522.396,,0.112284326142,-20.03,0.7574242254583833,8090958991.783845
1340198,1503796,,,3274539,,,G,206.731,-2.75902,478.63,,0.103498551749,-19.43,0.7574243975218029,4655860935.229601
1340199,1503797,,,3274540,,,G,206.733,-4.4961,505.825,,0.108969054485,-19.33,0.7574245544455066,4246195639.4631295
1340200,1503798,,,3274542,,,G,206.724,-3.6035,1037.53,,0.209574644787,-20.84,0.7574251849505282,17060823890.03121
1340201,1503799,,,3274544,,,G,206.709,-4.2266,616.595,,0.130883615442,-19.75,0.7574254159912591,6251726927.756875
1340202,1503800,,,3274545,,,G,206.71400000000003,-5.654,676.0830000000002,,0.14242354121200002,-20.22,0.7574257721868586,9638290236.239744
1340203,1503801,,,3274546,,,G,206.713,-5.8535,899.498,,0.184486562243,-20.87,0.7574264203562969,17538805018.417603
1340204,1503802,,,3274547,,,G,206.705,-5.5697,341.9790000000001,,0.0754236377118,-18.84,0.7574265202846086,2703958364.108846
1340205,1503803,,,3274548,,,G,206.699,-4.2625,1111.73,,0.222807381404,-20.99,0.7574272442012325,19588446735.05989
1340206,1503804,,,3274549,,,G,206.698,-5.247999999999998,1465.55,,0.283767891884,-21.82,0.757428799051418,42072662838.44463
1340207,1503805,,,3274550,,,G,206.697,-5.6211,508.159,,0.109436724718,-19.28,0.7574289489123918,4055085354.48386
1340208,1503806,,,3274552,,,G,206.685,-3.47329,968.278,,0.197067248534,-20.74,0.7574295239398057,15559656316.05075
1340209,1503807,,,3274553,,,G,206.68400000000003,-3.2009,478.63,,0.103498551749,-19.33,0.7574296808635094,4246195639.4631295
1340210,1503808,,,3274555,,,G,206.68400000000003,-4.2349,424.62,,0.0925224762612,-19.37,0.7574298436763112,4405548635.065536
1340211,1503809,,,3274556,,,G,206.682,-4.2743,542.001,,0.116189488095,-19.51,0.7574300288965968,5011872336.272736
1340212,1503810,,,3274557,,,G,206.674,-4.2529,392.645,,0.0859515729758,-19.53,0.7574302175603848,5105049999.754086
1340213,1503811,,,3274558,,,G,206.675,-5.0526,418.794,,0.0913292556646,-19.01,0.7574303344264844,3162277660.16838
1340214,1503812,,,3274560,,,G,206.671,-4.2876,542.001,,0.116189488095,-20.04,0.7574306362051609,8165823713.585939
1340215,1503813,,,3274561,,,G,206.674,-5.2351,903.649,,0.185250332625,-20.66,0.7574311703863,14454397707.459282
1340216,1503814,,,3274562,,,G,206.674,-6.04943,392.645,,0.0859515729758,-19.81,0.7574314145541898,6606934480.075964
1340217,1503815,,,3274564,,,G,206.655,-3.0236,1086.43,,0.218314429157,-21.12,0.7574322305511668,22080047330.18906
1340218,1503816,,,3274565,,,G,206.661,-5.90616,335.73800000000006,,0.07411659705830001,-20.36,0.7574326357689999,10964781961.431871
1340219,1503817,,,3274566,,,G,206.652,-4.3425,392.645,,0.0859515729758,-18.82,0.7574327338734141,2654605561.975548
1340220,1503818,,,3274567,,,G,206.654,-5.2728,413.048,,0.0901507350754,-19.59,0.7574329332566085,5395106225.151268
1340221,1503819,,,3274568,,,G,206.644,-4.8891,1137.63,,0.227386853693,-21.48,0.7574340700683482,30760968147.40705
1340222,1503820,,,3274570,,,G,206.634,-4.25,392.645,,0.0859515729758,-18.92,0.7574341776376996,2910717118.06662
1340223,1503821,,,3274571,,,G,206.626,-4.9441,472.0630000000001,,0.102172191086,-19.35,0.7574343374788328,4325138310.350115
1340224,1503822,,,3274572,,,G,206.621,-5.881,654.636,,0.13828065914,-20.36,0.7574347426966659,10964781961.431871
1340225,1503823,,,3274573,,,G,206.608,-2.9969,411.15,,0.08976118488060003,-18.79,0.7574348381274627,2582260190.634601
1340226,1503824,,,3274574,,,G,206.617,-5.667000000000002,334.195,,0.0737929868965,-19.46,0.7574350150114624,4786300923.226399
1340227,1503825,,,3274575,,,G,206.612,-5.1823,389.045,,0.08520817260410002,-19.19,0.7574351529509313,3732501577.957214
1340228,1503826,,,3274578,,,G,206.608,-4.9006,1348.96,,0.264044262022,-21.6,0.7574364226141828,34355794789.987568
1340229,1503827,,,3274580,,,G,206.601,-4.5016,291.072,,0.0646953623477,-19.63,0.7574366294799127,5597576014.951093
1340230,1503828,,,3274582,,,G,206.585,-2.9293,407.38,,0.0889864944932,-18.86,0.7574367312660304,2754228703.338175
1340231,1503829,,,3274583,,,G,206.591,-5.2323,307.61,,0.0681975340988,-18.37,0.7574367960829741,1753880501.8417602
1340232,1503830,,,3274584,,,G,206.587,-4.40871,537.0319999999998,,0.115201437601,-20.09,0.7574371120840416,8550667128.846841
1340233,1503831,,,3274585,,,G,206.58900000000003,-4.9641,549.5409999999998,,0.117686578843,-19.47,0.7574372906047288,4830588020.397738
1340234,1503832,,,3274588,,,G,206.57,-3.23215,907.821,,0.186017673009,-20.67,0.7574378297285851,14588142602.753534
1340235,1503833,,,3274589,,,G,206.563,-3.48158,907.821,,0.186017673009,-20.78,0.7574384263358669,16143585568.264938
1340236,1503834,,,3274591,,,G,206.564,-4.5409,389.045,,0.08520817260410002,-18.76,0.7574385191659095,2511886431.509582
1340237,1503835,,,3274592,,,G,206.562,-4.4322,292.415,,0.0649803324902,-18.08,0.7574385687895417,1342764961.137864
1340238,1503836,,,3274593,,,G,206.561,-4.731,907.821,,0.186017673009,-20.62,0.7574390836488274,13931568029.453035
1340239,1503837,,,3274594,,,G,206.563,-6.1571,390.841,,0.08557924278960001,-19.18,0.7574392203236596,3698281797.8026743
1340240,1503838,,,3274595,,,G,206.556,-4.3943,874.9839999999998,,0.179962949981,-20.64,0.7574397447548941,14190575216.890957
1340241,1503839,,,3274596,,,G,206.549,-3.06503,310.456,,0.06879855439930001,-19.22,0.7574398865589164,3837072454.9228
1340242,1503840,,,3274598,,,G,206.547,-5.3032,755.092,,0.15752023876,-20.93,0.7574405715557276,18535316234.148144
1340243,1503841,,,3274599,,,G,206.542,-4.5051,288.403,,0.0641285720643,-18.99,0.7574406862887806,3104559588.128349
1340244,1503842,,,3274600,,,G,206.54,-4.5558,522.396,,0.112284326142,-19.98,0.7574409718429791,7726805850.957022
1340245,1503843,,,3274601,,,G,206.532,-3.5252,597.035,,0.127055103528,-19.58,0.7574411693982173,5345643593.969735
1340246,1503844,,,3274603,,,G,206.519,-3.7597,891.2510000000002,,0.182967001484,-20.54,0.7574416476851876,12941958414.499916
1340247,1503845,,,3274605,,,G,206.51,-3.52687,334.195,,0.0737929868965,-18.65,0.7574417315710068,2269864851.883821
1340248,1503846,,,3274607,,,G,206.517,-5.6722,383.707,,0.0841048320524,-19.1,0.7574418585373319,3435579478.998757
1340249,1503847,,,3274610,,,G,206.492,-3.23648,1051.96,,0.212161426081,-20.83,0.7574424832618487,16904409316.4327
1340250,1503848,,,3274611,,,G,206.496,-5.4270000000000005,340.408,,0.0750947775474,-18.64,0.7574425663785981,2249054605.835792
1340251,1503849,,,3274612,,,G,206.478,-4.029,1324.34,,0.259835649918,-22.11,0.7574445972786457,54954087385.76271
1340252,1503850,,,3274613,,,G,206.484,-5.7934,990.832,,0.201157840579,-21.4,0.7574456533385397,28575905433.749557
1340253,1503851,,,3274617,,,G,206.447,-2.8309,636.7959999999998,,0.13481943741,-19.9,0.7574459186087916,7177942912.713644
1340254,1503852,,,3274621,,,G,206.44,-4.16073,392.645,,0.0859515729758,-18.78,0.7574460131646736,2558585886.905653
1340255,1503853,,,3274622,,,G,206.441,-4.8565,392.645,,0.0859515729758,-19.17,0.7574461485864636,3664375746.478348
1340256,1503854,,,3274623,,,G,206.443,-5.1022,309.03,,0.0684974142487,-18.34,0.7574462116369658,1706082389.0031211
1340257,1503855,,,3274625,,,G,206.43400000000003,-3.787,510.505,,0.109906704953,-19.69,0.7574464302562911,5915616341.754743
1340258,1503856,,,3274626,,,G,206.431,-3.5065,389.045,,0.08520817260410002,-19.02,0.7574465482037395,3191537855.1007576
1340259,1503857,,,3274629,,,G,206.43400000000003,-4.7981,430.527,,0.0937303968652,-19.39,0.7574467140434572,4487453899.331332
1340260,1503858,,,3274630,,,G,206.436,-5.8723,459.198,,0.0995669297835,-19.19,0.7574468519829258,3732501577.957214
1340261,1503859,,,3274631,,,G,206.43400000000003,-5.6033,373.25,,0.0819384709692,-18.66,0.7574469366449311,2290867652.76777
1340262,1503860,,,3274633,,,G,206.422,-3.2692,847.227,,0.17481479740699998,-20.53,0.7574474105469402,12823305826.560284
1340263,1503861,,,3274635,,,G,206.427,-5.7311,669.885,,0.141228220614,-20.69,0.7574479596938574,14859356422.87009
1340264,1503862,,,3274636,,,G,206.413,-3.23288,1355.19,,0.265106652553,-21.75,0.7574494174623178,39445730207.528015
1340265,1503863,,,3274637,,,G,206.421,-6.3402,457.088,,0.0991389495695,-19.4,0.7574495848365315,4528975799.036214
1340266,1503864,,,3274638,,,G,206.417,-5.9547,461.318,,0.0999967999984,-19.35,0.7574497446776647,4325138310.350115
1340267,1503865,,,3274639,,,G,206.408,-4.2794,916.22,,0.18756012378,-20.6,0.7574502501397093,13677288255.958578
1340268,1503866,,,3274640,,,G,206.413,-6.28444,323.594,,0.0715667757834,-18.78,0.7574503446955914,2558585886.905653
1340269,1503867,,,3274641,,,G,206.404,-4.4432,430.527,,0.0937303968652,-19.75,0.7574505757363222,6251726927.756875
1340270,1503868,,,3274643,,,G,206.394,-3.5683,907.821,,0.186017673009,-20.73,0.7574511454918531,15417004529.495615
1340271,1503869,,,3274644,,,G,206.397,-5.5577,403.645,,0.0882183141092,-19.21,0.7574512859958084,3801893963.205628
1340272,1503870,,,3274645,,,G,206.39,-3.6692,394.457,,0.08632537316269999,-18.77,0.7574513796847968,2535128630.497907
1340273,1503871,,,3274646,,,G,206.388,-2.9134,995.405,,0.201985240993,-20.85,0.7574520160238095,17218685749.86016
1340274,1503872,,,3274648,,,G,206.389,-4.8605,387.258,,0.08483899241949999,-19.42,0.7574521865097421,4613175745.603809
1340275,1503873,,,3274650,,,G,206.38,-5.5344,688.6519999999998,,0.144842322421,-20.18,0.757452529821399,9289663867.7994
1340276,1503874,,,3274651,,,G,206.376,-5.4147,685.488,,0.144233952117,-20.28,0.7574529062551452,10185913880.541231
1340277,1503875,,,3274653,,,G,206.364,-6.2215,660.693,,0.139452669726,-20.19,0.7574532527434257,9375620069.258831
1340278,1503876,,,3274656,,,G,206.353,-4.4860000000000015,532.1080000000002,,0.114221157111,-20.14,0.7574535836371648,8953647655.495974
1340279,1503877,,,3274657,,,G,206.347,-3.1488,413.048,,0.0901507350754,-18.78,0.7574536781930468,2558585886.905653
1340280,1503878,,,3274658,,,G,206.346,-3.1363,1056.82,,0.213031246516,-21.25,0.7574545979827634,24888573182.82396
1340281,1503879,,,3274660,,,G,206.346,-5.3824,765.597,,0.15950851975400002,-20.18,0.7574549412944203,9289663867.7994
1340282,1503880,,,3274662,,,G,206.337,-4.5584,297.8520000000001,,0.0661330230665,-18.76,0.7574550341244629,2511886431.509582
1340283,1503881,,,3274663,,,G,206.33900000000003,-5.51598,783.43,,0.162873981437,-20.31,0.7574554211044892,10471285480.508986
1340284,1503882,,,3274665,,,G,206.329,-3.39882,903.649,,0.185250332625,-20.72,0.7574559856364701,15275660582.380762
1340285,1503883,,,3274666,,,G,206.333,-4.6496,428.549,,0.09332614666310003,-19.2,0.7574561248522772,3767037989.8390775
1340286,1503884,,,3274668,,,G,206.326,-4.1918,522.396,,0.112284326142,-19.66,0.7574563375136191,5754399373.371567
1340287,1503885,,,3274669,,,G,206.316,-3.5803,381.944,,0.08374006187000001,-18.8,0.7574564338274259,2606153549.9988976
1340288,1503886,,,3274670,,,G,206.314,-2.9824,512.861,,0.110378365189,-19.31,0.7574565878869494,4168693834.7033467
1340289,1503887,,,3274671,,,G,206.323,-6.32978,657.658,,0.138865509433,-20.16,0.7574569249324622,9120108393.559114
1340290,1503888,,,3274672,,,G,206.304,-3.7281,794.328,,0.164924632462,-20.98,0.7574576422121786,19408858775.92779
1340291,1503889,,,3274673,,,G,206.3,-2.98263,512.861,,0.110378365189,-19.45,0.7574578174744959,4742419852.6024475
1340292,1503890,,,3274674,,,G,206.305,-5.533,414.954,,0.090541965271,-19.86,0.7574580731496638,6918309709.18939
1340293,1503891,,,3274675,,,G,206.298,-3.8254,946.237,,0.193053306527,-21.03,0.7574588242337318,20323570109.36229
1340294,1503892,,,3274676,,,G,206.292,-3.4894199999999995,990.832,,0.201157840579,-21.11,0.7574596327496035,21877616239.49561
1340295,1503893,,,3274678,,,G,206.275,-3.3044,755.092,,0.15752023876,-22.9,0.7574638369997676,113762728582.34335
1340296,1503894,,,3274680,,,G,206.268,-3.478,986.279,,0.200333380167,-20.67,0.7574643761236238,14588142602.753534
1340297,1503895,,,3274681,,,G,206.271,-4.9472,420.727,,0.09172531586269997,-19.04,0.7574644962638789,3250872973.8543468
1340298,1503896,,,3274683,,,G,206.251,-3.09366,734.5139999999999,,0.153612766806,-20.69,0.757465045410796,14859356422.87009
1340299,1503897,,,3274684,,,G,206.241,-3.68175,383.707,,0.0841048320524,-18.84,0.7574651453391077,2703958364.108846
1340300,1503898,,,3274685,,,G,206.241,-3.76924,390.841,,0.08557924278960001,-18.91,0.7574652519222573,2884031503.1266
1340301,1503899,,,3274686,,,G,206.247,-5.8303,515.229,,0.110852125426,-19.41,0.7574654208451655,4570881896.148752
1340302,1503900,,,3274687,,,G,206.24,-3.7029,701.455,,0.14729932365,-20.08,0.7574657339491179,8472274141.40598
1340303,1503901,,,3274689,,,G,206.241,-5.6376,839.46,,0.173369156685,-20.54,0.7574662122360882,12941958414.499916
1340304,1503902,,,3274692,,,G,206.231,-3.8785,937.562,,0.191468855734,-20.85,0.7574668485751008,17218685749.86016
1340305,1503903,,,3274697,,,G,206.226,-6.1101,334.195,,0.0737929868965,-18.48,0.7574669203030724,1940885877.5927796
1340306,1503904,,,3274698,,,G,206.219,-4.33,522.396,,0.112284326142,-19.33,0.7574670772267761,4246195639.4631295
1340307,1503905,,,3274699,,,G,206.219,-6.1358,338.844,,0.07476738738369999,-18.58,0.757467155874933,2128139045.9827175
1340308,1503906,,,3274700,,,G,206.211,-5.2726,332.66,,0.0734710567355,-18.75,0.7574672478539047,2488857318.2823954
1340309,1503907,,,3274701,,,G,206.206,-3.6312,390.841,,0.08557924278960001,-19.19,0.7574673857933737,3732501577.957214
1340310,1503908,,,3274702,,,G,206.204,-3.7191,385.478,,0.08447107223549999,-19.15,0.7574675187434374,3597493351.557431
1340311,1503909,,,3274704,,,G,206.188,-5.98853,326.588,,0.07219635609819999,-19.0,0.7574676345381022,3133285724.315589
1340312,1503910,,,3274705,,,G,206.171,-5.4259,695.0239999999999,,0.146065993033,-20.5,0.7574680955249659,12473835142.429485
1340313,1503911,,,3274708,,,G,206.168,-5.9897,669.885,,0.141228220614,-20.18,0.7574684388366227,9289663867.7994
1340314,1503912,,,3274710,,,G,206.153,-5.334,557.186,,0.119201729601,-20.78,0.7574690354439045,16143585568.264938
1340315,1503913,,,3274711,,,G,206.145,-4.67596,304.789,,0.0676013438007,-19.61,0.7574692385339094,5495408738.576271
1340316,1503914,,,3274712,,,G,206.147,-5.541,331.131,,0.0731503865752,-18.44,0.7574693076674102,1870682140.3658016
1340317,1503915,,,3274713,,,G,206.144,-5.7389,512.861,,0.110378365189,-19.63,0.7574695145331402,5597576014.951093
1340318,1503916,,,3274714,,,G,206.125,-2.8613,337.287,,0.07444125722060001,-18.61,0.7574695953847272,2187761623.949561
1340319,1503917,,,3274716,,,G,206.126,-3.6182,515.229,,0.110852125426,-19.74,0.7574698243072641,6194410750.767812
1340320,1503918,,,3274717,,,G,206.122,-5.1437,358.096,,0.07878825939410003,-19.14,0.7574699560384344,3564511334.262453
1340321,1503919,,,3274718,,,G,206.123,-6.0981,392.645,,0.0859515729758,-19.3,0.7574701086855314,4130475019.9016094
1340322,1503920,,,3274720,,,G,206.105,-5.5267,544.503,,0.116686558343,-20.01,0.7574704022399015,7943282347.242822
1340323,1503921,,,3274721,,,G,206.094,-4.46316,469.894,,0.101733500867,-19.43,0.7574705743033211,4655860935.229601
1340324,1503922,,,3274722,,,G,206.087,-6.1852,424.62,,0.0925224762612,-19.18,0.7574707109781533,3698281797.8026743
1340325,1503923,,,3274724,,,G,206.078,-3.8803,610.942,,0.129778804889,-20.2,0.7574710606724504,9462371613.657913
1340326,1503924,,,3274727,,,G,206.064,-3.1053,1028.02,,0.207866293933,-21.01,0.757471798047689,19952623149.688828
1340327,1503925,,,3274728,,,G,206.067,-4.2036,575.44,,0.122808271404,-19.55,0.7574719902189987,5199959965.335173
1340328,1503926,,,3274730,,,G,206.05900000000003,-2.8121,557.186,,0.119201729601,-19.61,0.7574721933090035,5495408738.576271
1340329,1503927,,,3274731,,,G,206.065,-5.1226,549.5409999999998,,0.117686578843,-19.63,0.7574724001747334,5597576014.951093
1340330,1503928,,,3274732,,,G,206.063,-4.99443,508.159,,0.109436724718,-19.62,0.7574726051439068,5546257129.579103
1340331,1503929,,,3274735,,,G,206.05,-3.92185,941.89,,0.19225971613,-20.58,0.7574731013802294,13427649611.378641
1340332,1503930,,,3274736,,,G,206.052,-4.0894,1294.2,,0.254661877331,-21.74,0.7574745457837883,39084089579.24009
1340333,1503931,,,3274737,,,G,206.031,-4.2534,311.889,,0.0691009545505,-18.23,0.7574746027593413,1541700452.9495616
1340334,1503932,,,3274738,,,G,206.032,-5.6368,512.861,,0.110378365189,-19.31,0.7574747568188647,4168693834.7033467
1340335,1503933,,,3274739,,,G,206.023,-4.3051,311.889,,0.0691009545505,-18.33,0.7574748192913163,1690440931.643263
1340336,1503934,,,3274740,,,G,206.019,-4.00672,946.237,,0.193053306527,-20.65,0.7574753485750533,14321878992.735456
1340337,1503935,,,3274741,,,G,206.024,-5.9856,594.2919999999998,,0.12651687325799998,-20.15,0.7574756825305143,9036494737.223042
1340338,1503936,,,3274742,,,G,206.019,-4.21277,313.329,,0.0694048247024,-19.55,0.7574758747018239,5199959965.335173
1340339,1503937,,,3274744,,,G,206.01,-4.2985,313.329,,0.0694048247024,-18.55,0.7574759512066002,2070141348.7910454
1340340,1503938,,,3274745,,,G,206.008,-4.3287,522.396,,0.112284326142,-19.98,0.7574762367607987,7726805850.957022
1340341,1503939,,,3274746,,,G,206.005,-3.32557,827.942,,0.17122127561099998,-20.55,0.7574767194733038,13061708881.318405
1340342,1503940,,,3274749,,,G,206.005,-3.9429,401.791,,0.0878367439184,-18.82,0.757476817577718,2654605561.975548
1340343,1503941,,,3274750,,,G,206.006,-5.654,418.794,,0.0913292556646,-19.2,0.7574769567935252,3767037989.8390775
1340344,1503942,,,3274751,,,G,206.0,-4.0778,1300.17,,0.255688567844,-21.43,0.7574780424403083,29376496519.615425
1340345,1503943,,,3274752,,,G,206.002,-6.0263,337.287,,0.07444125722060001,-18.78,0.7574781369961902,2558585886.905653
1340346,1503944,,,3274754,,,G,205.989,-3.3961,651.628,,0.137698118849,-19.84,0.7574783880047604,6792036326.171857
1340347,1503945,,,3274755,,,G,205.987,-3.3466,1492.79,,0.288328674164,-21.59,0.7574796460276695,34040818970.100086
1340348,1503946,,,3274757,,,G,205.984,-5.2683,424.62,,0.0925224762612,-19.23,0.7574797891437881,3872576449.216165
1340349,1503947,,,3274759,,,G,205.957,-3.1487,597.035,,0.127055103528,-19.76,0.7574800223223126,6309573444.801943
1340350,1503948,,,3274760,,,G,205.959,-4.2949,394.457,,0.08632537316269999,-19.25,0.7574801680991585,3944573020.752801
1340351,1503949,,,3274761,,,G,205.952,-3.8342,972.747,,0.19787910894,-21.09,0.7574809618579524,21478304741.30537
1340352,1503950,,,3274762,,,G,205.954,-4.671,816.582,,0.169098174549,-20.74,0.7574815368853663,15559656316.05075
1340353,1503951,,,3274763,,,G,205.954,-5.0127,332.66,,0.0734710567355,-18.76,0.7574816297154091,2511886431.509582
1340354,1503952,,,3274764,,,G,205.944,-2.75518,508.159,,0.109436724718,-20.34,0.7574820275371831,10764652136.29835
1340355,1503953,,,3274765,,,G,205.944,-4.325,304.789,,0.0676013438007,-18.55,0.7574821040419594,2070141348.7910454
1340356,1503954,,,3274767,,,G,205.93,-4.598,1270.57,,0.250588925294,-21.31,0.7574830760918367,26302679918.95381
1340357,1503955,,,3274768,,,G,205.93,-5.1043,420.727,,0.09172531586269997,-19.47,0.7574832546125239,4830588020.397738
1340358,1503956,,,3274769,,,G,205.925,-4.0145,912.011,,0.186787323394,-21.39,0.7574843009904026,28313919957.993908
1340359,1503957,,,3274770,,,G,205.929,-5.8668,426.58,,0.0929235764618,-19.35,0.7574844608315359,4325138310.350115
1340360,1503958,,,3274771,,,G,205.922,-5.1694,639.735,,0.135390637695,-20.64,0.7574849852627703,14190575216.890957
1340361,1503959,,,3274772,,,G,205.925,-6.1817,420.727,,0.09172531586269997,-19.26,0.7574851323884729,3981071705.534985
1340362,1503960,,,3274773,,,G,205.92,-4.989,765.597,,0.15950851975400002,-20.23,0.7574854918799097,9727472237.76964
1340363,1503961,,,3274774,,,G,205.916,-4.3739,1066.6,,0.21477928739,-20.98,0.757486209159626,19408858775.92779
1340364,1503962,,,3274775,,,G,205.908,-2.84804,711.2139999999998,,0.149167694584,-20.66,0.757486743340765,14454397707.459282
1340365,1503963,,,3274776,,,G,205.914,-4.7453,496.592,,0.107115803558,-20.68,0.7574872874530729,14723125024.327225
1340366,1503964,,,3274777,,,G,205.906,-5.0735,390.841,,0.08557924278960001,-20.45,0.7574877276921099,11912420080.273762
1340367,1503965,,,3274778,,,G,205.902,-5.2485,426.58,,0.0929235764618,-18.91,0.7574878342752596,2884031503.1266
1340368,1503966,,,3274780,,,G,205.894,-4.808,519.996,,0.111805105903,-19.33,0.7574879911989633,4246195639.4631295
1340369,1503967,,,3274781,,,G,205.895,-5.0147,772.681,,0.16084706042400002,-20.2,0.7574883408932603,9462371613.657913
1340370,1503968,,,3274782,,,G,205.891,-4.3323,505.825,,0.108969054485,-19.32,0.7574884963782789,4207266283.8444633
1340371,1503969,,,3274785,,,G,205.86900000000003,-2.90529,891.2510000000002,,0.182967001484,-20.6,0.7574890018403235,13677288255.958578
1340372,1503970,,,3274787,,,G,205.866,-4.4861,343.55800000000005,,0.0757537578769,-19.0,0.7574891176349883,3133285724.315589
1340373,1503971,,,3274790,,,G,205.861,-5.5256,512.861,,0.110378365189,-20.48,0.7574895702078933,12246161992.650517
1340374,1503972,,,3274791,,,G,205.861,-5.812,928.966,,0.189896374948,-20.82,0.7574901892049013,16749428760.26445
1340375,1503973,,,3274793,,,G,205.837,-4.80991,430.527,,0.0937303968652,-18.94,0.7574902987741162,2964831389.524339
1340376,1503974,,,3274794,,,G,205.834,-4.9513,414.954,,0.090541965271,-18.94,0.7574904083433309,2964831389.524339
1340377,1503975,,,3274795,,,G,205.832,-4.4847,1028.02,,0.207866293933,-21.0,0.7574911389582729,19769696401.11866
1340378,1503976,,,3274796,,,G,205.829,-5.2175,424.62,,0.0925224762612,-19.24,0.7574912833986287,3908408957.9240093
1340379,1503977,,,3274797,,,G,205.83,-5.3636,831.7639999999999,,0.171934645967,-21.43,0.7574923690454117,29376496519.615425
1340380,1503978,,,3274798,,,G,205.824,-4.6658,303.389,,0.06730524365259999,-18.66,0.7574924537074168,2290867652.76777
1340381,1503979,,,3274799,,,G,205.815,-5.1923,424.62,,0.0925224762612,-19.36,0.7574926150275418,4365158322.401666
1340382,1503980,,,3274800,,,G,205.811,-4.6397,405.509,,0.0886017743009,-19.62,0.7574928199967152,5546257129.579103
1340383,1503981,,,3274802,,,G,205.807,-5.32757,594.2919999999998,,0.12651687325799998,-19.9,0.7574930852669671,7177942912.713644
1340384,1503982,,,3274803,,,G,205.801,-3.0296,636.7959999999998,,0.13481943741,-20.11,0.7574934071429331,8709635899.560833
1340385,1503983,,,3274804,,,G,205.806,-5.6038,299.226,,0.066424083212,-18.42,0.7574934750146055,1836538343.3483512
1340386,1503984,,,3274807,,,G,205.804,-6.3064800000000005,416.869,,0.0909346654673,-19.0,0.7574935908092703,3133285724.315589
1340387,1503985,,,3274809,,,G,205.788,-4.7647,418.794,,0.0913292556646,-20.05,0.7574938953802707,8241381150.13003
1340388,1503986,,,3274810,,,G,205.779,-4.34021,510.505,,0.109906704953,-19.71,0.7574941180640328,6025595860.743593
1340389,1503987,,,3274815,,,G,205.767,-5.5548,390.841,,0.08557924278960001,-19.66,0.7574943307253745,5754399373.371567
1340390,1503988,,,3274816,,,G,205.746,-3.44584,602.56,,0.128138284069,-20.04,0.7574946325040511,8165823713.585939
1340391,1503989,,,3274817,,,G,205.745,-3.5152,602.56,,0.128138284069,-19.6,0.7574948337321156,5445026528.424242
1340392,1503990,,,3274818,,,G,205.74400000000003,-3.0981,317.687,,0.0703233651617,-18.89,0.7574949383699034,2831391995.799391
1340393,1503991,,,3274819,,,G,205.74400000000003,-3.7262,903.649,,0.185250332625,-20.55,0.7574954210824085,13061708881.318405
1340394,1503992,,,3274820,,,G,205.738,-4.141,334.195,,0.0737929868965,-19.12,0.757495550409214,3499451670.2835765
1340395,1503993,,,3274822,,,G,205.725,-3.8134,426.58,,0.0929235764618,-19.48,0.7574957305817327,4875284901.033871
1340396,1503994,,,3274823,,,G,205.726,-4.8165,422.669,,0.0921230560615,-19.6,0.7574959318097971,5445026528.424242
1340397,1503995,,,3274825,,,G,205.717,-3.17201,522.396,,0.112284326142,-19.47,0.7574961103304843,4830588020.397738
1340398,1503996,,,3274826,,,G,205.716,-2.8263,1000.0,,0.202815791408,-20.79,0.7574967124581053,16292960326.397282
1340399,1503997,,,3274833,,,G,205.703,-3.6358,390.841,,0.08557924278960001,-19.0,0.7574968282527701,3133285724.315589
1340400,1503998,,,3274834,,,G,205.7,-3.4251,663.743,,0.140042140021,-20.15,0.7574971622082312,9036494737.223042
1340401,1503999,,,3274835,,,G,205.696,-5.7461,663.743,,0.140042140021,-20.18,0.7574975055198879,9289663867.7994
1340402,1504000,,,3274836,,,G,205.686,-3.0992900000000003,311.889,,0.0691009545505,-19.22,0.7574976473239103,3837072454.9228
1340403,1504001,,,3274837,,,G,205.681,-5.33473,337.287,,0.07444125722060001,-18.66,0.7574977319859154,2290867652.76777
1340404,1504002,,,3274838,,,G,205.665,-2.81295,1000.0,,0.202815791408,-20.83,0.7574983567104322,16904409316.4327
1340405,1504003,,,3274839,,,G,205.663,-3.7519,422.669,,0.0921230560615,-18.92,0.7574984642797836,2910717118.06662
1340406,1504004,,,3274841,,,G,205.654,-2.9586900000000003,701.455,,0.14729932365,-20.38,0.7574988770311786,11168632477.805613
1340407,1504005,,,3274842,,,G,205.658,-4.6602,772.681,,0.16084706042400002,-20.27,0.7574992500137595,10092528860.766834
1340408,1504006,,,3274844,,,G,205.653,-3.40825,399.945,,0.0874566437283,-18.73,0.7574993403139256,2443430552.693971
1340409,1504007,,,3274845,,,G,205.654,-4.76549,517.607,,0.111327565664,-19.52,0.7574995272480336,5058246620.031148
1340410,1504008,,,3274846,,,G,205.647,-3.8459,426.58,,0.0929235764618,-18.91,0.7574996338311832,2884031503.1266
1340411,1504009,,,3274847,,,G,205.652,-6.0949,597.035,,0.127055103528,-19.63,0.7574998406969131,5597576014.951093
1340412,1504010,,,3274852,,,G,205.634,-6.4987,591.562,,0.12598074299,-19.61,0.7575000437869179,5495408738.576271
1340413,1504011,,,3274853,,,G,205.626,-3.0335,714.4960000000002,,0.149795174898,-20.31,0.7575004307669442,10471285480.508986
1340414,1504012,,,3274854,,,G,205.632,-6.1109,428.549,,0.09332614666310003,-19.16,0.7575005649471798,3630780547.7010174
1340415,1504013,,,3274856,,,G,205.629,-6.3744,672.977,,0.141824620912,-20.02,0.7575008612177747,8016780633.876789
1340416,1504014,,,3274857,,,G,205.616,-3.05084,494.311,,0.106657373329,-19.7,0.7575010818599598,5970352865.838366
1340417,1504015,,,3274858,,,G,205.608,-2.7905,707.946,,0.148542524271,-20.04,0.7575013836386364,8165823713.585939
1340418,1504016,,,3274860,,,G,205.605,-3.82418,727.78,,0.152330296165,-20.19,0.7575017301269169,9375620069.258831
1340419,1504017,,,3274861,,,G,205.605,-4.68947,515.229,,0.110852125426,-19.44,0.7575019037824198,4698941086.05216
1340420,1504018,,,3274862,,,G,205.597,-3.8261,734.5139999999999,,0.153612766806,-20.19,0.7575022502707003,9375620069.258831
1340421,1504019,,,3274863,,,G,205.592,-3.86171,698.232,,0.146681503341,-20.12,0.7575025751249479,8790225168.308859
1340422,1504020,,,3274864,,,G,205.576,-2.77058,313.329,,0.0694048247024,-19.16,0.7575027093051834,3630780547.7010174
1340423,1504021,,,3274868,,,G,205.57,-5.7869,524.807,,0.112765646383,-19.45,0.7575028845675008,4742419852.6024475
1340424,1504022,,,3274869,,,G,205.567,-5.6822,972.747,,0.19787910894,-20.71,0.7575034439238213,15135612484.362131
1340425,1504023,,,3274870,,,G,205.558,-2.9213,591.562,,0.12598074299,-19.74,0.7575036728463581,6194410750.767812
1340426,1504024,,,3274871,,,G,205.549,-2.77737,651.628,,0.137698118849,-20.14,0.7575040037400971,8953647655.495974
1340427,1504025,,,3274872,,,G,205.551,-4.4401,776.247,,0.16151990076,-20.37,0.7575044127073647,11066237839.776676
1340428,1504026,,,3274874,,,G,205.542,-2.9381,721.107,,0.151057695529,-20.26,0.7575047822704207,10000000000.0
1340429,1504027,,,3274875,,,G,205.548,-6.4104,354.8130000000001,,0.078104079052,-18.82,0.7575048803748351,2654605561.975548
1340430,1504028,,,3274877,,,G,205.547,-5.9972,688.6519999999998,,0.144842322421,-20.59,0.7575053812027759,13551894123.510351
1340431,1504029,,,3274878,,,G,205.535,-3.0422,586.138,,0.124914782457,-19.69,0.7575055998221012,5915616341.754743
1340432,1504030,,,3274880,,,G,205.533,-2.79544,651.628,,0.137698118849,-19.69,0.7575058184414265,5915616341.754743
1340433,1504031,,,3274881,,,G,205.537,-4.8488,515.229,,0.110852125426,-19.35,0.7575059782825597,4325138310.350115
1340434,1504032,,,3274882,,,G,205.53,-4.2538,633.87,,0.134250547125,-20.08,0.757506291386512,8472274141.40598
1340435,1504033,,,3274883,,,G,205.527,-5.0722,307.61,,0.0681975340988,-18.42,0.7575063592581843,1836538343.3483512
1340436,1504034,,,3274888,,,G,205.518,-5.7417,351.56,,0.0774255687128,-18.87,0.7575064619861174,2779713267.759294
1340437,1504035,,,3274889,,,G,205.51,-2.9340200000000003,717.794,,0.150425175213,-20.26,0.7575068315491734,10000000000.0
1340438,1504036,,,3274890,,,G,205.514,-5.3935,522.396,,0.112284326142,-19.74,0.7575070604717102,6194410750.767812
1340439,1504037,,,3274892,,,G,205.509,-3.17577,704.693,,0.14791966396,-20.05,0.7575073650427107,8241381150.13003
1340440,1504038,,,3274893,,,G,205.514,-5.9838,567.545,,0.121250280625,-20.25,0.7575077312175922,9908319448.927729
1340441,1504039,,,3274894,,,G,205.509,-3.84768,306.196,,0.0678987039494,-18.4,0.7575077978504668,1803017740.8595695
1340442,1504040,,,3274895,,,G,205.51,-5.1643,508.159,,0.109436724718,-19.27,0.7575079463375067,4017908108.4893923
1340443,1504041,,,3274898,,,G,205.5,-4.5337,755.092,,0.15752023876,-20.23,0.7575083058289435,9727472237.76964
1340444,1504042,,,3274900,,,G,205.499,-6.2016,334.195,,0.0737929868965,-18.96,0.7575084174352021,3019951720.4020314
1340445,1504043,,,3274901,,,G,205.493,-6.0347,564.937,,0.12073494036699997,-20.86,0.7575090596621873,17378008287.49384
1340446,1504044,,,3274902,,,G,205.483,-3.0224900000000003,633.87,,0.134250547125,-20.17,0.7575093998263439,9204495717.53176
1340447,1504045,,,3274904,,,G,205.482,-5.70584,554.626,,0.118694579347,-20.22,0.7575097560219434,9638290236.239744
1340448,1504046,,,3274906,,,G,205.48,-6.4567,1142.88,,0.22831274415600006,-21.15,0.7575105948801351,22698648518.838303
1340449,1504047,,,3274907,,,G,205.476,-5.4666,354.8130000000001,,0.078104079052,-19.25,0.757510740656981,3944573020.752801
1340450,1504048,,,3274908,,,G,205.471,-4.248,968.278,,0.197067248534,-20.78,0.7575113372642628,16143585568.264938
1340451,1504049,,,3274910,,,G,205.468,-5.7735,414.954,,0.090541965271,-19.12,0.7575114665910683,3499451670.2835765
1340452,1504050,,,3274911,,,G,205.456,-2.95665,794.328,,0.164924632462,-20.68,0.7575120107033759,14723125024.327225
1340453,1504051,,,3274912,,,G,205.455,-4.3683,772.681,,0.16084706042400002,-20.54,0.7575124889903464,12941958414.499916
1340454,1504052,,,3274913,,,G,205.45,-4.80281,1164.13,,0.232052006026,-21.32,0.7575134700344905,26546055619.75547
1340455,1504053,,,3274914,,,G,205.449,-5.3754,332.66,,0.0734710567355,-18.5,0.7575135430959847,1976969640.111866
1340456,1504054,,,3274915,,,G,205.445,-3.17538,879.023,,0.180709710355,-20.9,0.7575142094247311,18030177408.5957
1340457,1504055,,,3274916,,,G,205.445,-4.4108,1081.43,,0.217424238712,-20.96,0.7575149136126174,19054607179.632526
1340458,1504056,,,3274918,,,G,205.443,-4.3335,340.408,,0.0750947775474,-18.69,0.7575150006465384,2355049283.896009
1340459,1504057,,,3274919,,,G,205.444,-4.8212,337.287,,0.07444125722060001,-18.61,0.7575150814981255,2187761623.949561
1340460,1504058,,,3274920,,,G,205.435,-4.7738,515.229,,0.110852125426,-19.75,0.7575153125388565,6251726927.756875
1340461,1504059,,,3274921,,,G,205.427,-6.2881,392.645,,0.0859515729758,-18.86,0.7575154143249742,2754228703.338175
1340462,1504060,,,3274923,,,G,205.415,-5.4204,870.9639999999998,,0.17921891960900002,-21.2,0.7575162927173343,23768402866.24873
1340463,1504061,,,3274924,,,G,205.41,-3.04625,1042.32,,0.210434175217,-20.79,0.7575168948449554,16292960326.397282
1340464,1504062,,,3274926,,,G,205.406,-2.94148,645.654,,0.13653975827,-20.37,0.7575173038122229,11066237839.776676
1340465,1504063,,,3274927,,,G,205.398,-4.1117,399.945,,0.0874566437283,-19.24,0.7575174482525787,3908408957.9240093
1340466,1504064,,,3274928,,,G,205.396,-5.90372,912.011,,0.186787323394,-20.97,0.7575181589562351,19230917289.101616
1340467,1504065,,,3274929,,,G,205.396,-5.856,349.945,,0.0770885185443,-19.3,0.7575183116033323,4130475019.9016094
1340468,1504066,,,3274931,,,G,205.391,-5.66436,928.966,,0.189896374948,-20.61,0.7575188217423597,13803842646.028866
1340469,1504067,,,3274933,,,G,205.383,-3.5948,698.232,,0.146681503341,-20.08,0.7575191348463121,8472274141.40598
1340470,1504068,,,3274936,,,G,205.373,-6.119669999999998,639.735,,0.135390637695,-20.17,0.7575194750104687,9204495717.53176
1340471,1504069,,,3274937,,,G,205.373,-6.2691,657.658,,0.138865509433,-20.13,0.7575198028705556,8871560120.37962
1340472,1504070,,,3274938,,,G,205.363,-3.86569,907.821,,0.186017673009,-20.6,0.7575203083326003,13677288255.958578
1340473,1504071,,,3274940,,,G,205.356,-4.7519,414.954,,0.090541965271,-19.07,0.7575204318387406,3341950400.261149
1340474,1504072,,,3274941,,,G,205.349,-3.758,334.195,,0.0737929868965,-18.66,0.7575205165007456,2290867652.76777
1340475,1504073,,,3274942,,,G,205.35,-4.691,779.83,,0.162195681098,-20.22,0.7575208726963452,9638290236.239744
1340476,1504074,,,3274944,,,G,205.345,-5.0892,515.229,,0.110852125426,-20.48,0.7575213252692502,12246161992.650517
1340477,1504075,,,3274945,,,G,205.329,-4.2197,937.562,,0.191468855734,-20.6,0.7575218307312949,13677288255.958578
1340478,1504076,,,3274946,,,G,205.327,-4.75026,1023.29,,0.207015583508,-21.15,0.7575226695894864,22698648518.838303
1340479,1504077,,,3274947,,,G,205.325,-4.09087,399.945,,0.0874566437283,-19.34,0.7575228279651872,4285485203.9743924
1340480,1504078,,,3274948,,,G,205.328,-6.0204,642.688,,0.135964147982,-20.27,0.7575232009477681,10092528860.766834
1340481,1504079,,,3274951,,,G,205.31,-2.7807,827.942,,0.17122127561099998,-20.67,0.7575237400716245,14588142602.753534
1340482,1504080,,,3274952,,,G,205.30900000000003,-2.9315,562.341,,0.120221700111,-19.67,0.7575239547006974,5807644175.2131605
1340483,1504081,,,3274953,,,G,205.307,-4.9373,790.679,,0.164238562119,-20.28,0.7575243311344437,10185913880.541231
1340484,1504082,,,3274957,,,G,205.285,-3.38873,698.232,,0.146681503341,-20.3,0.7575247145666159,10375284158.180126
1340485,1504083,,,3274959,,,G,205.265,-3.54572,586.138,,0.124914782457,-19.79,0.7575249542779394,6486344335.482401
1340486,1504084,,,3274960,,,G,205.266,-5.2144,354.8130000000001,,0.078104079052,-18.82,0.7575250523823537,2654605561.975548
1340487,1504085,,,3274961,,,G,205.259,-3.8156,340.408,,0.0750947775474,-18.59,0.7575251317582332,2147830474.130529
1340488,1504086,,,3274962,,,G,205.254,-3.3901800000000004,695.0239999999999,,0.146065993033,-20.23,0.7575254912496701,9727472237.76964
1340489,1504087,,,3274964,,,G,205.249,-3.27769,625.173,,0.132557106279,-20.23,0.7575258507411067,9727472237.76964
1340490,1504088,,,3274965,,,G,205.245,-4.8712,797.995,,0.165613642807,-20.79,0.7575264528687278,16292960326.397282
1340491,1504089,,,3274967,,,G,205.238,-3.09661,409.261,,0.08937310468660001,-18.95,0.7575265634517742,2992264636.608183
1340492,1504090,,,3274968,,,G,205.238,-4.32484,946.237,,0.193053306527,-20.65,0.7575270927355109,14321878992.735456
1340493,1504091,,,3274969,,,G,205.236,-4.7283,783.43,,0.162873981437,-20.8,0.7575277004345503,16443717232.149357
1340494,1504092,,,3274970,,,G,205.237,-6.2663,480.839,,0.103944381972,-19.38,0.7575278647538404,4446312674.691084
1340495,1504093,,,3274971,,,G,205.234,-6.2523,651.628,,0.137698118849,-20.01,0.7575281583082103,7943282347.242822
1340496,1504094,,,3274972,,,G,205.217,-3.0580000000000003,422.669,,0.0921230560615,-19.25,0.7575283040850563,3944573020.752801
1340497,1504095,,,3274974,,,G,205.212,-4.5383,517.607,,0.111327565664,-19.34,0.7575284624607572,4285485203.9743924
1340498,1504096,,,3274975,,,G,205.211,-6.2533,657.658,,0.138865509433,-20.11,0.7575287843367232,8709635899.560833
1340499,1504097,,,3274976,,,G,205.203,-3.5655,1066.6,,0.21477928739,-20.88,0.7575294385035994,17701089583.174183
1340500,1504098,,,3274977,,,G,205.204,-3.8806,682.3389999999998,,0.143628101814,-20.42,0.7575298667449004,11587773561.55131
1340501,1504099,,,3274980,,,G,205.2,-4.2466,539.511,,0.115694517847,-20.22,0.7575302229405,9638290236.239744
1340502,1504100,,,3274986,,,G,205.178,-4.8713,448.745,,0.097444038722,-19.28,0.7575303728014736,4055085354.48386
1340503,1504101,,,3274989,,,G,205.172,-5.67,389.045,,0.08520817260410002,-19.82,0.7575306192286211,6668067692.136246
1340504,1504102,,,3274992,,,G,205.145,-4.17736,758.578,,0.15818047909000002,-20.34,0.7575310170503952,10764652136.29835
1340505,1504103,,,3274993,,,G,205.139,-3.19497,1051.96,,0.212161426081,-21.19,0.7575318873896056,23550492838.96009
1340506,1504104,,,3274994,,,G,205.14,-4.3133,334.195,,0.0737929868965,-18.43,0.7575319558892868,1853531623.4148145
1340507,1504105,,,3274995,,,G,205.142,-5.6221,625.173,,0.132557106279,-20.65,0.7575324851730237,14321878992.735456
1340508,1504106,,,3274998,,,G,205.13,-3.47265,847.227,,0.17481479740699998,-20.73,0.7575330549285546,15417004529.495615
1340509,1504107,,,3275000,,,G,205.127,-3.75227,599.7909999999998,,0.12759564379799998,-19.65,0.7575332656402055,5701642722.807478
1340510,1504108,,,3275001,,,G,205.128,-4.6678,682.3389999999998,,0.143628101814,-20.41,0.7575336899553667,11481536214.968842
1340511,1504109,,,3275002,,,G,205.129,-5.65,870.9639999999998,,0.17921891960900002,-20.74,0.7575342649827808,15559656316.05075
1340512,1504110,,,3275003,,,G,205.123,-4.6832,691.831,,0.145453002727,-20.69,0.7575348141296978,14859356422.87009
1340513,1504111,,,3275004,,,G,205.12,-3.97848,751.623,,0.156862728431,-20.13,0.7575351419897848,8871560120.37962
1340514,1504112,,,3275005,,,G,205.12,-4.5084,883.08,,0.18145920073,-20.82,0.7575357609867928,16749428760.26445
1340515,1504113,,,3275007,,,G,205.117,-4.3645,933.254,,0.190681145341,-21.03,0.7575365120708607,20323570109.36229
1340516,1504114,,,3275008,,,G,205.115,-4.42079,941.89,,0.19225971613,-20.84,0.7575371425758823,17060823890.03121
1340517,1504115,,,3275009,,,G,205.111,-4.2451,392.645,,0.0859515729758,-19.09,0.7575372683781733,3404081897.010009
1340518,1504116,,,3275010,,,G,205.103,-2.8748,483.059,,0.104392102196,-19.52,0.7575374553122811,5058246620.031148
1340519,1504117,,,3275011,,,G,205.1,-4.1049,505.825,,0.108969054485,-19.46,0.7575376321962808,4786300923.226399
1340520,1504118,,,3275013,,,G,205.098,-3.6958,701.455,,0.14729932365,-20.37,0.7575380411635483,11066237839.776676
1340521,1504119,,,3275016,,,G,205.095,-5.9975,862.9789999999998,,0.17773967887000006,-21.13,0.7575388647108523,22284351492.702984
1340522,1504120,,,3275017,,,G,205.088,-3.8727,335.73800000000006,,0.07411659705830001,-18.72,0.7575389541831417,2421029046.7361803
1340523,1504121,,,3275018,,,G,205.085,-3.31081,1009.25,,0.204485922243,-21.01,0.7575396915583804,19952623149.688828
1340524,1504122,,,3275019,,,G,205.084,-5.4899,663.743,,0.140042140021,-19.97,0.7575399744946021,7655966069.112569
1340525,1504123,,,3275020,,,G,205.083,-6.0934,544.503,,0.116686558343,-20.07,0.7575402847280001,8394599865.193998
1340526,1504124,,,3275021,,,G,205.079,-4.363,510.505,,0.109906704953,-20.12,0.7575406095822478,8790225168.308859
1340527,1504125,,,3275023,,,G,205.071,-4.010280000000002,758.578,,0.15818047909000002,-20.23,0.7575409690736845,9727472237.76964
1340528,1504126,,,3275024,,,G,205.07,-3.5622,392.645,,0.0859515729758,-18.68,0.7575410553096739,2333458062.281005
1340529,1504127,,,3275026,,,G,205.071,-5.97379,610.942,,0.129778804889,-20.02,0.7575413515802688,8016780633.876789
1340530,1504128,,,3275027,,,G,205.067,-4.897,387.258,,0.08483899241949999,-18.96,0.7575414631865275,3019951720.4020314
1340531,1504129,,,3275029,,,G,205.061,-3.0822,990.832,,0.201157840579,-20.97,0.7575421738901839,19230917289.101616
1340532,1504130,,,3275030,,,G,205.061,-4.855,392.645,,0.0859515729758,-18.87,0.7575422766181169,2779713267.759294
1340533,1504131,,,3275031,,,G,205.052,-4.5802,679.204,,0.143024771512,-20.45,0.7575427168571539,11912420080.273762
1340534,1504132,,,3275032,,,G,205.045,-4.1584,755.092,,0.15752023876,-20.13,0.7575430447172409,8871560120.37962
1340535,1504133,,,3275033,,,G,205.038,-3.822,691.831,,0.145453002727,-19.95,0.7575433224892946,7516228940.182045
1340536,1504134,,,3275034,,,G,205.034,-4.0486,758.578,,0.15818047909000002,-20.42,0.7575437507305955,11587773561.55131
1340537,1504135,,,3275036,,,G,205.028,-3.4273,625.173,,0.132557106279,-20.7,0.7575443049587065,14996848355.02374
1340538,1504136,,,3275037,,,G,205.028,-4.0778,762.079,,0.158843239422,-20.24,0.7575446677764768,9817479430.199823
1340539,1504137,,,3275038,,,G,205.031,-6.0862,1037.53,,0.209574644787,-21.12,0.7575454837734538,22080047330.18906
1340540,1504138,,,3275041,,,G,205.016,-2.8003,430.527,,0.0937303968652,-19.54,0.7575456741829261,5152286445.817583
1340541,1504139,,,3275042,,,G,205.018,-5.4122,688.6519999999998,,0.144842322421,-20.27,0.7575460471655071,10092528860.766834
1340542,1504140,,,3275044,,,G,205.011,-4.382630000000002,616.595,,0.130883615442,-20.12,0.7575463720197546,8790225168.308859
1340543,1504141,,,3275048,,,G,204.987,-4.2481,510.505,,0.109906704953,-19.31,0.7575465260792781,4168693834.7033467
1340544,1504142,,,3275049,,,G,204.981,-3.1522,424.62,,0.0925224762612,-19.03,0.7575466451180807,3221068791.283441
1340545,1504143,,,3275052,,,G,204.953,-3.669,457.088,,0.0991389495695,-19.44,0.7575468187735835,4698941086.05216
1340546,1504144,,,3275054,,,G,204.93400000000003,-2.8717,1042.32,,0.210434175217,-20.88,0.7575474729404598,17701089583.174183
1340547,1504145,,,3275055,,,G,204.932,-3.6934,505.825,,0.108969054485,-19.61,0.7575476760304646,5495408738.576271
1340548,1504146,,,3275056,,,G,204.931,-3.5835,459.198,,0.0995669297835,-19.64,0.7575478848102996,5649369748.123057
1340549,1504147,,,3275057,,,G,204.931,-4.4860000000000015,688.6519999999998,,0.144842322421,-20.0,0.7575481756733468,7870457896.951001
1340550,1504148,,,3275058,,,G,204.917,-3.13365,424.62,,0.0925224762612,-18.94,0.7575482852425616,2964831389.524339
1340551,1504149,,,3275059,,,G,204.919,-5.2216,1037.53,,0.209574644787,-22.05,0.7575502069556578,51999599653.35173
1340552,1504150,,,3275060,,,G,204.916,-3.12699,422.669,,0.0921230560615,-18.96,0.7575503185619165,3019951720.4020314
1340553,1504151,,,3275061,,,G,204.914,-2.81893,430.527,,0.0937303968652,-19.78,0.7575505560755533,6426877173.17022
1340554,1504152,,,3275062,,,G,204.908,-4.2683,564.937,,0.12073494036699997,-20.08,0.7575508691795055,8472274141.40598
1340555,1504153,,,3275063,,,G,204.889,-2.80092,426.58,,0.0929235764618,-19.44,0.7575510428350084,4698941086.05216
1340556,1504154,,,3275064,,,G,204.889,-3.7478,704.693,,0.14791966396,-20.09,0.7575513588360759,8550667128.846841
1340557,1504155,,,3275066,,,G,204.89,-4.3772,616.595,,0.130883615442,-20.27,0.7575517318186569,10092528860.766834
1340558,1504156,,,3275068,,,G,204.873,-3.6092,619.441,,0.13143906572,-19.72,0.7575519565628864,6081350012.7871895
1340559,1504157,,,3275069,,,G,204.865,-3.08098,1004.62,,0.203650331825,-20.96,0.7575526607507725,19054607179.632526
1340560,1504158,,,3275071,,,G,204.855,-3.647,695.0239999999999,,0.146065993033,-20.02,0.7575529570213676,8016780633.876789
1340561,1504159,,,3275073,,,G,204.851,-4.82,597.035,,0.127055103528,-19.91,0.7575532247461348,7244359600.74989
1340562,1504160,,,3275074,,,G,204.836,-3.4402,457.088,,0.0991389495695,-19.32,0.7575533802311534,4207266283.8444633
1340563,1504161,,,3275076,,,G,204.834,-3.6207,619.441,,0.13143906572,-20.15,0.7575537141866144,9036494737.223042
1340564,1504162,,,3275079,,,G,204.807,-2.86251,870.9639999999998,,0.17921891960900002,-20.44,0.7575541503895157,11803206356.517323
1340565,1504163,,,3275080,,,G,204.798,-3.1718,522.396,,0.112284326142,-19.79,0.7575543901008392,6486344335.482401
1340566,1504164,,,3275081,,,G,204.795,-4.7996,605.341,,0.128682814341,-20.04,0.7575546918795159,8165823713.585939
1340567,1504165,,,3275082,,,G,204.784,-4.3012,827.942,,0.17122127561099998,-20.48,0.7575551444524209,12246161992.650517
1340568,1504166,,,3275083,,,G,204.778,-4.3918800000000005,613.762,,0.130330055165,-19.91,0.7575554121771882,7244359600.74989
1340569,1504167,,,3275084,,,G,204.772,-4.972,787.046,,0.163555011778,-20.61,0.7575559223162157,13803842646.028866
1340570,1504168,,,3275085,,,G,204.761,-3.26424,424.62,,0.0925224762612,-18.99,0.7575560370492685,3104559588.128349
1340571,1504169,,,3275086,,,G,204.748,-3.03093,331.131,,0.0731503865752,-18.79,0.7575561324800654,2582260190.634601
1340572,1504170,,,3275087,,,G,204.734,-3.12215,879.023,,0.180709710355,-20.71,0.7575566918363859,15135612484.362131
1340573,1504171,,,3275088,,,G,204.734,-3.666,559.758,,0.119710769855,-19.51,0.7575568770566716,5011872336.272736
1340574,1504172,,,3275090,,,G,204.732,-3.46347,737.904,,0.154257677129,-20.17,0.7575572172208282,9204495717.53176
1340575,1504173,,,3275091,,,G,204.731,-5.03264,411.15,,0.08976118488060003,-19.3,0.7575573698679253,4130475019.9016094
1340576,1504174,,,3275093,,,G,204.72,-5.01238,937.562,,0.191468855734,-20.74,0.7575579448953393,15559656316.05075
1340577,1504175,,,3275094,,,G,204.71,-3.928,701.455,,0.14729932365,-20.62,0.7575584597546249,13931568029.453035
1340578,1504176,,,3275095,,,G,204.706,-3.25602,801.678,,0.166305173153,-20.32,0.7575588503153333,10568175092.136606
1340579,1504177,,,3275098,,,G,204.697,-4.5329,334.195,,0.0737929868965,-18.87,0.7575589530432664,2779713267.759294
1340580,1504178,,,3275099,,,G,204.69,-4.73411,519.996,,0.111805105903,-19.6,0.7575591542713307,5445026528.424242
1340581,1504179,,,3275100,,,G,204.686,-2.9012,454.98800000000006,,0.09871264935630003,-19.29,0.7575593055189508,4092606597.3001275
1340582,1504180,,,3275101,,,G,204.683,-4.4076,613.762,,0.130330055165,-20.54,0.7575597838059211,12941958414.499916
1340583,1504181,,,3275104,,,G,204.677,-4.5360000000000005,578.096,,0.123331801666,-19.57,0.7575599795499622,5296634438.916602
1340584,1504182,,,3275105,,,G,204.666,-2.94665,527.23,,0.113248856624,-19.71,0.7575602022337243,6025595860.743593
1340585,1504183,,,3275106,,,G,204.666,-4.3151,405.509,,0.0886017743009,-19.34,0.7575603606094251,4285485203.9743924
1340586,1504184,,,3275107,,,G,204.649,-3.7195,797.995,,0.165613642807,-20.39,0.7575607771799617,11271974561.75514
1340587,1504185,,,3275108,,,G,204.648,-4.19222,824.138,,0.170510845255,-21.49,0.7575619245104909,31045595881.283493
1340588,1504186,,,3275109,,,G,204.638,-3.61245,537.0319999999998,,0.115201437601,-19.57,0.7575621202545318,5296634438.916602
1340589,1504187,,,3275110,,,G,204.635,-4.588,332.66,,0.0734710567355,-18.69,0.7575622072884529,2355049283.896009
1340590,1504188,,,3275112,,,G,204.62,-5.003,542.001,,0.116189488095,-19.5,0.7575623908106289,4965923214.503378
1340591,1504189,,,3275113,,,G,204.61900000000003,-3.8425,859.0139999999999,,0.17700425850200002,-20.65,0.7575629200943658,14321878992.735456
1340592,1504190,,,3275114,,,G,204.608,-3.85821,701.455,,0.14729932365,-19.95,0.7575631978664196,7516228940.182045
1340593,1504191,,,3275116,,,G,204.587,-4.30376,332.66,,0.0734710567355,-18.6,0.7575632779767548,2167704104.819705
1340594,1504192,,,3275117,,,G,204.586,-3.5219,496.592,,0.107115803558,-19.95,0.7575635557488085,7516228940.182045
1340595,1504193,,,3275118,,,G,204.582,-4.8403,883.08,,0.18145920073,-21.03,0.7575643068328765,20323570109.36229
1340596,1504194,,,3275119,,,G,204.579,-2.77731,519.996,,0.111805105903,-19.76,0.7575645400114009,6309573444.801943
1340597,1504195,,,3275120,,,G,204.558,-3.98881,779.83,,0.162195681098,-20.29,0.7575649199282457,10280162981.264746
1340598,1504196,,,3275122,,,G,204.555,-3.8925,809.096,,0.167696213848,-20.72,0.7575654844602265,15275660582.380762
1340599,1504197,,,3275123,,,G,204.548,-3.3135,862.9789999999998,,0.17773967887000006,-20.81,0.7575660977822359,16595869074.375563
1340600,1504198,,,3275124,,,G,204.547,-2.80189,524.807,,0.112765646383,-19.67,0.757566312411309,5807644175.2131605
1340601,1504199,,,3275125,,,G,204.546,-4.0751,436.516,,0.0949530174765,-19.0,0.7575664282059738,3133285724.315589
1340602,1504200,,,3275126,,,G,204.538,-4.54436,812.831,,0.16839593419799995,-21.47,0.7575675545953606,30478949896.27996
1340603,1504201,,,3275127,,,G,204.535,-4.2595,827.942,,0.17122127561099998,-20.74,0.7575681296227745,15559656316.05075
1340604,1504202,,,3275129,,,G,204.524,-4.0433,816.582,,0.169098174549,-20.74,0.7575687046501886,15559656316.05075
1340605,1504203,,,3275130,,,G,204.509,-3.1917,801.678,,0.166305173153,-20.45,0.7575691448892254,11912420080.273762
1340606,1504204,,,3275131,,,G,204.499,-4.1139,332.66,,0.0734710567355,-18.89,0.7575692495270134,2831391995.799391
1340607,1504205,,,3275132,,,G,204.497,-3.07754,805.378,,0.1669992235,-20.56,0.7575697367060023,13182567385.564049
1340608,1504206,,,3275133,,,G,204.49,-2.76784,594.2919999999998,,0.12651687325799998,-19.71,0.7575699593897643,6025595860.743593
1340609,1504207,,,3275134,,,G,204.481,-3.5726,870.9639999999998,,0.17921891960900002,-20.53,0.7575704332917734,12823305826.560284
1340610,1504208,,,3275137,,,G,204.449,-3.4859400000000003,862.9789999999998,,0.17773967887000006,-20.57,0.757570924978574,13304544179.780985
1340611,1504209,,,3275138,,,G,204.445,-3.39689,619.441,,0.13143906572,-20.22,0.7575712811741736,9638290236.239744
1340612,1504210,,,3275139,,,G,204.443,-4.6579,812.831,,0.16839593419799995,-20.52,0.7575717507314228,12705741052.085394
1340613,1504211,,,3275140,,,G,204.432,-4.5121,597.035,,0.127055103528,-20.15,0.7575720846868839,9036494737.223042
1340614,1504212,,,3275141,,,G,204.416,-3.6577,432.514,,0.0941363270682,-19.62,0.7575722896560573,5546257129.579103
1340615,1504213,,,3275143,,,G,204.413,-2.81799,812.831,,0.16839593419799995,-20.36,0.7575726948738903,10964781961.431871
1340616,1504214,,,3275144,,,G,204.412,-4.2526,816.582,,0.169098174549,-20.39,0.7575731114444271,11271974561.75514
1340617,1504215,,,3275147,,,G,204.398,-3.32521,554.626,,0.118694579347,-19.67,0.7575733260734999,5807644175.2131605
1340618,1504216,,,3275148,,,G,204.392,-2.90783,487.528,,0.105292582646,-19.36,0.757573487393625,4365158322.401666
1340619,1504217,,,3275150,,,G,204.385,-3.3697,835.6030000000002,,0.172650326325,-20.61,0.7575739975326524,13803842646.028866
1340620,1504218,,,3275151,,,G,204.384,-4.2001,707.946,,0.148542524271,-20.22,0.7575743537282519,9638290236.239744
1340621,1504219,,,3275152,,,G,204.378,-4.0737,820.352,,0.16980335490200002,-20.47,0.7575748021519436,12133888504.649809
1340622,1504220,,,3275155,,,G,204.36,-3.51671,496.592,,0.107115803558,-19.4,0.7575749695261574,4528975799.036214
1340623,1504221,,,3275156,,,G,204.358,-2.89038,465.586,,0.100861580431,-20.16,0.7575753065716703,9120108393.559114
1340624,1504222,,,3275157,,,G,204.352,-3.9977,505.825,,0.108969054485,-19.32,0.7575754620566888,4207266283.8444633
1340625,1504223,,,3275158,,,G,204.326,-3.40735,812.831,,0.16839593419799995,-20.69,0.757576011203606,14859356422.87009
1340626,1504224,,,3275159,,,G,204.308,-4.0361,707.946,,0.148542524271,-20.45,0.757576451442643,11912420080.273762
1340627,1504225,,,3275160,,,G,204.289,-4.5878,866.962,,0.17847782923900002,-20.55,0.7575769341551479,13061708881.318405
1340628,1504226,,,3275161,,,G,204.285,-2.87458,812.831,,0.16839593419799995,-20.76,0.7575775198731197,15848931924.611176
1340629,1504227,,,3275162,,,G,204.285,-4.2129,827.942,,0.17122127561099998,-20.51,0.7575779851254422,12589254117.941713
1340630,1504228,,,3275163,,,G,204.277,-3.42555,396.278,,0.0867008533504,-18.95,0.7575780957084886,2992264636.608183
1340631,1504229,,,3275164,,,G,204.278,-3.9451,831.7639999999999,,0.171934645967,-21.77,0.7575795805788881,40179081084.89392
1340632,1504230,,,3275165,,,G,204.274,-3.9154,557.186,,0.119201729601,-19.47,0.7575797590995752,4830588020.397738
1340633,1504231,,,3275166,,,G,204.275,-4.855180000000002,532.1080000000002,,0.114221157111,-19.4,0.7575799264737889,4528975799.036214
1340634,1504232,,,3275167,,,G,204.263,-4.8419,396.278,,0.0867008533504,-19.5,0.7575801099959649,4965923214.503378
1340635,1504233,,,3275168,,,G,204.254,-4.3905,547.016,,0.117185518593,-20.25,0.7575804761708465,9908319448.927729
1340636,1504234,,,3275169,,,G,204.252,-3.8758,559.758,,0.119710769855,-19.55,0.7575806683421561,5199959965.335173
1340637,1504235,,,3275170,,,G,204.245,-3.16027,816.582,,0.169098174549,-20.41,0.7575810926573173,11481536214.968842
1340638,1504236,,,3275172,,,G,204.238,-3.3256,847.227,,0.17481479740699998,-20.4,0.7575815130823338,11376272858.234331
1340639,1504237,,,3275173,,,G,204.238,-3.8368,827.942,,0.17122127561099998,-20.45,0.7575819533213707,11912420080.273762
1340640,1504238,,,3275174,,,G,204.236,-4.5198,691.831,,0.145453002727,-20.3,0.7575823367535429,10375284158.180126
1340641,1504239,,,3275176,,,G,204.217,-2.805,335.73800000000006,,0.07411659705830001,-18.47,0.7575824078239085,1923091728.9101613
1340642,1504240,,,3275178,,,G,204.205,-3.6975,920.45,,0.188336074168,-20.96,0.7575831120117946,19054607179.632526
1340643,1504241,,,3275180,,,G,204.198,-3.8135,489.779,,0.105745762873,-19.38,0.7575832763310847,4446312674.691084
1340644,1504242,,,3275181,,,G,204.193,-2.9826,851.138,,0.175541817771,-20.62,0.7575837911903703,13931568029.453035
1340645,1504243,,,3275182,,,G,204.189,-3.08482,517.607,,0.111327565664,-19.44,0.7575839648458732,4698941086.05216
1340646,1504244,,,3275183,,,G,204.188,-4.2683,332.66,,0.0734710567355,-18.69,0.7575840518797943,2355049283.896009
1340647,1504245,,,3275184,,,G,204.18400000000003,-4.7184,492.04,,0.1062006231,-20.05,0.7575843564507947,8241381150.13003
1340648,1504246,,,3275185,,,G,204.182,-3.7878,557.186,,0.119201729601,-19.85,0.7575846097819185,6854882264.526649
1340649,1504247,,,3275186,,,G,204.172,-3.7696,492.04,,0.1062006231,-19.36,0.7575847711020436,4365158322.401666
1340650,1504248,,,3275187,,,G,204.166,-3.1187,389.045,,0.08520817260410002,-18.81,0.7575848683070313,2630267991.895381
1340651,1504249,,,3275188,,,G,204.163,-3.48403,776.247,,0.16151990076,-20.62,0.7575853831663171,13931568029.453035
1340652,1504250,,,3275189,,,G,204.159,-4.632,950.605,,0.193850046925,-20.77,0.7575859743038704,15995580286.146713
1340653,1504251,,,3275191,,,G,204.15,-3.7055,496.592,,0.107115803558,-19.75,0.7575862053446013,6251726927.756875
1340654,1504252,,,3275193,,,G,204.128,-3.849,835.6030000000002,,0.172650326325,-21.06,0.7575869774712645,20892961308.54041
1340655,1504253,,,3275194,,,G,204.126,-4.44177,870.9639999999998,,0.17921891960900002,-20.53,0.7575874513732735,12823305826.560284
1340656,1504254,,,3275195,,,G,204.12,-3.31362,396.278,,0.0867008533504,-19.14,0.7575875831044437,3564511334.262453
1340657,1504255,,,3275196,,,G,204.117,-4.29879,928.966,,0.189896374948,-20.69,0.7575881322513609,14859356422.87009
1340658,1504256,,,3275198,,,G,204.109,-4.2109,717.794,,0.150425175213,-20.22,0.7575884884469604,9638290236.239744
1340659,1504257,,,3275200,,,G,204.105,-3.3427,465.586,,0.100861580431,-19.32,0.7575886439319789,4207266283.8444633
1340660,1504258,,,3275201,,,G,204.104,-3.1654,608.135,,0.129229864615,-19.68,0.7575888605469903,5861381645.140297
1340661,1504259,,,3275202,,,G,204.103,-4.1364,862.9789999999998,,0.17773967887000006,-20.65,0.7575893898307271,14321878992.735456
1340662,1504260,,,3275203,,,G,204.088,-4.8544,522.396,,0.112284326142,-19.74,0.7575896187532639,6194410750.767812
1340663,1504261,,,3275204,,,G,204.08,-3.3382,1174.9,,0.233942216971,-21.89,0.7575912771504408,44874538993.313324
1340664,1504262,,,3275206,,,G,204.074,-3.8279,542.001,,0.116189488095,-19.64,0.7575914859302757,5649369748.123057
1340665,1504263,,,3275208,,,G,204.055,-4.2395,714.4960000000002,,0.149795174898,-20.15,0.7575918198857368,9036494737.223042
1340666,1504264,,,3275210,,,G,204.047,-3.4742,562.341,,0.120221700111,-19.6,0.7575920211138012,5445026528.424242
1340667,1504265,,,3275211,,,G,204.042,-3.12566,512.861,,0.110378365189,-19.67,0.7575922357428743,5807644175.2131605
1340668,1504266,,,3275212,,,G,204.036,-3.21957,517.607,,0.111327565664,-19.7,0.7575924563850592,5970352865.838366
1340669,1504267,,,3275215,,,G,204.007,-2.77129,489.779,,0.105745762873,-19.56,0.7575926503345082,5248074602.497712
1340670,1504268,,,3275216,,,G,204.002,-4.1615,426.58,,0.0929235764618,-19.92,0.7575929205365023,7311390834.834217
1340671,1504269,,,3275218,,,G,203.996,-2.84022,478.63,,0.103498551749,-19.41,0.7575930894594105,4570881896.148752
1340672,1504270,,,3275219,,,G,203.995,-3.4560800000000005,398.107,,0.08707801353900001,-19.67,0.7575933040884836,5807644175.2131605
1340673,1504271,,,3275220,,,G,203.99,-3.6662,549.5409999999998,,0.117686578843,-19.89,0.7575935669267232,7112135136.533323
1340674,1504272,,,3275221,,,G,203.985,-3.54605,787.046,,0.163555011778,-20.41,0.7575939912418844,11481536214.968842
1340675,1504273,,,3275222,,,G,203.982,-3.6414,503.501,,0.108502854251,-19.31,0.7575941453014078,4168693834.7033467
1340676,1504274,,,3275223,,,G,203.981,-3.2772,394.457,,0.08632537316269999,-19.38,0.7575943096206978,4446312674.691084
1340677,1504275,,,3275226,,,G,203.965,-4.0626,309.03,,0.0684974142487,-19.43,0.7575944816841175,4655860935.229601
1340678,1504276,,,3275227,,,G,203.954,-4.0188,758.578,,0.15818047909000002,-20.39,0.7575948982546541,11271974561.75514
1340679,1504277,,,3275228,,,G,203.951,-3.9954,434.51,,0.0945437272719,-19.63,0.7575951051203841,5597576014.951093
1340680,1504278,,,3275229,,,G,203.951,-3.7053,916.22,,0.18756012378,-21.08,0.7575958916019535,21281390459.827183
1340681,1504279,,,3275233,,,G,203.938,-3.6038,510.505,,0.109906704953,-19.26,0.7575960387276559,3981071705.534985
1340682,1504280,,,3275234,,,G,203.938,-3.02918,494.311,,0.106657373329,-19.78,0.7575962762412929,6426877173.17022
1340683,1504281,,,3275235,,,G,203.933,-4.1069,304.789,,0.0676013438007,-19.33,0.7575964331649967,4246195639.4631295
1340684,1504282,,,3275236,,,G,203.932,-4.1379,737.904,,0.154257677129,-20.05,0.7575967377359971,8241381150.13003
1340685,1504283,,,3275237,,,G,203.926,-4.1367,426.58,,0.0929235764618,-19.97,0.7575970206722188,7655966069.112569
1340686,1504284,,,3275238,,,G,203.921,-4.3032,597.035,,0.127055103528,-19.71,0.7575972433559809,6025595860.743593
1340687,1504285,,,3275239,,,G,203.922,-3.7868,610.942,,0.129778804889,-19.65,0.7575974540676319,5701642722.807478
1340688,1504286,,,3275240,,,G,203.917,-3.01667,492.04,,0.1062006231,-19.56,0.7575976480170807,5248074602.497712
1340689,1504287,,,3275241,,,G,203.912,-2.76155,489.779,,0.105745762873,-19.81,0.7575978921849705,6606934480.075964
1340690,1504288,,,3275242,,,G,203.89,-4.2816,895.365,,0.183725311863,-20.84,0.7575985226899922,17060823890.03121
1340691,1504289,,,3275243,,,G,203.886,-3.46958,505.825,,0.108969054485,-19.44,0.757598696345495,4698941086.05216
1340692,1504290,,,3275247,,,G,203.874,-2.90881,639.735,,0.135390637695,-20.19,0.7575990428337755,9375620069.258831
1340693,1504291,,,3275250,,,G,203.855,-4.4373,1018.59,,0.206169493085,-20.8,0.7575996505328149,16443717232.149357
1340694,1504292,,,3275251,,,G,203.853,-3.22775,765.597,,0.15950851975400002,-20.25,0.7576000167076964,9908319448.927729
1340695,1504293,,,3275252,,,G,203.849,-3.54481,492.04,,0.1062006231,-19.49,0.7576001985473308,4920395356.814511
1340696,1504294,,,3275253,,,G,203.846,-3.5674,496.592,,0.107115803558,-19.29,0.757600349794951,4092606597.3001275
1340697,1504295,,,3275254,,,G,203.841,-4.1367,827.942,,0.17122127561099998,-20.53,0.7576008236969599,12823305826.560284
1340698,1504296,,,3275255,,,G,203.841,-3.40024,496.592,,0.107115803558,-19.74,0.7576010526194968,6194410750.767812
1340699,1504297,,,3275256,,,G,203.838,-3.48662,501.187,,0.108038544019,-19.58,0.7576012501747351,5345643593.969735
1340700,1504298,,,3275257,,,G,203.835,-4.5198,329.61,,0.0728309764155,-18.69,0.7576013372086561,2355049283.896009
1340701,1504299,,,3275258,,,G,203.828,-3.698,515.229,,0.110852125426,-19.31,0.7576014912681795,4168693834.7033467
1340702,1504300,,,3275259,,,G,203.824,-4.5647,695.0239999999999,,0.146065993033,-19.95,0.7576017690402332,7516228940.182045
1340703,1504301,,,3275260,,,G,203.82,-4.3505699999999985,704.693,,0.14791966396,-19.99,0.7576020572366321,7798301105.232576
1340704,1504302,,,3275261,,,G,203.814,-3.42553,489.779,,0.105745762873,-19.64,0.7576022660164671,5649369748.123057
1340705,1504303,,,3275262,,,G,203.814,-3.42215,492.04,,0.1062006231,-19.85,0.7576025193475907,6854882264.526649
1340706,1504304,,,3275263,,,G,203.813,-3.18139,512.861,,0.110378365189,-19.62,0.7576027243167641,5546257129.579103
1340707,1504305,,,3275265,,,G,203.807,-4.14085,505.825,,0.108969054485,-19.6,0.7576029255448286,5445026528.424242
1340708,1504306,,,3275266,,,G,203.806,-3.5024300000000004,505.825,,0.108969054485,-19.88,0.7576031859733526,7046930689.671453
1340709,1504307,,,3275269,,,G,203.794,-3.4713300000000005,489.779,,0.105745762873,-19.6,0.7576033872014171,5445026528.424242
1340710,1504308,,,3275271,,,G,203.79,-3.9207,503.501,,0.108502854251,-19.28,0.7576035370623907,4055085354.48386
1340711,1504309,,,3275273,,,G,203.782,-3.11736,597.035,,0.127055103528,-19.89,0.7576037999006303,7112135136.533323
1340712,1504310,,,3275274,,,G,203.778,-2.93284,594.2919999999998,,0.12651687325799998,-20.15,0.7576041338560914,9036494737.223042
1340713,1504311,,,3275275,,,G,203.773,-3.3702,501.187,,0.108038544019,-19.62,0.7576043388252648,5546257129.579103
1340714,1504312,,,3275276,,,G,203.767,-3.3875900000000003,510.505,,0.109906704953,-19.99,0.7576046270216635,7798301105.232576
1340715,1504313,,,3275278,,,G,203.757,-4.2317,990.832,,0.201157840579,-20.74,0.7576052020490776,15559656316.05075
1340716,1504314,,,3275279,,,G,203.756,-4.5595,348.337,,0.0767527283764,-18.59,0.7576052814249571,2147830474.130529
1340717,1504315,,,3275280,,,G,203.753,-3.8493,385.478,,0.08447107223549999,-18.74,0.7576053725606603,2466039337.234336
1340718,1504316,,,3275282,,,G,203.74400000000003,-4.14736,385.478,,0.08447107223549999,-19.43,0.7576055446240799,4655860935.229601
1340719,1504317,,,3275284,,,G,203.734,-3.7606,564.937,,0.12073494036699997,-20.01,0.7576058381784498,7943282347.242822
1340720,1504318,,,3275285,,,G,203.728,-4.43304,704.693,,0.14791966396,-20.0,0.7576061290414972,7870457896.951001
1340721,1504319,,,3275287,,,G,203.716,-3.989,501.187,,0.108038544019,-19.26,0.7576062761671997,3981071705.534985
1340722,1504320,,,3275289,,,G,203.692,-3.83218,544.503,,0.116686558343,-19.71,0.7576064988509618,6025595860.743593
1340723,1504321,,,3275290,,,G,203.68,-3.39166,498.884,,0.107576333788,-19.44,0.7576066725064646,4698941086.05216
1340724,1504322,,,3275291,,,G,203.671,-4.5293,557.186,,0.119201729601,-19.82,0.7576069189336121,6668067692.136246
1340725,1504323,,,3275292,,,G,203.673,-3.213,1541.7,,0.296474158237,-23.77,0.7576162878324539,253512863049.7907
1340726,1504324,,,3275294,,,G,203.662,-4.03585,704.693,,0.14791966396,-20.18,0.7576166311441108,9289663867.7994
1340727,1504325,,,3275295,,,G,203.662,-4.12707,704.693,,0.14791966396,-20.72,0.7576171956760916,15275660582.380762
1340728,1504326,,,3275297,,,G,203.659,-4.75868,866.962,,0.17847782923900002,-20.64,0.7576177201073261,14190575216.890957
1340729,1504327,,,3275298,,,G,203.659,-3.8787,287.078,,0.0638469619235,-18.64,0.7576178032240753,2249054605.835792
1340730,1504328,,,3275299,,,G,203.656,-4.2062800000000005,597.035,,0.127055103528,-19.74,0.7576180321466122,6194410750.767812
1340731,1504329,,,3275300,,,G,203.656,-3.02185,827.942,,0.17122127561099998,-20.69,0.7576185812935292,14859356422.87009
1340732,1504330,,,3275303,,,G,203.652,-3.47531,492.04,,0.1062006231,-19.9,0.7576188465637811,7177942912.713644
1340733,1504331,,,3275305,,,G,203.65,-4.3053,731.1389999999999,,0.152970166485,-20.4,0.7576192669887976,11376272858.234331
1340734,1504332,,,3275306,,,G,203.644,-4.8159,547.016,,0.117185518593,-19.86,0.7576195226639655,6918309709.18939
1340735,1504333,,,3275308,,,G,203.63,-3.53971,835.6030000000002,,0.172650326325,-20.52,0.7576199922212147,12705741052.085394
1340736,1504334,,,3275310,,,G,203.626,-3.395,954.993,,0.194649727325,-20.6,0.7576204976832593,13677288255.958578
1340737,1504335,,,3275311,,,G,203.626,-4.1474,385.478,,0.08447107223549999,-18.91,0.7576206042664091,2884031503.1266
1340738,1504336,,,3275312,,,G,203.621,-2.92453,487.528,,0.105292582646,-19.83,0.7576208529737188,6729766562.843196
1340739,1504337,,,3275313,,,G,203.62,-2.9612,487.528,,0.105292582646,-19.19,0.7576209909131877,3732501577.957214
1340740,1504338,,,3275314,,,G,203.616,-4.5778,866.962,,0.17847782923900002,-20.64,0.7576215153444221,14190575216.890957
1340741,1504339,,,3275316,,,G,203.608,-5.46088,941.89,,0.19225971613,-20.79,0.7576221174720432,16292960326.397282
1340742,1504340,,,3275317,,,G,203.6,-3.2286,899.498,,0.184486562243,-20.85,0.7576227538110558,17218685749.86016
1340743,1504341,,,3275318,,,G,203.58900000000003,-4.5051,398.107,,0.08707801353900001,-19.17,0.7576228892328458,3664375746.478348
1340744,1504342,,,3275319,,,G,203.58900000000003,-4.261819999999998,567.545,,0.121250280625,-19.63,0.7576230960985758,5597576014.951093
1340745,1504343,,,3275320,,,G,203.584,-4.7167,501.187,,0.108038544019,-19.79,0.7576233358098993,6486344335.482401
1340746,1504344,,,3275321,,,G,203.581,-4.0075,887.1560000000002,,0.182211631106,-20.64,0.7576238602411337,14190575216.890957
1340747,1504345,,,3275322,,,G,203.576,-3.7195,496.592,,0.107115803558,-19.36,0.7576240215612587,4365158322.401666
1340748,1504346,,,3275323,,,G,203.57,-5.3174,542.001,,0.116189488095,-20.01,0.7576243151156287,7943282347.242822
1340749,1504347,,,3275324,,,G,203.564,-3.28082,954.993,,0.194649727325,-20.89,0.7576249753354365,17864875748.52061
1340750,1504348,,,3275325,,,G,203.554,-3.11635,950.605,,0.193850046925,-21.03,0.7576257264195044,20323570109.36229
1340751,1504349,,,3275326,,,G,203.542,-4.059,602.56,,0.128138284069,-19.93,0.7576259991216467,7379042301.291045
1340752,1504350,,,3275327,,,G,203.537,-4.4521,396.278,,0.0867008533504,-18.97,0.7576261117605854,3047894989.6279826
1340753,1504351,,,3275328,,,G,203.523,-5.64004,1472.31,,0.284901262451,-21.61,0.7576273931718863,34673685045.253235
1340754,1504352,,,3275330,,,G,203.515,-5.3906,605.341,,0.128682814341,-20.06,0.7576277005610476,8317637711.02671
1340755,1504353,,,3275331,,,G,203.516,-3.6661,616.595,,0.130883615442,-20.1,0.7576280194860369,8629785477.669737
1340756,1504354,,,3275332,,,G,203.516,-4.48045,534.564,,0.114710247355,-20.18,0.7576283627976937,9289663867.7994
1340757,1504355,,,3275333,,,G,203.509,-5.31987,544.503,,0.116686558343,-19.48,0.7576285429702124,4875284901.033871
1340758,1504356,,,3275334,,,G,203.51,-3.21219,950.605,,0.193850046925,-20.82,0.7576291619672204,16749428760.26445
1340759,1504357,,,3275335,,,G,203.497,-3.9128,610.942,,0.129778804889,-20.08,0.7576294750711727,8472274141.40598
1340760,1504358,,,3275336,,,G,203.489,-4.1281,398.107,,0.08707801353900001,-18.81,0.7576295722761605,2630267991.895381
1340761,1504359,,,3275337,,,G,203.484,-5.5987,448.745,,0.097444038722,-19.25,0.7576297180530065,3944573020.752801
1340762,1504360,,,3275342,,,G,203.465,-5.4708,494.311,,0.106657373329,-19.24,0.7576298624933623,3908408957.9240093
1340763,1504361,,,3275343,,,G,203.466,-3.92965,711.2139999999998,,0.149167694584,-20.49,0.7576303192538729,12359474334.445068
1340764,1504362,,,3275346,,,G,203.458,-5.1492,835.6030000000002,,0.172650326325,-20.53,0.7576307931558821,12823305826.560284
1340765,1504363,,,3275347,,,G,203.456,-4.2678,1690.44,,0.320918800459,-21.91,0.7576324823849644,45708818961.48752
1340766,1504364,,,3275348,,,G,203.445,-3.9568,394.457,,0.08632537316269999,-19.2,0.7576326216007715,3767037989.8390775
1340767,1504365,,,3275349,,,G,203.441,-4.77744,891.2510000000002,,0.182967001484,-20.65,0.7576331508845084,14321878992.735456
1340768,1504366,,,3275350,,,G,203.438,-5.971,580.764,,0.123857221929,-19.61,0.7576333539745133,5495408738.576271
1340769,1504367,,,3275351,,,G,203.42,-6.09994,588.844,,0.12544671272299998,-19.95,0.7576336317465671,7516228940.182045
1340770,1504368,,,3275352,,,G,203.417,-4.7222,1004.62,,0.203650331825,-20.84,0.7576342622515886,17060823890.03121
1340771,1504369,,,3275354,,,G,203.394,-5.2181,1018.59,,0.206169493085,-21.37,0.7576352895309187,27797132677.59294
1340772,1504370,,,3275355,,,G,203.394,-4.4599,501.187,,0.108038544019,-20.19,0.7576356360191991,9375620069.258831
1340773,1504371,,,3275357,,,G,203.391,-4.35479,387.258,,0.08483899241949999,-18.82,0.7576357341236135,2654605561.975548
1340774,1504372,,,3275358,,,G,203.386,-3.5739,622.3,,0.131996825998,-19.96,0.7576360144658605,7585775750.291882
1340775,1504373,,,3275359,,,G,203.382,-5.5051,522.396,,0.112284326142,-19.61,0.7576362175558653,5495408738.576271
1340776,1504374,,,3275360,,,G,203.383,-5.4059,524.807,,0.112765646383,-20.67,0.7576367566797216,14588142602.753534
1340777,1504375,,,3275361,,,G,203.38,-5.9158,859.0139999999999,,0.17700425850200002,-20.44,0.7576371928826229,11803206356.517323
1340778,1504376,,,3275364,,,G,203.377,-4.5452,390.841,,0.08557924278960001,-19.06,0.7576373152564521,3311311214.8259077
1340779,1504377,,,3275365,,,G,203.373,-5.7884,512.861,,0.110378365189,-19.53,0.75763750392024,5105049999.754086
1340780,1504378,,,3275366,,,G,203.368,-4.3045,512.861,,0.110378365189,-19.67,0.7576377185493129,5807644175.2131605
1340781,1504379,,,3275367,,,G,203.365,-4.4006,517.607,,0.111327565664,-20.23,0.7576380780407498,9727472237.76964
1340782,1504380,,,3275368,,,G,203.36,-3.8302,578.096,,0.123331801666,-19.58,0.7576382755959878,5345643593.969735
1340783,1504381,,,3275369,,,G,203.353,-5.7778,519.996,,0.111805105903,-19.63,0.7576384824617179,5597576014.951093
1340784,1504382,,,3275370,,,G,203.353,-3.1138,912.011,,0.186787323394,-20.56,0.7576389696407069,13182567385.564049
1340785,1504383,,,3275372,,,G,203.322,-3.7837,963.829,,0.196258328129,-20.78,0.7576395662479887,16143585568.264938
1340786,1504384,,,3275374,,,G,203.317,-5.0287,517.607,,0.111327565664,-19.9,0.7576398315182405,7177942912.713644
1340787,1504385,,,3275375,,,G,203.315,-5.9453,527.23,,0.113248856624,-19.38,0.7576399958375306,4446312674.691084
1340788,1504386,,,3275376,,,G,203.316,-3.28067,341.9790000000001,,0.0754236377118,-19.1,0.7576401228038558,3435579478.998757
1340789,1504387,,,3275377,,,G,203.31,-6.16,570.164,,0.121767510884,-19.52,0.7576403097379637,5058246620.031148
1340790,1504388,,,3275378,,,G,203.30900000000003,-6.0673,827.942,,0.17122127561099998,-20.31,0.7576406967179901,10471285480.508986
1340791,1504389,,,3275381,,,G,203.302,-5.6263,366.4380000000001,,0.08052412026210001,-18.84,0.7576407966463017,2703958364.108846
1340792,1504390,,,3275383,,,G,203.299,-5.3789,1013.91,,0.205326132663,-20.78,0.7576413932535835,16143585568.264938
1340793,1504391,,,3275384,,,G,203.298,-2.82432,839.46,,0.173369156685,-20.71,0.7576419526099041,15135612484.362131
1340794,1504392,,,3275385,,,G,203.297,-3.1418,954.993,,0.194649727325,-20.98,0.7576426698896204,19408858775.92779
1340795,1504393,,,3275386,,,G,203.292,-6.0693,381.944,,0.08374006187000001,-18.83,0.7576427689017837,2679168324.819037
1340796,1504394,,,3275387,,,G,203.294,-3.74,396.278,,0.0867008533504,-18.91,0.7576428754849334,2884031503.1266
1340797,1504395,,,3275388,,,G,203.29,-4.7278,515.229,,0.110852125426,-19.31,0.7576430295444567,4168693834.7033467
1340798,1504396,,,3275389,,,G,203.287,-3.9092,610.942,,0.129778804889,-19.92,0.7576432997464508,7311390834.834217
1340799,1504397,,,3275390,,,G,203.274,-4.8437,734.5139999999999,,0.153612766806,-20.13,0.7576436276065379,8871560120.37962
1340800,1504398,,,3275391,,,G,203.27,-4.4604,503.501,,0.108502854251,-19.56,0.7576438215559868,5248074602.497712
1340801,1504399,,,3275393,,,G,203.264,-5.7031,820.352,,0.16980335490200002,-20.66,0.7576443557371259,14454397707.459282
1340802,1504400,,,3275396,,,G,203.249,-4.987,501.187,,0.108038544019,-20.0,0.7576446466001729,7870457896.951001
1340803,1504401,,,3275397,,,G,203.239,-3.36135,387.258,,0.08483899241949999,-19.1,0.7576447735664983,3435579478.998757
1340804,1504402,,,3275399,,,G,203.234,-3.32959,492.04,,0.1062006231,-19.48,0.7576449537390171,4875284901.033871
1340805,1504403,,,3275400,,,G,203.232,-3.87909,575.44,,0.122808271404,-19.97,0.7576452366752386,7655966069.112569
1340806,1504404,,,3275401,,,G,203.228,-3.00862,539.511,,0.115694517847,-19.51,0.7576454218955244,5011872336.272736
1340807,1504405,,,3275403,,,G,203.218,-6.2668,519.996,,0.111805105903,-19.44,0.7576455955510273,4698941086.05216
1340808,1504406,,,3275404,,,G,203.212,-2.86892,679.204,,0.143024771512,-19.96,0.7576458758932743,7585775750.291882
1340809,1504407,,,3275405,,,G,203.208,-3.8506,578.096,,0.123331801666,-20.32,0.7576462664539826,10568175092.136606
1340810,1504408,,,3275410,,,G,203.18400000000003,-2.7679,501.187,,0.108038544019,-19.35,0.7576464262951158,4325138310.350115
1340811,1504409,,,3275411,,,G,203.181,-4.93232,519.996,,0.111805105903,-20.07,0.7576467365285139,8394599865.193998
1340812,1504410,,,3275412,,,G,203.18,-3.47508,542.001,,0.116189488095,-19.98,0.7576470220827123,7726805850.957022
1340813,1504411,,,3275413,,,G,203.18,-3.2355,688.6519999999998,,0.144842322421,-20.54,0.7576475003696826,12941958414.499916
1340814,1504412,,,3275414,,,G,203.173,-3.10504,847.227,,0.17481479740699998,-20.81,0.757648113691692,16595869074.375563
1340815,1504413,,,3275416,,,G,203.17,-3.06317,432.514,,0.0941363270682,-19.5,0.7576482972138681,4965923214.503378
1340816,1504414,,,3275417,,,G,203.168,-3.1659900000000003,835.6030000000002,,0.172650326325,-20.63,0.7576488168370881,14060475241.29913
1340817,1504415,,,3275418,,,G,203.16,-5.3564,839.46,,0.173369156685,-20.37,0.7576492258043555,11066237839.776676
1340818,1504416,,,3275421,,,G,203.15,-3.08924,843.335,,0.174090507045,-20.56,0.7576497129833444,13182567385.564049
1340819,1504417,,,3275422,,,G,203.15,-3.24985,688.6519999999998,,0.144842322421,-20.25,0.7576500791582259,9908319448.927729
1341269,1504867,,,3276031,,,G,209.991,-4.1299,522.396,,0.112284326142,-19.22,0.7577726139886247,3837072454.9228
1341270,1504868,,,3276035,,,G,209.97,-4.9845,552.077,,0.118189529095,-19.82,0.7577728604157721,6668067692.136246
1341271,1504869,,,3276036,,,G,209.967,-3.842,972.747,,0.19787910894,-20.43,0.7577732926195412,11694993910.198748
1341272,1504870,,,3276037,,,G,209.967,-5.0135,549.5409999999998,,0.117686578843,-19.94,0.7577735678449654,7447319739.059889
1341273,1504871,,,3276039,,,G,209.959,-4.1843,522.396,,0.112284326142,-19.22,0.7577737096489877,3837072454.9228
1341274,1504872,,,3276043,,,G,209.947,-4.51387,411.15,,0.08976118488060003,-18.59,0.7577737890248673,2147830474.130529
1341275,1504873,,,3276044,,,G,209.943,-4.1051,457.088,,0.0991389495695,-18.92,0.7577738965942187,2910717118.06662
1341276,1504874,,,3276045,,,G,209.936,-3.21282,295.121,,0.0655542627771,-18.33,0.7577739590666703,1690440931.643263
1341277,1504875,,,3276046,,,G,209.936,-4.1885,529.663,,0.113733956867,-19.25,0.7577741048435164,3944573020.752801
1341278,1504876,,,3276047,,,G,209.932,-3.4302,1047.13,,0.211296435648,-20.93,0.7577747898403276,18535316234.148144
1341279,1504877,,,3276048,,,G,209.933,-4.8466,314.775,,0.06970974485489999,-18.4,0.7577748564732023,1803017740.8595695
1341280,1504878,,,3276049,,,G,209.924,-4.07742,586.138,,0.124914782457,-19.37,0.757775019286004,4405548635.065536
1341281,1504879,,,3276050,,,G,209.915,-4.1814,1264.74,,0.249581764791,-20.94,0.7577757106210128,18706821403.658016
1341282,1504880,,,3276051,,,G,209.907,-2.89289,928.966,,0.189896374948,-20.63,0.7577762302442327,14060475241.29913
1341283,1504881,,,3276052,,,G,209.907,-4.6861,995.405,,0.201985240993,-20.57,0.7577767219310333,13304544179.780985
1341284,1504882,,,3276053,,,G,209.903,-3.4303,685.488,,0.144233952117,-20.26,0.7577770914940894,10000000000.0
1341285,1504883,,,3276054,,,G,209.9,-3.07987,610.942,,0.129778804889,-19.45,0.7577772667564068,4742419852.6024475
1341286,1504884,,,3276057,,,G,209.885,-4.4998,335.73800000000006,,0.07411659705830001,-18.94,0.7577773763256216,2964831389.524339
1341287,1504885,,,3276058,,,G,209.879,-4.5646,866.962,,0.17847782923900002,-20.59,0.7577778771535624,13551894123.510351
1341288,1504886,,,3276059,,,G,209.871,-3.5476,636.7959999999998,,0.13481943741,-19.52,0.7577780640876703,5058246620.031148
1341289,1504887,,,3276060,,,G,209.866,-3.6353,688.6519999999998,,0.144842322421,-20.1,0.7577783830126597,8629785477.669737
1341290,1504888,,,3276061,,,G,209.864,-3.7008,334.195,,0.0737929868965,-18.3,0.7577784437825636,1644371723.2149289
1341291,1504889,,,3276062,,,G,209.859,-4.6408,1023.29,,0.207015583508,-20.63,0.7577789634057835,14060475241.29913
1341292,1504890,,,3276063,,,G,209.856,-3.6946,461.318,,0.0999967999984,-18.93,0.7577790719704619,2937649651.9615426
1341293,1504891,,,3276064,,,G,209.841,-4.3255,411.15,,0.08976118488060003,-18.75,0.7577791639494336,2488857318.2823954
1341294,1504892,,,3276065,,,G,209.831,-3.5502,679.204,,0.143024771512,-19.64,0.7577793727292685,5649369748.123057
1341295,1504893,,,3276066,,,G,209.829,-3.491,289.7340000000001,,0.06441123220560001,-18.3,0.7577794334991724,1644371723.2149289
1341296,1504894,,,3276068,,,G,209.825,-4.4866,325.087,,0.07188072594039999,-18.35,0.7577794971330738,1721868574.9860168
1341297,1504895,,,3276070,,,G,209.811,-4.4206,326.588,,0.07219635609819999,-18.88,0.7577796008115366,2805433637.9517045
1341298,1504896,,,3276071,,,G,209.803,-4.96212,633.87,,0.134250547125,-20.25,0.7577799669864181,9908319448.927729
1341299,1504897,,,3276073,,,G,209.798,-4.0353,636.7959999999998,,0.13481943741,-20.16,0.7577803040319311,9120108393.559114
1341300,1504898,,,3276074,,,G,209.798,-4.9731,676.0830000000002,,0.14242354121200002,-20.44,0.7577807402348322,11803206356.517323
1341301,1504899,,,3276075,,,G,209.793,-4.4012400000000005,334.195,,0.0737929868965,-19.2,0.7577808794506393,3767037989.8390775
1341302,1504900,,,3276076,,,G,209.79,-4.0089,995.405,,0.201985240993,-20.53,0.7577813533526484,12823305826.560284
1341303,1504901,,,3276077,,,G,209.779,-2.7659700000000003,299.226,,0.066424083212,-18.42,0.7577814212243207,1836538343.3483512
1341304,1504902,,,3276078,,,G,209.776,-4.3918,328.095,,0.07251282625639999,-18.1,0.7577814717705251,1367728825.5958526
1341305,1504903,,,3276079,,,G,209.772,-4.085,907.821,,0.186017673009,-20.33,0.7577818659450473,10665961212.302591
1341306,1504904,,,3276080,,,G,209.768,-3.83739,522.396,,0.112284326142,-20.06,0.7577821733342085,8317637711.02671
1341307,1504905,,,3276081,,,G,209.767,-3.61849,608.135,,0.129229864615,-19.39,0.7577823391739262,4487453899.331332
1341308,1504906,,,3276082,,,G,209.764,-3.7077,685.488,,0.144233952117,-20.05,0.7577826437449267,8241381150.13003
1341309,1504907,,,3276085,,,G,209.756,-3.7057,685.488,,0.144233952117,-19.68,0.7577828603599379,5861381645.140297
1341310,1504908,,,3276086,,,G,209.755,-4.0191300000000005,797.995,,0.165613642807,-20.22,0.7577832165555375,9638290236.239744
1341311,1504909,,,3276088,,,G,209.745,-3.0425,608.135,,0.129229864615,-19.53,0.7577834052193254,5105049999.754086
1341312,1504910,,,3276089,,,G,209.745,-2.9676,351.56,,0.0774255687128,-18.57,0.7577834831464316,2108628149.9332972
1341313,1504911,,,3276092,,,G,209.685,-3.5978,1253.14,,0.247574793787,-20.91,0.7577841556406422,18197008586.099827
1341314,1504912,,,3276093,,,G,209.681,-4.90538,505.825,,0.108969054485,-19.24,0.757784300080998,3908408957.9240093
1341315,1504913,,,3276095,,,G,209.676,-3.9953,353.18300000000005,,0.0777642988821,-18.36,0.7577843643036964,1737800828.7493765
1341316,1504914,,,3276096,,,G,209.675,-4.2423199999999985,1028.02,,0.207866293933,-20.67,0.7577849034275527,14588142602.753534
1341317,1504915,,,3276098,,,G,209.656,-4.2264,338.844,,0.07476738738369999,-19.51,0.7577850886478384,5011872336.272736
1341318,1504916,,,3276099,,,G,209.651,-4.0025,968.278,,0.197067248534,-20.49,0.7577855454083491,12359474334.445068
1341319,1504917,,,3276102,,,G,209.643,-2.7469,737.904,,0.154257677129,-19.93,0.7577858181104914,7379042301.291045
1341320,1504918,,,3276104,,,G,209.64,-3.5243,912.011,,0.186787323394,-20.42,0.7577862463517924,11587773561.55131
1341321,1504919,,,3276105,,,G,209.635,-4.3714,797.995,,0.165613642807,-20.12,0.7577865712060401,8790225168.308859
1341322,1504920,,,3276106,,,G,209.627,-2.81682,688.6519999999998,,0.144842322421,-20.18,0.7577869145176971,9289663867.7994
1341323,1504921,,,3276108,,,G,209.604,-4.04829,522.396,,0.112284326142,-19.31,0.7577870685772203,4168693834.7033467
1341324,1504922,,,3276109,,,G,209.592,-3.5432,522.396,,0.112284326142,-19.07,0.7577871920833607,3341950400.261149
1341325,1504923,,,3276110,,,G,209.591,-4.0557,636.7959999999998,,0.13481943741,-19.79,0.7577874317946842,6486344335.482401
1341326,1504924,,,3276112,,,G,209.583,-3.38811,358.096,,0.07878825939410003,-19.08,0.7577875564436127,3372873086.588692
1341327,1504925,,,3276115,,,G,209.574,-4.2039,356.451,,0.07844553922280001,-19.48,0.7577877366161314,4875284901.033871
1341328,1504926,,,3276118,,,G,209.564,-4.6434,1037.53,,0.209574644787,-20.76,0.7577883223341032,15848931924.611176
1341329,1504927,,,3276119,,,G,209.564,-3.694080000000001,855.067,,0.176271568136,-20.07,0.7577886325675012,8394599865.193998
1341330,1504928,,,3276121,,,G,209.543,-3.3204300000000004,519.996,,0.111805105903,-19.49,0.7577888144071356,4920395356.814511
1341331,1504929,,,3276122,,,G,209.542,-4.2125,351.56,,0.0774255687128,-18.38,0.7577888798238234,1770108958.3174183
1341332,1504930,,,3276123,,,G,209.531,-3.11875,605.341,,0.128682814341,-19.9,0.7577891450940752,7177942912.713644
1341333,1504931,,,3276124,,,G,209.516,-4.0331,990.832,,0.201157840579,-20.9,0.7577898114228216,18030177408.5957
1341334,1504932,,,3276125,,,G,209.511,-4.2678,968.278,,0.197067248534,-20.85,0.7577904477618342,17218685749.86016
1341335,1504933,,,3276126,,,G,209.509,-4.38331,657.658,,0.138865509433,-19.64,0.7577906565416692,5649369748.123057
1341336,1504934,,,3276127,,,G,209.503,-3.28302,805.378,,0.1669992235,-20.09,0.7577909725427366,8550667128.846841
1341337,1504935,,,3276128,,,G,209.501,-3.63073,416.869,,0.0909346654673,-18.75,0.7577910645217084,2488857318.2823954
1341338,1504936,,,3276129,,,G,209.496,-3.34415,522.396,,0.112284326142,-19.27,0.7577912130087483,4017908108.4893923
1341339,1504937,,,3276130,,,G,209.493,-3.32166,358.096,,0.07878825939410003,-18.61,0.7577912938603355,2187761623.949561
1341340,1504938,,,3276131,,,G,209.492,-4.24975,645.654,,0.13653975827,-19.87,0.7577915519012366,6982324040.771733
1341341,1504939,,,3276132,,,G,209.49,-4.31376,820.352,,0.16980335490200002,-20.08,0.7577918650051889,8472274141.40598
1341342,1504940,,,3276133,,,G,209.481,-3.21827,805.378,,0.1669992235,-20.33,0.7577922591797109,10665961212.302591
1341343,1504941,,,3276134,,,G,209.476,-3.22781,522.396,,0.112284326142,-20.19,0.7577926056679914,9375620069.258831
1341344,1504942,,,3276135,,,G,209.475,-3.38559,602.56,,0.128138284069,-19.94,0.7577928808934158,7447319739.059889
1341345,1504943,,,3276136,,,G,209.474,-4.2928,515.229,,0.110852125426,-19.9,0.7577931461636677,7177942912.713644
1341346,1504944,,,3276137,,,G,209.46400000000003,-3.9106,519.996,,0.111805105903,-19.61,0.7577933492536725,5495408738.576271
1341347,1504945,,,3276138,,,G,209.453,-3.4223,839.46,,0.173369156685,-20.36,0.7577937544715054,10964781961.431871
1341348,1504946,,,3276140,,,G,209.441,-4.7639999999999985,797.995,,0.165613642807,-20.54,0.7577942327584758,12941958414.499916
1341349,1504947,,,3276141,,,G,209.429,-3.8846,1004.62,,0.203650331825,-20.58,0.7577947289947985,13427649611.378641
1341350,1504948,,,3276144,,,G,209.394,-3.5351,432.514,,0.0941363270682,-18.9,0.7577948346007879,2857590543.374955
1341351,1504949,,,3276145,,,G,209.377,-2.78193,847.227,,0.17481479740699998,-20.3,0.75779521803296,10375284158.180126
1341352,1504950,,,3276146,,,G,209.375,-4.4318,328.095,,0.07251282625639999,-18.18,0.7577952724441909,1472312502.4327226
1341353,1504951,,,3276147,,,G,209.371,-2.93193,478.63,,0.103498551749,-18.82,0.7577953705486052,2654605561.975548
1341354,1504952,,,3276148,,,G,209.372,-4.5841699999999985,701.455,,0.14729932365,-19.83,0.757795619255915,6729766562.843196
1341355,1504953,,,3276149,,,G,209.365,-3.509,986.279,,0.200333380167,-21.04,0.7577963772896783,20511621788.25571
1341356,1504954,,,3276151,,,G,209.353,-3.57228,418.794,,0.0913292556646,-18.82,0.7577964753940927,2654605561.975548
1341357,1504955,,,3276157,,,G,209.322,-4.5922,512.861,,0.110378365189,-19.4,0.7577966427683064,4528975799.036214
1341358,1504956,,,3276158,,,G,209.316,-4.66547,642.688,,0.135964147982,-20.11,0.7577969646442725,8709635899.560833
1341359,1504957,,,3276159,,,G,209.313,-3.9833,639.735,,0.135390637695,-19.73,0.7577971914680348,6137620051.647945
1341360,1504958,,,3276160,,,G,209.308,-3.068,805.378,,0.1669992235,-19.97,0.7577974744042565,7655966069.112569
1341361,1504959,,,3276161,,,G,209.292,-2.8596,597.035,,0.127055103528,-19.5,0.7577976579264325,4965923214.503378
1341362,1504960,,,3276162,,,G,209.29,-4.5248,348.337,,0.0767527283764,-18.2,0.7577977133492436,1499684835.502374
1341363,1504961,,,3276163,,,G,209.289,-3.12186,420.727,,0.09172531586269997,-18.61,0.7577977942008307,2187761623.949561
1341364,1504962,,,3276164,,,G,209.285,-4.2028,1000.0,,0.202815791408,-20.7,0.7577983484289417,14996848355.02374
1341365,1504963,,,3276165,,,G,209.28,-4.4279,688.6519999999998,,0.144842322421,-19.67,0.7577985630580147,5807644175.2131605
1341366,1504964,,,3276166,,,G,209.275,-4.34226,1106.62,,0.221901440951,-20.75,0.7577991434060919,15703628043.33558
1341367,1504965,,,3276167,,,G,209.25,-3.6548,340.408,,0.0750947775474,-18.74,0.7577992345417952,2466039337.234336
1341368,1504966,,,3276169,,,G,209.225,-4.69188,363.078,,0.0798254499127,-18.62,0.7577993161414929,2208004733.018897
1341369,1504967,,,3276171,,,G,209.213,-3.5675,1000.0,,0.202815791408,-20.64,0.7577998405727273,14190575216.890957
1341370,1504968,,,3276172,,,G,209.197,-2.9443,610.942,,0.129778804889,-19.5,0.7578000240949032,4965923214.503378
1341371,1504969,,,3276173,,,G,209.182,-4.36608,648.634,,0.137117678559,-19.5,0.7578002076170792,4965923214.503378
1341372,1504970,,,3276175,,,G,209.179,-4.3463,334.195,,0.0737929868965,-18.47,0.7578002786874448,1923091728.9101613
1341373,1504971,,,3276176,,,G,209.176,-3.0777,801.678,,0.166305173153,-20.15,0.7578006126429059,9036494737.223042
1341374,1504972,,,3276177,,,G,209.171,-4.3553,648.634,,0.137117678559,-20.11,0.7578009345188721,8709635899.560833
1341375,1504973,,,3276178,,,G,209.167,-3.16914,704.693,,0.14791966396,-20.62,0.7578014493781575,13931568029.453035
1341376,1504974,,,3276180,,,G,209.148,-2.95,544.503,,0.116686558343,-19.18,0.7578015860529899,3698281797.8026743
1341377,1504975,,,3276181,,,G,209.147,-4.6455,366.4380000000001,,0.08052412026210001,-18.47,0.7578016571233555,1923091728.9101613
1341378,1504976,,,3276182,,,G,209.143,-3.4505,534.564,,0.114710247355,-19.64,0.7578018659031903,5649369748.123057
1341379,1504977,,,3276183,,,G,209.132,-4.5325,688.6519999999998,,0.144842322421,-20.41,0.7578022902183515,11481536214.968842
1341380,1504978,,,3276185,,,G,209.111,-4.3463,977.237,,0.198694119347,-20.98,0.7578030074980681,19408858775.92779
1341381,1504979,,,3276186,,,G,209.104,-4.3365,1000.0,,0.202815791408,-20.53,0.757803481400077,12823305826.560284
1341382,1504980,,,3276188,,,G,209.08,-4.3938,995.405,,0.201985240993,-20.75,0.7578040617481541,15703628043.33558
1341383,1504981,,,3276189,,,G,209.076,-3.21351,597.035,,0.127055103528,-20.15,0.7578043957036151,9036494737.223042
1341384,1504982,,,3276190,,,G,209.067,-3.25625,704.693,,0.14791966396,-20.39,0.7578048122741519,11271974561.75514
1341385,1504983,,,3276191,,,G,209.043,-4.6645,651.628,,0.137698118849,-20.19,0.7578051587624323,9375620069.258831
1341386,1504984,,,3276192,,,G,209.043,-4.1987,862.9789999999998,,0.17773967887000006,-20.75,0.7578057391105094,15703628043.33558
1341387,1504985,,,3276193,,,G,209.029,-2.9672,950.605,,0.193850046925,-20.37,0.7578061480777769,11066237839.776676
1341388,1504986,,,3276194,,,G,209.029,-4.2831,642.688,,0.135964147982,-19.57,0.7578063438218179,5296634438.916602
1341389,1504987,,,3276196,,,G,208.996,-3.4433,354.8130000000001,,0.078104079052,-18.25,0.7578064018566256,1570362804.3335578
1341390,1504988,,,3276197,,,G,208.99400000000003,-4.2326,1577.61,,0.30242010121,-22.29,0.757808798969861,64863443354.82401
1341391,1504989,,,3276198,,,G,208.978,-3.18092,812.831,,0.16839593419799995,-19.79,0.7578090386811845,6486344335.482401
1341392,1504990,,,3276199,,,G,208.977,-3.364,539.511,,0.115694517847,-19.11,0.7578091668223146,3467368504.525324
1341393,1504991,,,3276200,,,G,208.973,-2.7701,426.58,,0.0929235764618,-18.84,0.7578092667506262,2703958364.108846
1341394,1504992,,,3276202,,,G,208.95,-3.49042,335.73800000000006,,0.07411659705830001,-19.3,0.7578094193977234,4130475019.9016094
1341395,1504993,,,3276203,,,G,208.945,-3.23378,340.408,,0.0750947775474,-18.73,0.7578095096978896,2443430552.693971
1341396,1504994,,,3276204,,,G,208.935,-3.43265,544.503,,0.116686558343,-19.2,0.7578096489136967,3767037989.8390775
1341397,1504995,,,3276205,,,G,208.929,-3.9793,1306.17,,0.25671945836,-21.14,0.7578104800811901,22490546058.357918
1341398,1504996,,,3276208,,,G,208.884,-4.2687,332.66,,0.0734710567355,-18.38,0.7578105454978779,1770108958.3174183
1341399,1504997,,,3276209,,,G,208.883,-3.5613,963.829,,0.196258328129,-20.4,0.7578109659228943,11376272858.234331
1341400,1504998,,,3276210,,,G,208.881,-4.3088,663.743,,0.140042140021,-19.62,0.7578111708920677,5546257129.579103
1341401,1504999,,,3276211,,,G,208.877,-3.2988,1606.94,,0.307255353628,-21.88,0.7578128140849679,44463126746.910835
1341402,1505000,,,3276212,,,G,208.86900000000003,-3.337,354.8130000000001,,0.078104079052,-18.45,0.7578128838581533,1887991349.0962925
1341403,1505001,,,3276213,,,G,208.867,-4.14322,1066.6,,0.21477928739,-20.84,0.7578135143631749,17060823890.03121
1341404,1505002,,,3276214,,,G,208.863,-4.2149199999999984,332.66,,0.0734710567355,-18.72,0.7578136038354643,2421029046.7361803
1341405,1505003,,,3276215,,,G,208.861,-4.6139,368.129,,0.08087545043769999,-18.34,0.7578136668859664,1706082389.0031211
1341406,1505004,,,3276216,,,G,208.858,-3.5323,343.55800000000005,,0.0757537578769,-18.91,0.7578137734691159,2884031503.1266
1341407,1505005,,,3276217,,,G,208.845,-3.32881,968.278,,0.197067248534,-20.72,0.7578143380010969,15275660582.380762
1341408,1505006,,,3276218,,,G,208.842,-4.2403,329.61,,0.0728309764155,-18.96,0.7578144496073556,3019951720.4020314
1341409,1505007,,,3276219,,,G,208.84,-3.5703,698.232,,0.146681503341,-19.79,0.7578146893186791,6486344335.482401
1341410,1505008,,,3276220,,,G,208.833,-3.37499,959.401,,0.195452557726,-20.35,0.7578150908214527,10864256236.170687
1341411,1505009,,,3276221,,,G,208.827,-3.4563,701.455,,0.14729932365,-19.9,0.7578153560917046,7177942912.713644
1341412,1505010,,,3276223,,,G,208.816,-3.6022,701.455,,0.14729932365,-19.93,0.7578156287938471,7379042301.291045
1341413,1505011,,,3276224,,,G,208.812,-3.7331,941.89,,0.19225971613,-20.4,0.7578160492188635,11376272858.234331
1341414,1505012,,,3276225,,,G,208.812,-3.4878,968.278,,0.197067248534,-20.73,0.7578166189743943,15417004529.495615
1341415,1505013,,,3276226,,,G,208.811,-2.8905,602.56,,0.128138284069,-19.31,0.7578167730339177,4168693834.7033467
1341416,1505014,,,3276227,,,G,208.798,-3.7603,363.078,,0.0798254499127,-18.72,0.7578168625062071,2421029046.7361803
1341417,1505015,,,3276228,,,G,208.796,-2.83106,420.727,,0.09172531586269997,-19.29,0.7578170137538272,4092606597.3001275
1341418,1505016,,,3276229,,,G,208.791,-2.8143,959.401,,0.195452557726,-20.77,0.7578176048913806,15995580286.146713
1341419,1505017,,,3276230,,,G,208.785,-3.444,642.688,,0.135964147982,-19.64,0.7578178136712155,5649369748.123057
1341420,1505018,,,3276232,,,G,208.775,-4.5169,787.046,,0.163555011778,-20.48,0.7578182662441205,12246161992.650517
1341421,1505019,,,3276233,,,G,208.774,-4.1353,515.229,,0.110852125426,-19.38,0.7578184305634107,4446312674.691084
1341422,1505020,,,3276235,,,G,208.706,-3.83829,1247.38,,0.246577083289,-21.09,0.7578192243222045,21478304741.30537
1341423,1505021,,,3276236,,,G,208.702,-4.1301,698.232,,0.146681503341,-20.23,0.7578195838136412,9727472237.76964
1341424,1505022,,,3276237,,,G,208.7,-3.6587,963.829,,0.196258328129,-20.76,0.7578201695316129,15848931924.611176
1341425,1505023,,,3276238,,,G,208.698,-3.0478,765.597,,0.15950851975400002,-20.16,0.7578205065771259,9120108393.559114
1341426,1505024,,,3276239,,,G,208.696,-4.2164,1213.39,,0.240670200335,-21.19,0.7578213769163364,23550492838.96009
1341427,1505025,,,3276240,,,G,208.69,-4.0176,517.607,,0.111327565664,-19.48,0.7578215570888551,4875284901.033871
1341428,1505026,,,3276241,,,G,208.688,-3.466,695.0239999999999,,0.146065993033,-20.22,0.7578219132844546,9638290236.239744
1341429,1505027,,,3276242,,,G,208.685,-3.674,963.829,,0.196258328129,-20.57,0.7578224049712552,13304544179.780985
1341430,1505028,,,3276243,,,G,208.685,-4.7114,428.549,,0.09332614666310003,-19.16,0.7578225391514908,3630780547.7010174
1341431,1505029,,,3276244,,,G,208.668,-3.03337,941.89,,0.19225971613,-20.31,0.7578229261315171,10471285480.508986
1341432,1505030,,,3276245,,,G,208.657,-3.8254,1253.14,,0.247574793787,-21.03,0.757823677215585,20323570109.36229
1341433,1505031,,,3276247,,,G,208.622,-4.63449,599.7909999999998,,0.12759564379799998,-19.43,0.7578238492790046,4655860935.229601
1341434,1505032,,,3276249,,,G,208.6,-3.0718,340.408,,0.0750947775474,-19.0,0.7578239650736693,3133285724.315589
1341435,1505033,,,3276250,,,G,208.593,-3.37598,657.658,,0.138865509433,-19.99,0.7578242532700682,7798301105.232576
1341436,1505034,,,3276251,,,G,208.581,-3.2603,995.405,,0.201985240993,-20.44,0.7578246894729693,11803206356.517323
1341437,1505035,,,3276253,,,G,208.581,-2.7603,688.6519999999998,,0.144842322421,-19.98,0.7578249750271678,7726805850.957022
1341438,1505036,,,3276254,,,G,208.575,-4.3117,1056.82,,0.213031246516,-20.66,0.7578255092083068,14454397707.459282
1341439,1505037,,,3276255,,,G,208.564,-3.6578,552.077,,0.118189529095,-19.14,0.7578256409394771,3564511334.262453
1341440,1505038,,,3276256,,,G,208.558,-3.8745,338.844,,0.07476738738369999,-19.11,0.7578257690806072,3467368504.525324
1341441,1505039,,,3276257,,,G,208.555,-4.1109,954.993,,0.194649727325,-20.74,0.7578263441080211,15559656316.05075
1341442,1505040,,,3276258,,,G,208.553,-4.2362,1061.7,,0.213903796952,-21.26,0.7578272724084473,25118864315.095818
1341443,1505041,,,3276259,,,G,208.553,-3.7616,1051.96,,0.212161426081,-20.9,0.7578279387371937,18030177408.5957
1341444,1505042,,,3276260,,,G,208.55,-4.3473,1071.52,,0.215657507829,-20.85,0.7578285750762063,17218685749.86016
1341445,1505043,,,3276264,,,G,208.499,-3.00944,691.831,,0.145453002727,-19.75,0.7578288061169373,6251726927.756875
1341446,1505044,,,3276265,,,G,208.493,-2.89127,522.396,,0.112284326142,-19.16,0.7578289402971727,3630780547.7010174
1341447,1505045,,,3276267,,,G,208.489,-3.28585,695.0239999999999,,0.146065993033,-20.07,0.7578292505305708,8394599865.193998
1341448,1505046,,,3276268,,,G,208.484,-3.9054,645.654,,0.13653975827,-19.7,0.7578294711727558,5970352865.838366
1341449,1505047,,,3276270,,,G,208.483,-3.16711,332.66,,0.0734710567355,-19.09,0.7578295969750466,3404081897.010009
1341450,1505048,,,3276271,,,G,208.48,-3.0189,698.232,,0.146681503341,-19.92,0.7578298671770408,7311390834.834217
1341451,1505049,,,3276273,,,G,208.471,-3.6926,366.4380000000001,,0.08052412026210001,-18.9,0.7578299727830302,2857590543.374955
1341452,1505050,,,3276274,,,G,208.46,-4.41776,1071.52,,0.215657507829,-21.49,0.7578311201135592,31045595881.283493
1341453,1505051,,,3276275,,,G,208.459,-4.2479,436.516,,0.0949530174765,-19.56,0.7578313140630082,5248074602.497712
1341454,1505052,,,3276276,,,G,208.452,-4.841,337.287,,0.07444125722060001,-18.76,0.7578314068930508,2511886431.509582
1341455,1505053,,,3276278,,,G,208.441,-2.77415,1009.25,,0.204485922243,-21.16,0.7578322535131016,22908676527.6777
1341456,1505054,,,3276279,,,G,208.438,-3.0953,594.2919999999998,,0.12651687325799998,-20.37,0.7578326624803692,11066237839.776676
1341457,1505055,,,3276280,,,G,208.426,-3.18413,335.73800000000006,,0.07411659705830001,-18.73,0.7578327527805353,2443430552.693971
1341458,1505056,,,3276281,,,G,208.416,-4.85326,539.511,,0.115694517847,-19.76,0.7578329859590598,6309573444.801943
1341459,1505057,,,3276282,,,G,208.412,-4.1768,698.232,,0.146681503341,-20.15,0.7578333199145209,9036494737.223042
1341460,1505058,,,3276283,,,G,208.389,-4.052,835.6030000000002,,0.172650326325,-20.05,0.7578336244855213,8241381150.13003
1341461,1505059,,,3276284,,,G,208.388,-3.7954,512.861,,0.110378365189,-19.24,0.7578337689258772,3908408957.9240093
1341462,1505060,,,3276285,,,G,208.376,-3.7224,648.634,,0.137117678559,-19.84,0.7578340199344473,6792036326.171857
1341463,1505061,,,3276287,,,G,208.367,-4.4825,1009.25,,0.204485922243,-20.98,0.7578347372141637,19408858775.92779
1341464,1505062,,,3276289,,,G,208.333,-4.95,954.993,,0.194649727325,-20.57,0.7578352289009644,13304544179.780985
1341465,1505063,,,3276290,,,G,208.327,-4.7933,434.51,,0.0945437272719,-18.76,0.7578353217310071,2511886431.509582
1341466,1505064,,,3276292,,,G,208.302,-3.678,337.287,,0.07444125722060001,-18.73,0.7578354120311732,2443430552.693971
1341467,1505065,,,3276293,,,G,208.299,-3.2069,341.9790000000001,,0.0754236377118,-18.22,0.7578354684843714,1527566058.2380762
1341468,1505066,,,3276294,,,G,208.292,-4.9518,542.001,,0.116189488095,-19.85,0.7578357218154952,6854882264.526649
1341469,1505067,,,3276295,,,G,208.284,-4.765,434.51,,0.0945437272719,-19.28,0.7578358716764689,4055085354.48386
1341470,1505068,,,3276297,,,G,208.274,-3.0982,334.195,,0.0737929868965,-18.25,0.7578359297112766,1570362804.3335578
1341471,1505069,,,3276298,,,G,208.269,-2.8337,461.318,,0.0999967999984,-18.76,0.7578360225413192,2511886431.509582
1341472,1505070,,,3276299,,,G,208.263,-2.81201,862.9789999999998,,0.17773967887000006,-20.65,0.7578365518250562,14321878992.735456
1341473,1505071,,,3276301,,,G,208.255,-2.7699,866.962,,0.17847782923900002,-20.29,0.7578369317419009,10280162981.264746
1341474,1505072,,,3276302,,,G,208.252,-4.4631,432.514,,0.0941363270682,-19.13,0.7578370622653524,3531831697.9195704
1341475,1505073,,,3276303,,,G,208.245,-3.5476,334.195,,0.0737929868965,-18.38,0.75783712768204,1770108958.3174183
1341476,1505074,,,3276304,,,G,208.238,-3.4928,335.73800000000006,,0.07411659705830001,-18.14,0.7578371801251634,1419057521.6890955
1341477,1505075,,,3276305,,,G,208.234,-3.569,338.844,,0.07476738738369999,-18.23,0.7578372371007165,1541700452.9495616
1341478,1505076,,,3276306,,,G,208.227,-3.1343,303.389,,0.06730524365259999,-17.88,0.757837278375856,1116863247.7805614
1341479,1505077,,,3276308,,,G,208.211,-4.8439999999999985,981.748,,0.199512279756,-20.49,0.7578377351363668,12359474334.445068
1341480,1505078,,,3276309,,,G,208.203,-3.8022,371.535,,0.0815827307914,-18.41,0.7578378023857878,1819700858.6099825
1341481,1505079,,,3276312,,,G,208.158,-4.89198,430.527,,0.0937303968652,-19.13,0.7578379329092393,3531831697.9195704
1341482,1505080,,,3276313,,,G,208.157,-3.3526,648.634,,0.137117678559,-19.87,0.7578381909501404,6982324040.771733
1358610,1522208,,,3299040,,,G,203.128,-0.1111,941.89,,0.19225971613,-21.08,0.7644486258868477,21281390459.827183
1358611,1522209,,,3299041,,,G,203.125,-1.40042,383.707,,0.0841048320524,-19.05,0.7644487471387471,3280952931.131191
1358612,1522210,,,3299042,,,G,203.102,-0.31218,685.488,,0.144233952117,-20.07,0.7644490573721451,8394599865.193998
1358613,1522211,,,3299043,,,G,203.105,-0.6463399999999999,508.159,,0.109436724718,-19.27,0.764449205859185,4017908108.4893923
1358616,1522214,,,3299046,,,G,203.085,-0.38916,721.107,,0.151057695529,-20.1,0.7644509812972784,8629785477.669737
1358617,1522215,,,3299047,,,G,203.095,-0.6116,405.509,,0.0886017743009,-18.73,0.7644510715974446,2443430552.693971
1358618,1522216,,,3299050,,,G,203.05,-0.2245,672.977,,0.141824620912,-19.87,0.7644513296383456,6982324040.771733
1358619,1522217,,,3299051,,,G,203.06,-0.27198,454.98800000000006,,0.09871264935630003,-18.94,0.7644514392075605,2964831389.524339
1358620,1522218,,,3299053,,,G,203.05,-0.8563,625.173,,0.132557106279,-19.78,0.7644516767211974,6426877173.17022
1358621,1522219,,,3299054,,,G,203.044,-0.99785,383.707,,0.0841048320524,-18.81,0.7644517739261851,2630267991.895381
1358623,1522221,,,3299058,,,G,203.011,-0.6666,1169.5,,0.232994906497,-21.09,0.7644530503974841,21478304741.30537
1358624,1522222,,,3299059,,,G,203.006,-0.7005,323.594,,0.0715667757834,-18.33,0.7644531128699358,1690440931.643263
1358627,1522225,,,3299063,,,G,202.981,-1.08713,843.335,,0.174090507045,-20.42,0.7644542186648181,11587773561.55131
1358628,1522226,,,3299065,,,G,202.971,-1.3875,701.455,,0.14729932365,-19.94,0.7644544938902423,7447319739.059889
1358629,1522227,,,3299066,,,G,202.941,-0.02276,701.455,,0.14729932365,-19.88,0.7644547543187664,7046930689.671453
1358630,1522228,,,3299067,,,G,202.944,-0.11442,1185.77,,0.235846497923,-21.35,0.7644557628481358,27289777828.08052
1358631,1522229,,,3299068,,,G,202.95,-0.60441,734.5139999999999,,0.153612766806,-20.15,0.7644560968035968,9036494737.223042
1358632,1522230,,,3299069,,,G,202.927,-0.2545,1158.78,,0.231111835556,-21.1,0.7644568979069505,21677041048.19705
1358633,1522231,,,3299070,,,G,202.922,-1.09002,381.944,,0.08374006187000001,-19.13,0.764457028430402,3531831697.9195704
1358634,1522232,,,3299071,,,G,202.91,-1.0152,383.707,,0.0841048320524,-19.03,0.7644571474692046,3221068791.283441
1358635,1522233,,,3299073,,,G,202.892,-0.14035,779.83,,0.162195681098,-20.26,0.7644575170322607,10000000000.0
1358636,1522234,,,3299074,,,G,202.886,-0.69425,389.045,,0.08520817260410002,-19.02,0.7644576349797091,3191537855.1007576
1358637,1522235,,,3299075,,,G,202.89,-1.3498,1164.13,,0.232052006026,-20.87,0.7644582831491473,17538805018.417603
1358638,1522236,,,3299076,,,G,202.895,-1.39002,679.204,,0.143024771512,-20.13,0.7644586110092343,8871560120.37962
1358639,1522237,,,3299078,,,G,202.853,-0.8995,744.732,,0.155555057778,-20.36,0.7644590162270674,10964781961.431871
1358640,1522238,,,3299079,,,G,202.845,-0.4984,787.046,,0.163555011778,-20.24,0.7644593790448375,9817479430.199823
1358641,1522239,,,3299080,,,G,202.814,-0.5256,426.58,,0.0929235764618,-18.86,0.7644594808309552,2754228703.338175
1358642,1522240,,,3299081,,,G,202.826,-1.1558,385.478,,0.08447107223549999,-18.69,0.7644595678648762,2355049283.896009
1358643,1522241,,,3299083,,,G,202.806,-0.8660700000000001,394.457,,0.08632537316269999,-18.62,0.7644596494645739,2208004733.018897
1358644,1522242,,,3299084,,,G,202.793,-0.67198,801.678,,0.166305173153,-20.58,0.7644601457008965,13427649611.378641
1358645,1522243,,,3299086,,,G,202.774,-1.2845,392.645,,0.0859515729758,-18.94,0.7644602552701114,2964831389.524339
1358646,1522244,,,3299087,,,G,202.758,-1.3546,390.841,,0.08557924278960001,-19.0,0.7644603710647762,3133285724.315589
1358647,1522245,,,3299088,,,G,202.728,-0.6783,1081.43,,0.217424238712,-21.18,0.7644612334246689,23334580622.810143
1358649,1522247,,,3299090,,,G,202.707,-1.1845,981.748,,0.199512279756,-21.21,0.7644622315509522,23988329190.195045
1358650,1522248,,,3299092,,,G,202.67,-0.44443,779.83,,0.162195681098,-20.17,0.7644625717151088,9204495717.53176
1358651,1522249,,,3299093,,,G,202.641,-1.2180799999999998,660.693,,0.139452669726,-20.27,0.7644629446976897,10092528860.766834
1358652,1522250,,,3299095,,,G,202.58900000000003,-1.298,630.957,,0.133683756842,-20.34,0.7644633425194638,10764652136.29835
1358653,1522251,,,3299096,,,G,202.563,-1.0718,610.942,,0.129778804889,-19.76,0.7644635756979882,6309573444.801943
1358654,1522252,,,3299097,,,G,202.529,-0.4963,1101.54,,0.2210001205,-20.9,0.7644642420267346,18030177408.5957
1358655,1522253,,,3299098,,,G,202.534,-1.16018,539.511,,0.115694517847,-19.62,0.764464446995908,5546257129.579103
1358656,1522254,,,3299099,,,G,202.5,-1.06274,651.628,,0.137698118849,-20.22,0.7644648031915074,9638290236.239744
1358659,1522257,,,3299105,,,G,202.4,-1.41598,413.048,,0.0901507350754,-18.71,0.7644651603734723,2398832919.019495
1358660,1522258,,,3299106,,,G,202.389,-0.27378,801.678,,0.166305173153,-20.26,0.7644655299365284,10000000000.0
1358661,1522259,,,3299107,,,G,202.382,-0.3013,734.5139999999999,,0.153612766806,-20.06,0.7644658373256896,8317637711.02671
1358662,1522260,,,3299110,,,G,202.349,-0.76746,334.195,,0.0737929868965,-18.9,0.7644659429316791,2857590543.374955
1358663,1522261,,,3299111,,,G,202.351,-1.20552,376.704,,0.08265478132739999,-19.06,0.7644660653055083,3311311214.8259077
1358664,1522262,,,3299112,,,G,202.331,-0.329,843.335,,0.174090507045,-20.62,0.7644665801647941,13931568029.453035
1358666,1522264,,,3299116,,,G,202.29,-0.2005,797.995,,0.165613642807,-20.34,0.7644670981268231,10764652136.29835
1358668,1522266,,,3299118,,,G,202.278,-1.3827,657.658,,0.138865509433,-19.96,0.7644677583859147,7585775750.291882
1358669,1522267,,,3299120,,,G,202.255,-0.7121,383.707,,0.0841048320524,-18.87,0.7644678611138478,2779713267.759294
1358670,1522268,,,3299121,,,G,202.264,-1.14679,510.505,,0.109906704953,-19.48,0.7644680412863665,4875284901.033871
1358671,1522269,,,3299122,,,G,202.257,-1.23655,381.944,,0.08374006187000001,-19.43,0.7644682133497861,4655860935.229601
1358672,1522270,,,3299123,,,G,202.249,-0.9007,1158.78,,0.231111835556,-21.03,0.764468964433854,20323570109.36229
1358674,1522272,,,3299125,,,G,202.23,-1.3216,950.605,,0.193850046925,-20.69,0.7644697282098442,14859356422.87009
1358675,1522273,,,3299127,,,G,202.216,-1.4088200000000002,794.328,,0.164924632462,-20.3,0.7644701116420163,10375284158.180126
1358676,1522274,,,3299129,,,G,202.173,-1.30528,666.807,,0.140634130317,-20.28,0.7644704880757626,10185913880.541231
1358677,1522275,,,3299130,,,G,202.146,-0.00394,454.98800000000006,,0.09871264935630003,-19.46,0.7644706649597622,4786300923.226399
1358678,1522276,,,3299131,,,G,202.137,-0.17812,358.096,,0.07878825939410003,-18.45,0.7644707347329475,1887991349.0962925
1358679,1522277,,,3299132,,,G,202.136,-1.07201,657.658,,0.138865509433,-19.96,0.7644710150751944,7585775750.291882
1358680,1522278,,,3299133,,,G,202.143,-1.34506,663.743,,0.140042140021,-20.63,0.7644715346984143,14060475241.29913
1358681,1522279,,,3299134,,,G,202.135,-1.36025,654.636,,0.13828065914,-19.89,0.7644717975366541,7112135136.533323
1358682,1522280,,,3299135,,,G,202.13,-1.37842,651.628,,0.137698118849,-19.86,0.7644720532118218,6918309709.18939
1358683,1522281,,,3299136,,,G,202.11900000000003,-0.03677,695.0239999999999,,0.146065993033,-20.13,0.7644723810719087,8871560120.37962
1358684,1522282,,,3299137,,,G,202.116,-1.3288799999999998,663.743,,0.140042140021,-19.96,0.7644726614141557,7585775750.291882
1358685,1522283,,,3299138,,,G,202.117,-1.40934,954.993,,0.194649727325,-20.82,0.7644732804111637,16749428760.26445
1358686,1522284,,,3299139,,,G,202.093,-0.01848,809.096,,0.167696213848,-20.5,0.7644737413980274,12473835142.429485
1358687,1522285,,,3299142,,,G,202.088,-0.20321,657.658,,0.138865509433,-19.97,0.764474024334249,7655966069.112569
1358688,1522286,,,3299143,,,G,202.074,-0.96525,691.831,,0.145453002727,-20.38,0.7644744370856441,11168632477.805613
1358689,1522287,,,3299144,,,G,202.076,-0.977,812.831,,0.16839593419799995,-20.43,0.7644748692894131,11694993910.198748
1358690,1522288,,,3299145,,,G,202.056,-0.72355,1282.33,,0.252617736309,-21.18,0.7644757316493058,23334580622.810143
1358694,1522292,,,3299149,,,G,202.055,-1.17022,698.232,,0.146681503341,-20.01,0.764476679101734,7943282347.242822
1358695,1522293,,,3299150,,,G,202.052,-1.2693,544.503,,0.116686558343,-19.51,0.7644768643220197,5011872336.272736
1358696,1522294,,,3299151,,,G,202.034,-1.05351,879.023,,0.180709710355,-20.82,0.7644774833190277,16749428760.26445
1358697,1522295,,,3299152,,,G,202.03,-1.3895,392.645,,0.0859515729758,-18.97,0.7644775959579663,3047894989.6279826
1358698,1522296,,,3299153,,,G,202.019,-1.24167,416.869,,0.0909346654673,-18.83,0.7644776949701296,2679168324.819037
1358699,1522297,,,3299154,,,G,202.007,-1.33278,465.586,,0.100861580431,-19.93,0.7644779676722719,7379042301.291045
1358701,1522299,,,3299157,,,G,201.984,-0.2925,851.138,,0.175541817771,-20.93,0.7644787642753421,18535316234.148144
1358703,1522301,,,3299160,,,G,201.971,-0.16037,827.942,,0.17122127561099998,-20.48,0.7644793535230793,12246161992.650517
1358704,1522302,,,3299161,,,G,201.972,-0.2842,855.067,,0.176271568136,-20.8,0.7644799612221186,16443717232.149357
1358705,1522303,,,3299162,,,G,201.963,-0.46649,654.636,,0.13828065914,-19.91,0.7644802289468859,7244359600.74989
1358706,1522304,,,3299164,,,G,201.978,-1.3058,463.447,,0.100428350214,-19.08,0.7644803535958146,3372873086.588692
1358708,1522306,,,3299168,,,G,201.933,-0.5182100000000001,374.973,,0.0822958911479,-19.17,0.7644805698691917,3664375746.478348
1358709,1522307,,,3299170,,,G,201.945,-1.39493,651.628,,0.137698118849,-19.92,0.7644808400711859,7311390834.834217
1358710,1522308,,,3299171,,,G,201.902,-0.7848,701.455,,0.14729932365,-19.97,0.7644811230074076,7655966069.112569
1358711,1522309,,,3299172,,,G,201.897,-1.21522,619.441,,0.13143906572,-20.05,0.764481427578408,8241381150.13003
1358712,1522310,,,3299173,,,G,201.874,-0.8733200000000001,605.341,,0.128682814341,-19.75,0.7644816586191391,6251726927.756875
1358713,1522311,,,3299174,,,G,201.89,-1.00968,331.131,,0.0731503865752,-19.16,0.7644817927993744,3630780547.7010174
1358714,1522312,,,3299175,,,G,201.884,-1.0783,972.747,,0.19787910894,-20.72,0.7644823573313554,15275660582.380762
1358715,1522313,,,3299176,,,G,201.879,-1.09112,879.023,,0.180709710355,-20.67,0.7644828964552116,14588142602.753534
1358716,1522314,,,3299177,,,G,201.882,-1.1247,946.237,,0.193053306527,-20.61,0.7644834065942391,13803842646.028866
1358717,1522315,,,3299179,,,G,201.888,-1.35663,385.478,,0.08447107223549999,-19.02,0.7644835245416874,3191537855.1007576
1358719,1522317,,,3299183,,,G,201.826,-0.45841,879.023,,0.180709710355,-20.62,0.7644841375053874,13931568029.453035
1358722,1522320,,,3299186,,,G,201.819,-1.39733,654.636,,0.13828065914,-19.94,0.7644848646729536,7447319739.059889
1358725,1522323,,,3299189,,,G,201.77,-0.27036,887.1560000000002,,0.182211631106,-20.5,0.7644860819671297,12473835142.429485
1358726,1522324,,,3299190,,,G,201.747,-0.62827,371.535,,0.0815827307914,-19.12,0.7644862112939352,3499451670.2835765
1358727,1522325,,,3299191,,,G,201.739,-0.7405,954.993,,0.194649727325,-21.22,0.7644871060168286,24210290467.3618
1358728,1522326,,,3299192,,,G,201.73,-1.00191,299.226,,0.066424083212,-18.18,0.7644871604280594,1472312502.4327226
1358729,1522327,,,3299193,,,G,201.715,-0.43388,356.451,,0.07844553922280001,-18.93,0.7644872689927377,2937649651.9615426
1358730,1522328,,,3299194,,,G,201.719,-0.6705399999999999,374.973,,0.0822958911479,-18.58,0.7644873476408945,2128139045.9827175
1358731,1522329,,,3299195,,,G,201.721,-1.0583,332.66,,0.0734710567355,-18.39,0.7644874136628754,1786487574.8520534
1358732,1522330,,,3299196,,,G,201.693,-0.5908,879.023,,0.180709710355,-20.47,0.7644878620865672,12133888504.649809
1358737,1522335,,,3299201,,,G,201.623,-0.4617,887.1560000000002,,0.182211631106,-20.5,0.7644887268075377,12473835142.429485
1358739,1522337,,,3299204,,,G,201.618,-0.46239,891.2510000000002,,0.182967001484,-20.69,0.7644893637936908,14859356422.87009
1358740,1522338,,,3299205,,,G,201.61900000000003,-0.4808,343.55800000000005,,0.0757537578769,-18.58,0.7644894424418477,2128139045.9827175
1358742,1522340,,,3299208,,,G,201.6,-0.2406,356.451,,0.07844553922280001,-18.49,0.7644896034855125,1958844673.5059886
1358743,1522341,,,3299209,,,G,201.587,-0.7971600000000001,328.095,,0.07251282625639999,-18.46,0.7644896739043009,1905460717.963252
1358746,1522344,,,3299213,,,G,201.534,-0.4491,883.08,,0.18145920073,-20.69,0.7644905059516699,14859356422.87009
1358747,1522345,,,3299214,,,G,201.54,-0.6984199999999999,1148.15,,0.229241364621,-21.31,0.7644914780015473,26302679918.95381
1358748,1522346,,,3299215,,,G,201.539,-0.71586,303.389,,0.06730524365259999,-18.13,0.7644915299638693,1406047524.1299126
1358750,1522348,,,3299217,,,G,201.526,-1.1007,580.764,,0.123857221929,-19.93,0.7644918850207422,7379042301.291045
1358751,1522349,,,3299218,,,G,201.526,-1.3571,797.995,,0.165613642807,-20.28,0.7644922614544881,10185913880.541231
1358753,1522351,,,3299220,,,G,201.501,-0.05565,366.4380000000001,,0.08052412026210001,-18.76,0.7644924551374678,2511886431.509582
1358754,1522352,,,3299227,,,G,201.472,-1.38628,385.478,,0.08447107223549999,-19.13,0.7644925856609193,3531831697.9195704
1358755,1522353,,,3299229,,,G,201.426,-0.0482,704.693,,0.14791966396,-20.56,0.7644930728399082,13182567385.564049
1358756,1522354,,,3299230,,,G,201.429,-0.91661,487.528,,0.105292582646,-19.34,0.764493231215609,4285485203.9743924
1358757,1522355,,,3299231,,,G,201.429,-1.27599,420.727,,0.09172531586269997,-19.75,0.76449346225634,6251726927.756875
1358759,1522357,,,3299233,,,G,201.412,-0.3749,320.627,,0.07094265547129999,-18.27,0.7644939952721043,1599558028.6146646
1358760,1522358,,,3299235,,,G,201.402,-1.35194,941.89,,0.19225971613,-20.67,0.7644945343959606,14588142602.753534
1358761,1522359,,,3299236,,,G,201.404,-1.36461,374.973,,0.0822958911479,-18.96,0.7644946460022193,3019951720.4020314
1358764,1522362,,,3299239,,,G,201.371,-1.0106,387.258,,0.08483899241949999,-19.22,0.7644952667352497,3837072454.9228
1358766,1522364,,,3299242,,,G,201.35,-0.4134,1106.62,,0.221901440951,-20.97,0.7644961661026941,19230917289.101616
1358767,1522365,,,3299243,,,G,201.35,-0.8523,879.023,,0.180709710355,-20.8,0.7644967738017333,16443717232.149357
1358768,1522366,,,3299244,,,G,201.33900000000003,-1.3111700000000002,374.973,,0.0822958911479,-19.07,0.7644968973078736,3341950400.261149
1358769,1522367,,,3299245,,,G,201.318,-0.7284,376.704,,0.08265478132739999,-18.65,0.7644969811936928,2269864851.883821
1358770,1522368,,,3299247,,,G,201.321,-1.02818,380.189,,0.0833767616884,-18.52,0.7644970556135016,2013724249.8623896
1358771,1522369,,,3299248,,,G,201.325,-1.3528,378.443,,0.0830151415076,-19.07,0.7644971791196419,3341950400.261149
1358772,1522370,,,3299250,,,G,201.308,-0.12043,383.707,,0.0841048320524,-19.17,0.7644973145414318,3664375746.478348
1358775,1522373,,,3299253,,,G,201.285,-1.2482,648.634,,0.137117678559,-19.89,0.7644978507757141,7112135136.533323
1358776,1522374,,,3299254,,,G,201.276,-1.03465,480.839,,0.103944381972,-19.24,0.7644979952160699,3908408957.9240093
1358777,1522375,,,3299256,,,G,201.256,-0.4138,381.944,,0.08374006187000001,-18.69,0.7644980822499909,2355049283.896009
1358778,1522376,,,3299257,,,G,201.247,-0.92165,371.535,,0.0815827307914,-18.72,0.7644981717222803,2421029046.7361803
1358779,1522377,,,3299258,,,G,201.252,-0.9402,380.189,,0.0833767616884,-19.14,0.7644983034534506,3564511334.262453
1358781,1522379,,,3299261,,,G,201.209,-0.7614,387.258,,0.08483899241949999,-18.72,0.7644984975635278,2421029046.7361803
1358782,1522380,,,3299263,,,G,201.203,-0.015330000000000003,366.4380000000001,,0.08052412026210001,-18.79,0.7644985929943247,2582260190.634601
1358783,1522381,,,3299264,,,G,201.193,-0.29646,363.078,,0.0798254499127,-19.0,0.7644987087889894,3133285724.315589
1358784,1522382,,,3299265,,,G,201.2,-0.67423,1042.32,,0.210434175217,-20.94,0.7644994001239982,18706821403.658016
1358785,1522383,,,3299266,,,G,201.196,-0.9403,376.704,,0.08265478132739999,-18.58,0.7644994787721551,2128139045.9827175
1358786,1522384,,,3299267,,,G,201.195,-1.2935,1425.61,,0.27704872852400003,-21.52,0.7645006582466384,31915378551.00758
1358787,1522385,,,3299268,,,G,201.199,-1.35868,691.831,,0.145453002727,-20.1,0.7645009771716277,8629785477.669737
1358789,1522387,,,3299270,,,G,201.164,-0.51318,374.973,,0.0822958911479,-18.87,0.7645016496550916,2779713267.759294
1358791,1522389,,,3299272,,,G,201.146,-0.24321,363.078,,0.0798254499127,-18.54,0.7645018310644573,2051162178.8255708
1358792,1522390,,,3299273,,,G,201.118,-0.95965,454.98800000000006,,0.09871264935630003,-19.0,0.7645019468591222,3133285724.315589
1358793,1522391,,,3299274,,,G,201.11900000000003,-1.32187,371.535,,0.0815827307914,-19.23,0.7645020899752408,3872576449.216165
1358796,1522394,,,3299277,,,G,201.099,-0.1462,392.645,,0.0859515729758,-18.7,0.7645025683258091,2376840286.6248736
1358797,1522395,,,3299278,,,G,201.098,-0.73774,380.189,,0.0833767616884,-19.0,0.7645026841204738,3133285724.315589
1358798,1522396,,,3299279,,,G,201.107,-1.10911,399.945,,0.0874566437283,-19.06,0.764502806494303,3311311214.8259077
1358799,1522397,,,3299280,,,G,201.085,-0.0422,319.154,,0.07063248531619999,-18.84,0.7645029064226146,2703958364.108846
1358800,1522398,,,3299281,,,G,201.085,-1.2998,870.9639999999998,,0.17921891960900002,-21.12,0.7645037224195917,22080047330.18906
1358802,1522400,,,3299283,,,G,201.061,-0.2666,289.7340000000001,,0.06441123220560001,-18.15,0.7645039458338979,1432187899.2735453
1358803,1522401,,,3299284,,,G,201.075,-0.7511,411.15,,0.08976118488060003,-18.78,0.7645040403897799,2558585886.905653
1358805,1522403,,,3299286,,,G,201.026,-0.39564,874.9839999999998,,0.179962949981,-20.9,0.7645049508864162,18030177408.5957
1358806,1522404,,,3299287,,,G,201.03,-0.6922,416.869,,0.0909346654673,-19.38,0.7645051152057063,4446312674.691084
1358807,1522405,,,3299288,,,G,201.01,-0.314,494.311,,0.106657373329,-19.54,0.7645053056151787,5152286445.817583
1358810,1522408,,,3299291,,,G,200.99400000000003,-0.1085,1047.13,,0.211296435648,-20.81,0.7645064676429469,16595869074.375563
1358812,1522410,,,3299296,,,G,200.963,-1.24075,476.431,,0.103054611527,-19.39,0.7645067079024733,4487453899.331332
1358813,1522411,,,3299297,,,G,200.966,-1.34102,933.254,,0.190681145341,-20.69,0.7645072570493905,14859356422.87009
1358816,1522414,,,3299300,,,G,200.948,-0.5964,812.831,,0.16839593419799995,-20.33,0.7645080747728124,10665961212.302591
1358817,1522415,,,3299301,,,G,200.951,-1.0221,704.693,,0.14791966396,-20.01,0.7645083683271823,7943282347.242822
1358818,1522416,,,3299302,,,G,200.935,-1.2391299999999998,371.535,,0.0815827307914,-18.68,0.7645084545631716,2333458062.281005
1358819,1522417,,,3299303,,,G,200.952,-1.26354,657.658,,0.138865509433,-19.95,0.7645087323352253,7516228940.182045
1358820,1522418,,,3299304,,,G,200.952,-1.32269,870.9639999999998,,0.17921891960900002,-20.69,0.7645092814821425,14859356422.87009
1358821,1522419,,,3299305,,,G,200.927,-0.8797,338.844,,0.07476738738369999,-18.68,0.7645093677181318,2333458062.281005
1358822,1522420,,,3299306,,,G,200.903,-0.6462,1091.44,,0.219205669603,-21.16,0.7645102143381826,22908676527.6777
1358823,1522421,,,3299307,,,G,200.911,-0.82111,424.62,,0.0925224762612,-18.93,0.7645103229028609,2937649651.9615426
1358824,1522422,,,3299308,,,G,200.91,-0.98584,682.3389999999998,,0.143628101814,-20.17,0.7645106630670175,9204495717.53176
1358826,1522424,,,3299310,,,G,200.892,-0.5864199999999999,809.096,,0.167696213848,-20.68,0.7645114446929623,14723125024.327225
1358827,1522425,,,3299311,,,G,200.882,-0.77866,426.58,,0.0929235764618,-18.87,0.7645115474208953,2779713267.759294
1358828,1522426,,,3299312,,,G,200.887,-0.7814300000000001,424.62,,0.0925224762612,-18.86,0.764511649207013,2754228703.338175
1358829,1522427,,,3299313,,,G,200.885,-0.944,338.844,,0.07476738738369999,-18.64,0.7645117323237622,2249054605.835792
1358830,1522428,,,3299315,,,G,200.877,-0.027000000000000003,368.129,,0.08087545043769999,-19.05,0.7645118535756614,3280952931.131191
1358831,1522429,,,3299316,,,G,200.879,-0.5611,805.378,,0.1669992235,-20.27,0.7645122265582424,10092528860.766834
1358834,1522432,,,3299319,,,G,200.844,-0.18567,812.831,,0.16839593419799995,-20.3,0.7645129558849055,10375284158.180126
1358835,1522433,,,3299320,,,G,200.844,-0.2138,517.607,,0.111327565664,-19.58,0.7645131534401437,5345643593.969735
1358836,1522434,,,3299321,,,G,200.847,-1.06146,698.232,,0.146681503341,-20.23,0.7645135129315804,9727472237.76964
1358837,1522435,,,3299322,,,G,200.852,-1.2503799999999998,383.707,,0.0841048320524,-18.74,0.7645136040672837,2466039337.234336
1358839,1522437,,,3299324,,,G,200.834,-0.7156899999999999,346.737,,0.0764184082092,-18.46,0.7645138062172426,1905460717.963252
1358840,1522438,,,3299325,,,G,200.834,-0.8542,424.62,,0.0925224762612,-19.13,0.7645139367406941,3531831697.9195704
1358841,1522439,,,3299327,,,G,200.792,-0.21966,459.198,,0.0995669297835,-19.92,0.7645142069426882,7311390834.834217
1358842,1522440,,,3299328,,,G,200.794,-1.34635,933.254,,0.190681145341,-20.88,0.7645148611095645,17701089583.174183
1358843,1522441,,,3299329,,,G,200.799,-1.3603,463.447,,0.100428350214,-19.23,0.7645150042256832,3872576449.216165
1358844,1522442,,,3299330,,,G,200.787,-1.41383,463.447,,0.100428350214,-19.59,0.7645152036088776,5395106225.151268
1358846,1522444,,,3299332,,,G,200.765,-0.33747,369.828,,0.08122825061410001,-18.57,0.7645159062605006,2108628149.9332972
1358847,1522445,,,3299369,,,G,200.482,-0.8075,378.443,,0.0830151415076,-18.82,0.7645160043649151,2654605561.975548
1358850,1522448,,,3299335,,,G,200.738,-0.05835,368.129,,0.08087545043769999,-18.69,0.7645164635532296,2355049283.896009
1358851,1522449,,,3299336,,,G,200.747,-0.885,326.588,,0.07219635609819999,-18.64,0.7645165466699788,2249054605.835792
1358853,1522451,,,3299340,,,G,200.71400000000003,-0.07783999999999999,489.779,,0.105745762873,-19.36,0.7645171862770742,4365158322.401666
1358854,1522452,,,3299341,,,G,200.708,-0.2659,369.828,,0.08122825061410001,-19.0,0.7645173020717391,3133285724.315589
1358855,1522453,,,3299342,,,G,200.695,-0.18502,505.825,,0.108969054485,-19.4,0.7645174694459528,4528975799.036214
1358856,1522454,,,3299343,,,G,200.694,-0.44954,539.511,,0.115694517847,-19.85,0.7645177227770766,6854882264.526649
1358857,1522455,,,3299344,,,G,200.686,-0.71824,422.669,,0.0921230560615,-18.93,0.7645178313417549,2937649651.9615426
1358858,1522456,,,3299345,,,G,200.68,-0.42657,816.582,,0.169098174549,-20.64,0.7645183557729893,14190575216.890957
1358862,1522460,,,3299351,,,G,200.625,-1.10854,373.25,,0.0819384709692,-18.7,0.7645189522316989,2376840286.6248736
1358863,1522461,,,3299352,,,G,200.574,-1.2375200000000002,452.898,,0.0982882391441,-19.23,0.7645190953478175,3872576449.216165
1358864,1522462,,,3299354,,,G,200.573,-1.30891,463.447,,0.100428350214,-19.35,0.7645192551889508,4325138310.350115
1358865,1522463,,,3299355,,,G,200.556,-1.3847,1066.6,,0.21477928739,-21.01,0.7645199925641895,19952623149.688828
1358867,1522465,,,3299358,,,G,200.522,-0.8242,977.237,,0.198694119347,-20.66,0.7645206672492837,14454397707.459282
1358868,1522466,,,3299359,,,G,200.505,-0.46291,487.528,,0.105292582646,-19.17,0.7645208026710737,3664375746.478348
1358869,1522467,,,3299361,,,G,200.505,-0.9418,899.498,,0.184486562243,-20.84,0.7645214331760953,17060823890.03121
1358870,1522468,,,3299362,,,G,200.519,-1.2179,383.707,,0.0841048320524,-18.61,0.7645215140276825,2187761623.949561
1358871,1522469,,,3299363,,,G,200.488,-0.41074,820.352,,0.16980335490200002,-20.64,0.764522038458917,14190575216.890957
1358872,1522470,,,3299364,,,G,200.482,-0.5968399999999999,383.707,,0.0841048320524,-18.91,0.7645221450420666,2884031503.1266
1358873,1522471,,,3299365,,,G,200.49,-1.29877,672.977,,0.141824620912,-20.32,0.7645225356027749,10568175092.136606
1358874,1522472,,,3299368,,,G,200.476,-0.7037899999999999,485.289,,0.104841502421,-19.21,0.7645226761067302,3801893963.205628
1358875,1522473,,,3299370,,,G,200.475,-0.8375,695.0239999999999,,0.146065993033,-20.01,0.7645229696611001,7943282347.242822
1358876,1522474,,,3299371,,,G,200.473,-0.97908,903.649,,0.185250332625,-20.7,0.7645235238892112,14996848355.02374
1358877,1522475,,,3299372,,,G,200.478,-1.0097,552.077,,0.118189529095,-19.45,0.7645236991515285,4742419852.6024475
1358878,1522476,,,3299373,,,G,200.476,-1.0290700000000002,378.443,,0.0830151415076,-19.22,0.7645238409555508,3837072454.9228
1358879,1522477,,,3299374,,,G,200.471,-1.05075,695.0239999999999,,0.146065993033,-20.23,0.7645242004469875,9727472237.76964
1358880,1522478,,,3299375,,,G,200.473,-1.1396,472.0630000000001,,0.102172191086,-19.13,0.764524330970439,3531831697.9195704
1358881,1522479,,,3299376,,,G,200.45,-0.5599,380.189,,0.0833767616884,-18.66,0.7645244156324441,2290867652.76777
1358883,1522481,,,3299378,,,G,200.429,-0.7744300000000001,527.23,,0.113248856624,-19.87,0.7645249810625063,6982324040.771733
1358884,1522482,,,3299379,,,G,200.436,-0.79108,539.511,,0.115694517847,-19.48,0.7645251612350251,4875284901.033871
1358885,1522483,,,3299380,,,G,200.43400000000003,-1.19303,794.328,,0.164924632462,-20.43,0.7645255934387941,11694993910.198748
1358887,1522485,,,3299382,,,G,200.42,-0.1221,1051.96,,0.212161426081,-21.04,0.7645264523254943,20511621788.25571
1358888,1522486,,,3299383,,,G,200.41,-0.4041,337.287,,0.07444125722060001,-18.41,0.7645265195749155,1819700858.6099825
1358889,1522487,,,3299384,,,G,200.426,-0.5744,820.352,,0.16980335490200002,-20.82,0.7645271385719234,16749428760.26445
1358890,1522488,,,3299385,,,G,200.425,-0.83193,501.187,,0.108038544019,-19.42,0.7645273090578559,4613175745.603809
1358891,1522489,,,3299386,,,G,200.418,-1.1084,483.059,,0.104392102196,-19.22,0.7645274508618783,3837072454.9228
1358892,1522490,,,3299387,,,G,200.42,-1.2117,633.87,,0.134250547125,-19.83,0.7645276995691882,6729766562.843196
1358893,1522491,,,3299388,,,G,200.401,-0.16612000000000002,496.592,,0.107115803558,-19.63,0.7645279064349181,5597576014.951093
1358894,1522492,,,3299389,,,G,200.396,-0.17031,510.505,,0.109906704953,-19.47,0.7645280849556052,4830588020.397738
1358895,1522493,,,3299390,,,G,200.404,-1.011,912.011,,0.186787323394,-20.55,0.7645285676681103,13061708881.318405
1358896,1522494,,,3299391,,,G,200.395,-1.1352,389.045,,0.08520817260410002,-18.82,0.7645286657725247,2654605561.975548
1358898,1522496,,,3299393,,,G,200.375,-0.43118,374.973,,0.0822958911479,-18.99,0.7645288786099919,3104559588.128349
1358899,1522497,,,3299395,,,G,200.361,-0.8681,851.138,,0.175541817771,-20.46,0.7645293229225106,12022644346.17418
1358900,1522498,,,3299396,,,G,200.363,-0.97093,862.9789999999998,,0.17773967887000006,-20.47,0.7645297713462024,12133888504.649809
1358901,1522499,,,3299397,,,G,200.37,-1.00397,378.443,,0.0830151415076,-18.59,0.7645298507220818,2147830474.130529
1358902,1522500,,,3299398,,,G,200.36900000000003,-1.27481,501.187,,0.108038544019,-19.29,0.7645300019697019,4092606597.3001275
1358904,1522502,,,3299401,,,G,200.353,-0.9179,380.189,,0.0833767616884,-18.99,0.7645310977468989,3104559588.128349
1358905,1522503,,,3299402,,,G,200.342,-1.19957,496.592,,0.107115803558,-19.38,0.7645312620661889,4446312674.691084
1358906,1522504,,,3299404,,,G,200.332,-0.51042,501.187,,0.108038544019,-19.47,0.7645314405868759,4830588020.397738
1358907,1522505,,,3299405,,,G,200.326,-0.73873,480.839,,0.103944381972,-19.85,0.7645316939179999,6854882264.526649
1358908,1522506,,,3299406,,,G,200.337,-1.10269,389.045,,0.08520817260410002,-19.04,0.764531814058255,3250872973.8543468
1358909,1522507,,,3299408,,,G,200.304,-0.55908,797.995,,0.165613642807,-20.33,0.7645322082327771,10665961212.302591
1358910,1522508,,,3299409,,,G,200.32,-1.05072,483.059,,0.104392102196,-19.85,0.7645324615639009,6854882264.526649
1358911,1522509,,,3299410,,,G,200.296,-0.24298000000000006,744.732,,0.155555057778,-20.45,0.764532901802938,11912420080.273762
1358912,1522510,,,3299411,,,G,200.272,-0.33691,636.7959999999998,,0.13481943741,-20.32,0.7645332923636463,10568175092.136606
1358913,1522511,,,3299412,,,G,200.282,-0.76745,390.841,,0.08557924278960001,-18.8,0.7645333886774534,2606153549.9988976
1358914,1522512,,,3299413,,,G,200.27,-1.31553,501.187,,0.108038544019,-19.32,0.7645335441624719,4207266283.8444633
1358917,1522515,,,3299417,,,G,200.262,-0.5244,1056.82,,0.213031246516,-21.21,0.7645362067884944,23988329190.195045
1358918,1522516,,,3299418,,,G,200.251,-0.8586,685.488,,0.144233952117,-19.98,0.7645364923426928,7726805850.957022
1358919,1522517,,,3299419,,,G,200.266,-0.9271,688.6519999999998,,0.144842322421,-20.08,0.7645368054466452,8472274141.40598
1358920,1522518,,,3299420,,,G,200.254,-0.98083,698.232,,0.146681503341,-20.04,0.7645371072253218,8165823713.585939
1358921,1522519,,,3299421,,,G,200.238,-2e-05,639.735,,0.135390637695,-19.99,0.7645373954217206,7798301105.232576
1358922,1522520,,,3299422,,,G,200.232,-0.42809,356.451,,0.07844553922280001,-18.92,0.764537502991072,2910717118.06662
1358923,1522521,,,3299423,,,G,200.245,-1.26946,485.289,,0.104841502421,-19.63,0.7645377098568019,5597576014.951093
1358924,1522522,,,3299424,,,G,200.212,-0.07229,512.861,,0.110378365189,-19.66,0.7645379225181437,5754399373.371567
1358925,1522523,,,3299425,,,G,200.227,-0.6806,805.378,,0.1669992235,-20.45,0.7645383627571807,11912420080.273762
1358926,1522524,,,3299426,,,G,200.229,-1.00337,622.3,,0.131996825998,-19.85,0.7645386160883045,6854882264.526649
1358928,1522526,,,3299432,,,G,200.2,-0.38258,776.247,,0.16151990076,-20.44,0.7645392572603791,11803206356.517323
1358929,1522527,,,3299434,,,G,200.195,-1.2556,383.707,,0.0841048320524,-19.24,0.764539401700735,3908408957.9240093
1358930,1522528,,,3299437,,,G,200.19,-0.5153800000000001,639.735,,0.135390637695,-20.43,0.7645398339045041,11694993910.198748
1358931,1522529,,,3299438,,,G,200.176,-0.90235,381.944,,0.08374006187000001,-18.88,0.7645399375829668,2805433637.9517045
1358932,1522530,,,3299439,,,G,200.183,-1.28595,679.204,,0.143024771512,-20.02,0.7645402338535618,8016780633.876789
1358933,1522531,,,3299440,,,G,200.156,-0.0304,368.129,,0.08087545043769999,-18.77,0.7645403275425503,2535128630.497907
1358934,1522532,,,3299441,,,G,200.158,-0.3421,698.232,,0.146681503341,-20.04,0.7645406293212269,8165823713.585939
1358935,1522533,,,3299442,,,G,200.16,-0.6074,1051.96,,0.212161426081,-20.87,0.7645412774906652,17538805018.417603
1358938,1522536,,,3299445,,,G,200.129,-0.94798,426.58,,0.0929235764618,-19.21,0.7645421719449756,3801893963.205628
1358939,1522537,,,3299447,,,G,200.11900000000003,-1.24578,496.592,,0.107115803558,-19.32,0.7645423274299942,4207266283.8444633
1358941,1522539,,,3299449,,,G,200.093,-0.89943,426.58,,0.0929235764618,-19.47,0.7645426643263822,4830588020.397738
1358942,1522540,,,3299452,,,G,200.079,-0.85334,369.828,,0.08122825061410001,-18.83,0.7645427633385455,2679168324.819037
1358943,1522541,,,3299453,,,G,200.052,-1.3783,508.159,,0.109436724718,-19.34,0.7645429217142464,4285485203.9743924
1358944,1522542,,,3299454,,,G,200.038,-0.43621,968.278,,0.197067248534,-21.3,0.764543884852317,26061535499.988976
1358945,1522543,,,3299456,,,G,200.026,-0.8434299999999999,866.962,,0.17847782923900002,-20.54,0.7645443631392873,12941958414.499916
1358946,1522544,,,3299457,,,G,200.025,-0.9166,1061.7,,0.213903796952,-20.93,0.7645450481360986,18535316234.148144
1358947,1522545,,,3299458,,,G,200.004,-0.65627,805.378,,0.1669992235,-20.41,0.7645454724512598,11481536214.968842
1358948,1522546,,,3299459,,,G,200.0,-1.1024,691.831,,0.145453002727,-19.95,0.7645457502233135,7516228940.182045
1359021,1522619,,,3299915,,,G,202.458,-1.6506,636.7959999999998,,0.13481943741,-19.96,0.7645654893134536,7585775750.291882
1359171,1522769,,,3299741,,,G,203.142,-2.1139,472.0630000000001,,0.102172191086,-19.57,0.7646149523030609,5296634438.916602
1359172,1522770,,,3299742,,,G,203.131,-2.17241,478.63,,0.103498551749,-19.63,0.7646151591687907,5597576014.951093
1359173,1522771,,,3299743,,,G,203.112,-1.6801700000000002,679.204,,0.143024771512,-20.32,0.7646155497294992,10568175092.136606
1359174,1522772,,,3299744,,,G,203.107,-1.78164,363.078,,0.0798254499127,-18.98,0.7646156634106732,3076096814.740705
1359175,1522773,,,3299748,,,G,203.058,-1.7614299999999998,401.791,,0.0878367439184,-18.96,0.7646157750169319,3019951720.4020314
1359176,1522774,,,3299749,,,G,203.057,-1.77954,338.844,,0.07476738738369999,-18.83,0.7646158740290953,2679168324.819037
1359177,1522775,,,3299751,,,G,203.064,-1.84248,369.828,,0.08122825061410001,-18.9,0.7646159796350847,2857590543.374955
1359178,1522776,,,3299752,,,G,203.062,-1.9796,383.707,,0.0841048320524,-18.68,0.764616065871074,2333458062.281005
1359179,1522777,,,3299753,,,G,203.054,-2.1705400000000004,588.844,,0.12544671272299998,-20.16,0.7646164029165868,9120108393.559114
1359180,1522778,,,3299754,,,G,203.068,-2.1729,651.628,,0.137698118849,-20.16,0.7646167399620998,9120108393.559114
1359181,1522779,,,3299755,,,G,203.044,-1.72456,407.38,,0.0889864944932,-20.14,0.7646170708558389,8953647655.495974
1359182,1522780,,,3299756,,,G,203.039,-1.88374,373.25,,0.0819384709692,-19.09,0.7646171966581297,3404081897.010009
1359183,1522781,,,3299757,,,G,203.046,-1.8898,380.189,,0.0833767616884,-19.14,0.7646173283893001,3564511334.262453
1359184,1522782,,,3299759,,,G,203.045,-1.98477,381.944,,0.08374006187000001,-19.62,0.7646175333584734,5546257129.579103
1359185,1522783,,,3299760,,,G,203.046,-2.67646,381.944,,0.08374006187000001,-19.61,0.7646177364484782,5495408738.576271
1359186,1522784,,,3299761,,,G,203.052,-2.68225,887.1560000000002,,0.182211631106,-20.69,0.7646182855953952,14859356422.87009
1359187,1522785,,,3299762,,,G,203.031,-1.6703,401.791,,0.0878367439184,-18.78,0.7646183801512773,2558585886.905653
1359188,1522786,,,3299763,,,G,203.029,-1.67836,338.844,,0.07476738738369999,-18.76,0.7646184729813199,2511886431.509582
1359189,1522787,,,3299764,,,G,203.023,-1.6996099999999998,765.597,,0.15950851975400002,-20.28,0.7646188494150662,10185913880.541231
1359190,1522788,,,3299766,,,G,203.029,-1.8862,378.443,,0.0830151415076,-19.12,0.7646189787418716,3499451670.2835765
1359191,1522789,,,3299767,,,G,203.017,-2.00656,378.443,,0.0830151415076,-18.98,0.7646190924230456,3076096814.740705
1359192,1522790,,,3299768,,,G,202.997,-1.9063,374.973,,0.0822958911479,-18.75,0.7646191844020174,2488857318.2823954
1359193,1522791,,,3299770,,,G,202.99,-1.82767,340.408,,0.0750947775474,-18.64,0.7646192675187666,2249054605.835792
1359194,1522792,,,3299771,,,G,202.995,-1.8601,369.828,,0.08122825061410001,-18.61,0.7646193483703537,2187761623.949561
1359195,1522793,,,3299772,,,G,202.986,-1.9217,492.04,,0.1062006231,-19.47,0.7646195268910408,4830588020.397738
1359196,1522794,,,3299773,,,G,202.982,-2.0353,389.045,,0.08520817260410002,-18.63,0.7646196092457712,2228435149.2702985
1359197,1522795,,,3299774,,,G,202.995,-2.10239,765.597,,0.15950851975400002,-20.22,0.7646199654413707,9638290236.239744
1359198,1522796,,,3299775,,,G,202.983,-2.38796,371.535,,0.0815827307914,-18.71,0.7646200540933732,2398832919.019495
1359199,1522797,,,3299776,,,G,202.981,-2.4511,394.457,,0.08632537316269999,-19.21,0.7646201945973284,3801893963.205628
1359200,1522798,,,3299778,,,G,202.96400000000003,-1.53133,676.0830000000002,,0.14242354121200002,-20.02,0.7646204908679234,8016780633.876789
1359201,1522799,,,3299779,,,G,202.972,-1.53355,679.204,,0.143024771512,-20.19,0.7646208373562039,9375620069.258831
1359202,1522800,,,3299781,,,G,202.965,-2.0592,383.707,,0.0841048320524,-18.59,0.7646209167320833,2147830474.130529
1359203,1522801,,,3299782,,,G,202.971,-2.7074,394.457,,0.08632537316269999,-19.01,0.7646210335981829,3162277660.16838
1359204,1522802,,,3299783,,,G,202.966,-2.7108,374.973,,0.0822958911479,-18.69,0.7646211206321041,2355049283.896009
1359205,1522803,,,3299784,,,G,202.975,-2.7435,1312.2,,0.257754548877,-21.43,0.7646222062788871,29376496519.615425
1359206,1522804,,,3299785,,,G,202.954,-1.5511,358.096,,0.07878825939410003,-19.42,0.7646223767648197,4613175745.603809
1359207,1522805,,,3299786,,,G,202.959,-2.3499,307.61,,0.0681975340988,-18.15,0.7646224296931934,1432187899.2735453
1359208,1522806,,,3299787,,,G,202.929,-1.8886,405.509,,0.0886017743009,-19.14,0.7646225614243637,3564511334.262453
1359209,1522807,,,3299788,,,G,202.927,-2.6528,654.636,,0.13828065914,-19.92,0.7646228316263578,7311390834.834217
1359210,1522808,,,3299789,,,G,202.923,-1.7221,383.707,,0.0841048320524,-19.09,0.7646229574286486,3404081897.010009
1359211,1522809,,,3299790,,,G,202.908,-1.7362,376.704,,0.08265478132739999,-18.65,0.7646230413144678,2269864851.883821
1359212,1522810,,,3299792,,,G,202.908,-1.77175,385.478,,0.08447107223549999,-19.47,0.7646232198351549,4830588020.397738
1359213,1522811,,,3299794,,,G,202.923,-1.94295,390.841,,0.08557924278960001,-19.32,0.7646233753201735,4207266283.8444633
1359214,1522812,,,3299797,,,G,202.92,-2.5279,847.227,,0.17481479740699998,-21.17,0.7646242297739031,23120647901.75608
1359215,1522813,,,3299798,,,G,202.901,-2.00897,390.841,,0.08557924278960001,-19.53,0.7646244184376909,5105049999.754086
1359216,1522814,,,3299800,,,G,202.893,-2.5083,762.079,,0.158843239422,-20.62,0.7646249332969767,13931568029.453035
1359217,1522815,,,3299802,,,G,202.883,-1.95757,373.25,,0.0819384709692,-18.94,0.7646250428661915,2964831389.524339
1359218,1522816,,,3299803,,,G,202.888,-2.6837,847.227,,0.17481479740699998,-20.63,0.7646255624894114,14060475241.29913
1359219,1522817,,,3299804,,,G,202.863,-1.4877,676.0830000000002,,0.14242354121200002,-20.04,0.7646258642680881,8165823713.585939
1359220,1522818,,,3299805,,,G,202.861,-1.6304,409.261,,0.08937310468660001,-18.73,0.7646259545682542,2443430552.693971
1359221,1522819,,,3299806,,,G,202.866,-1.68542,380.189,,0.0833767616884,-19.18,0.7646260912430866,3698281797.8026743
1359222,1522820,,,3299807,,,G,202.866,-2.08013,903.649,,0.185250332625,-20.59,0.7646265920710273,13551894123.510351
1359223,1522821,,,3299808,,,G,202.86900000000003,-2.3018,758.578,,0.15818047909000002,-20.22,0.7646269482666268,9638290236.239744
1359224,1522822,,,3299809,,,G,202.845,-1.96294,413.048,,0.0901507350754,-19.05,0.7646270695185259,3280952931.131191
1359225,1522823,,,3299810,,,G,202.836,-2.16549,851.138,,0.175541817771,-21.17,0.7646279239722557,23120647901.75608
1359226,1522824,,,3299812,,,G,202.84,-2.48657,332.66,,0.0734710567355,-19.06,0.7646280463460848,3311311214.8259077
1359227,1522825,,,3299813,,,G,202.832,-1.51597,381.944,,0.08374006187000001,-19.03,0.7646281653848875,3221068791.283441
1359228,1522826,,,3299814,,,G,202.823,-1.7919,368.129,,0.08087545043769999,-18.58,0.7646282440330444,2128139045.9827175
1359229,1522827,,,3299815,,,G,202.82,-2.32106,855.067,,0.176271568136,-20.82,0.7646288630300524,16749428760.26445
1359230,1522828,,,3299817,,,G,202.829,-2.51015,847.227,,0.17481479740699998,-20.44,0.7646292992329536,11803206356.517323
1359231,1522829,,,3299819,,,G,202.799,-1.97247,695.0239999999999,,0.146065993033,-20.25,0.7646296654078352,9908319448.927729
1359232,1522830,,,3299823,,,G,202.81,-2.6857900000000003,387.258,,0.08483899241949999,-19.31,0.7646298194673585,4168693834.7033467
1359233,1522831,,,3299826,,,G,202.78,-1.97497,968.278,,0.197067248534,-21.06,0.7646305915940217,20892961308.54041
1359234,1522832,,,3299827,,,G,202.785,-2.7269,959.401,,0.195452557726,-20.6,0.7646310970560664,13677288255.958578
1359235,1522833,,,3299828,,,G,202.767,-1.56053,1158.78,,0.231111835556,-21.03,0.7646318481401342,20323570109.36229
1359236,1522834,,,3299829,,,G,202.765,-1.59226,373.25,,0.0819384709692,-18.82,0.7646319462445486,2654605561.975548
1359237,1522835,,,3299830,,,G,202.77,-1.6342299999999998,369.828,,0.08122825061410001,-19.37,0.7646321090573504,4405548635.065536
1359238,1522836,,,3299832,,,G,202.765,-2.58253,492.04,,0.1062006231,-19.77,0.7646323443934491,6367955209.079162
1359239,1522837,,,3299833,,,G,202.752,-1.52086,824.138,,0.170510845255,-20.7,0.76463289862156,14996848355.02374
1359240,1522838,,,3299835,,,G,202.75,-1.75951,727.78,,0.152330296165,-20.1,0.7646332175465494,8629785477.669737
1359241,1522839,,,3299836,,,G,202.747,-1.8919,972.747,,0.19787910894,-20.74,0.7646337925739634,15559656316.05075
1359242,1522840,,,3299837,,,G,202.749,-2.4798,1106.62,,0.221901440951,-21.08,0.7646345790555329,21281390459.827183
1359243,1522841,,,3299838,,,G,202.729,-2.03477,392.645,,0.0859515729758,-19.14,0.7646347107867032,3564511334.262453
1359244,1522842,,,3299839,,,G,202.732,-2.22454,751.623,,0.156862728431,-20.68,0.7646352548990111,14723125024.327225
1359245,1522843,,,3299840,,,G,202.719,-1.46849,467.735,,0.101296700648,-19.72,0.7646354796432406,6081350012.7871895
1359246,1522844,,,3299841,,,G,202.721,-1.62512,373.25,,0.0819384709692,-19.11,0.7646356077843707,3467368504.525324
1359247,1522845,,,3299843,,,G,202.708,-2.02826,1300.17,,0.255688567844,-21.63,0.7646369130188865,35318316979.1957
1359248,1522846,,,3300028,,,G,201.937,-2.4839,383.707,,0.0841048320524,-18.82,0.7646370111233008,2654605561.975548
1359249,1522847,,,3299844,,,G,202.713,-2.09345,378.443,,0.0830151415076,-19.26,0.7646371582490034,3981071705.534985
1359250,1522848,,,3299845,,,G,202.712,-2.1793,380.189,,0.0833767616884,-18.76,0.7646372510790458,2511886431.509582
1359251,1522849,,,3299846,,,G,202.717,-2.22318,383.707,,0.0841048320524,-18.69,0.7646373381129671,2355049283.896009
1359252,1522850,,,3299848,,,G,202.697,-1.47642,467.735,,0.101296700648,-19.67,0.76463755274204,5807644175.2131605
1359253,1522851,,,3299849,,,G,202.7,-1.48961,389.045,,0.08520817260410002,-19.18,0.7646376894168723,3698281797.8026743
1359254,1522852,,,3299850,,,G,202.703,-1.62973,371.535,,0.0815827307914,-19.56,0.7646378833663212,5248074602.497712
1359255,1522853,,,3299851,,,G,202.705,-1.6661,591.562,,0.12598074299,-19.66,0.7646380960276629,5754399373.371567
1359256,1522854,,,3299852,,,G,202.69,-1.81156,363.078,,0.0798254499127,-18.95,0.7646382066107094,2992264636.608183
1359257,1522855,,,3299853,,,G,202.691,-1.8364,809.096,,0.167696213848,-20.3,0.7646385900428815,10375284158.180126
1359258,1522856,,,3299854,,,G,202.688,-1.62604,399.945,,0.0874566437283,-18.96,0.7646387016491402,3019951720.4020314
1359259,1522857,,,3299855,,,G,202.673,-1.68714,392.645,,0.0859515729758,-19.07,0.7646388251552805,3341950400.261149
1359260,1522858,,,3299856,,,G,202.686,-1.7979599999999998,698.232,,0.146681503341,-20.2,0.7646391748495776,9462371613.657913
1359261,1522859,,,3299857,,,G,202.68400000000003,-1.92382,396.278,,0.0867008533504,-19.09,0.7646393006518684,3404081897.010009
1359262,1522860,,,3299858,,,G,202.68,-1.99742,418.794,,0.0913292556646,-19.05,0.7646394219037677,3280952931.131191
1359263,1522861,,,3299859,,,G,202.679,-2.35381,1042.32,,0.210434175217,-21.01,0.7646401592790063,19952623149.688828
1359264,1522862,,,3299860,,,G,202.66,-1.8498,389.045,,0.08520817260410002,-18.81,0.764640256483994,2630267991.895381
1359265,1522863,,,3299861,,,G,202.645,-1.7017,972.747,,0.19787910894,-20.69,0.7646408056309112,14859356422.87009
1359266,1522864,,,3299863,,,G,202.638,-1.81531,376.704,,0.08265478132739999,-19.18,0.7646409423057434,3698281797.8026743
1359267,1522865,,,3299864,,,G,202.646,-1.81782,366.4380000000001,,0.08052412026210001,-19.23,0.7646410854218622,3872576449.216165
1359268,1522866,,,3299865,,,G,202.64,-1.93193,401.791,,0.0878367439184,-18.99,0.7646412001549151,3104559588.128349
1359269,1522867,,,3299866,,,G,202.649,-1.9348,411.15,,0.08976118488060003,-19.14,0.7646413318860853,3564511334.262453
1359270,1522868,,,3299867,,,G,202.651,-2.02011,385.478,,0.08447107223549999,-19.15,0.764641464836149,3597493351.557431
1359271,1522869,,,3299868,,,G,202.647,-2.12276,847.227,,0.17481479740699998,-20.4,0.7646418852611655,11376272858.234331
1359272,1522870,,,3299869,,,G,202.633,-1.98254,396.278,,0.0867008533504,-19.46,0.7646420621451652,4786300923.226399
1359273,1522871,,,3299870,,,G,202.622,-2.13044,409.261,,0.08937310468660001,-19.01,0.7646421790112649,3162277660.16838
1359274,1522872,,,3299871,,,G,202.613,-1.8985,831.7639999999999,,0.171934645967,-20.33,0.7646425731857871,10665961212.302591
1359275,1522873,,,3299872,,,G,202.614,-2.13035,385.478,,0.08447107223549999,-19.23,0.7646427163019056,3872576449.216165
1359276,1522874,,,3299873,,,G,202.603,-2.2356,381.944,,0.08374006187000001,-18.85,0.7646428171548426,2728977782.808052
1359277,1522875,,,3299876,,,G,202.591,-1.7295200000000002,403.645,,0.0882183141092,-19.27,0.7646429656418825,4017908108.4893923
1359278,1522876,,,3299877,,,G,202.59,-1.8824,602.56,,0.128138284069,-20.04,0.7646432674205592,8165823713.585939
1359279,1522877,,,3299878,,,G,202.568,-1.62849,847.227,,0.17481479740699998,-20.79,0.7646438695481803,16292960326.397282
1359280,1522878,,,3299879,,,G,202.571,-1.72042,505.825,,0.108969054485,-19.42,0.7646440400341129,4613175745.603809
1359281,1522879,,,3299881,,,G,202.575,-2.11911,883.08,,0.18145920073,-20.75,0.7646446203821899,15703628043.33558
1359282,1522880,,,3299883,,,G,202.546,-1.69155,645.654,,0.13653975827,-19.99,0.7646449085785888,7798301105.232576
1359283,1522881,,,3299884,,,G,202.554,-1.7841,503.501,,0.108502854251,-19.28,0.7646450584395624,4055085354.48386
1359284,1522882,,,3299885,,,G,202.55,-1.79265,508.159,,0.109436724718,-19.91,0.7646453261643298,7244359600.74989
1359285,1522883,,,3299886,,,G,202.557,-1.79653,501.187,,0.108038544019,-19.39,0.7646454920040475,4487453899.331332
1359286,1522884,,,3299888,,,G,202.56,-2.0985,381.944,,0.08374006187000001,-19.12,0.7646456213308529,3499451670.2835765
1359287,1522885,,,3299890,,,G,202.554,-2.62376,883.08,,0.18145920073,-20.72,0.7646461858628338,15275660582.380762
1359288,1522886,,,3299891,,,G,202.536,-1.75378,851.138,,0.175541817771,-20.58,0.7646466820991564,13427649611.378641
1359289,1522887,,,3299892,,,G,202.53,-2.0097,416.869,,0.0909346654673,-18.78,0.7646467766550384,2558585886.905653
1359290,1522888,,,3299893,,,G,202.534,-2.3467,862.9789999999998,,0.17773967887000006,-20.71,0.7646473360113589,15135612484.362131
1359291,1522889,,,3299894,,,G,202.512,-1.49883,398.107,,0.08707801353900001,-19.58,0.7646475335665972,5345643593.969735
1359292,1522890,,,3299895,,,G,202.509,-1.55106,633.87,,0.134250547125,-19.94,0.7646478087920214,7447319739.059889
1359293,1522891,,,3299896,,,G,202.523,-1.80548,950.605,,0.193850046925,-20.84,0.7646484392970431,17060823890.03121
1359294,1522892,,,3299897,,,G,202.516,-1.92468,494.311,,0.106657373329,-19.77,0.7646486746331418,6367955209.079162
1359295,1522893,,,3299899,,,G,202.524,-2.3527,862.9789999999998,,0.17773967887000006,-20.75,0.7646492549812189,15703628043.33558
1359296,1522894,,,3299900,,,G,202.525,-2.4741,816.582,,0.169098174549,-20.23,0.7646496144726557,9727472237.76964
1359297,1522895,,,3299901,,,G,202.513,-2.553,307.61,,0.0681975340988,-18.83,0.7646497134848191,2679168324.819037
1359298,1522896,,,3299902,,,G,202.511,-2.6042,422.669,,0.0921230560615,-19.47,0.7646498920055061,4830588020.397738
1359299,1522897,,,3299904,,,G,202.506,-2.02135,387.258,,0.08483899241949999,-19.42,0.7646500624914387,4613175745.603809
1359300,1522898,,,3299905,,,G,202.502,-2.07705,392.645,,0.0859515729758,-19.18,0.7646501991662711,3698281797.8026743
1359301,1522899,,,3299908,,,G,202.505,-2.7183,1061.7,,0.213903796952,-21.16,0.7646510457863218,22908676527.6777
1359302,1522900,,,3299909,,,G,202.485,-1.9416,820.352,,0.16980335490200002,-20.74,0.7646516208137357,15559656316.05075
1359303,1522901,,,3299910,,,G,202.474,-2.0735900000000003,374.973,,0.0822958911479,-18.91,0.7646517273968854,2884031503.1266
1359304,1522902,,,3299911,,,G,202.477,-2.17112,385.478,,0.08447107223549999,-18.74,0.7646518185325888,2466039337.234336
1359305,1522903,,,3299913,,,G,202.482,-2.7471,972.747,,0.19787910894,-21.79,0.7646533310087901,40926065973.00127
1359306,1522904,,,3299914,,,G,202.46400000000003,-1.51674,392.645,,0.0859515729758,-19.02,0.7646534489562384,3191537855.1007576
1359307,1522905,,,3299916,,,G,202.46400000000003,-2.02087,505.825,,0.108969054485,-19.97,0.7646537318924601,7655966069.112569
1359308,1522906,,,3299918,,,G,202.47,-2.1733,392.645,,0.0859515729758,-18.7,0.7646538197316962,2376840286.6248736
1359309,1522907,,,3299919,,,G,202.441,-1.5422,619.441,,0.13143906572,-19.64,0.7646540285115311,5649369748.123057
1359310,1522908,,,3299921,,,G,202.444,-1.6275700000000002,633.87,,0.134250547125,-19.74,0.7646542574340679,6194410750.767812
1359311,1522909,,,3299923,,,G,202.444,-1.94425,405.509,,0.0886017743009,-19.46,0.7646544343180676,4786300923.226399
1359312,1522910,,,3299924,,,G,202.448,-2.01006,597.035,,0.127055103528,-19.6,0.764654635546132,5445026528.424242
1359313,1522911,,,3299925,,,G,202.439,-2.40223,862.9789999999998,,0.17773967887000006,-20.84,0.7646552660511536,17060823890.03121
1359314,1522912,,,3299926,,,G,202.449,-2.51479,630.957,,0.133683756842,-19.78,0.7646555035647905,6426877173.17022
1359315,1522913,,,3299928,,,G,202.427,-1.8677,685.488,,0.144233952117,-20.11,0.7646558254407565,8709635899.560833
1359316,1522914,,,3299929,,,G,202.423,-1.97736,390.841,,0.08557924278960001,-19.24,0.7646559698811123,3908408957.9240093
1359317,1522915,,,3299931,,,G,202.437,-2.30068,385.478,,0.08447107223549999,-19.14,0.7646561016122826,3564511334.262453
1359318,1522916,,,3299932,,,G,202.426,-2.36143,389.045,,0.08520817260410002,-19.12,0.764656230939088,3499451670.2835765
1359319,1522917,,,3299933,,,G,202.431,-2.4652,816.582,,0.169098174549,-20.33,0.7646566251136101,10665961212.302591
1359320,1522918,,,3299934,,,G,202.414,-1.49262,642.688,,0.135964147982,-19.98,0.7646569106678086,7726805850.957022
1359321,1522919,,,3299935,,,G,202.399,-1.50938,369.828,,0.08122825061410001,-19.28,0.7646570605287822,4055085354.48386
1359322,1522920,,,3299936,,,G,202.415,-1.83096,478.63,,0.103498551749,-19.07,0.7646571840349226,3341950400.261149
1359323,1522921,,,3299937,,,G,202.406,-2.11015,394.457,,0.08632537316269999,-19.3,0.7646573366820197,4130475019.9016094
1359324,1522922,,,3299938,,,G,202.412,-2.38928,859.0139999999999,,0.17700425850200002,-20.55,0.7646578193945248,13061708881.318405
1359325,1522923,,,3299939,,,G,202.389,-1.5381,968.278,,0.197067248534,-20.8,0.7646584270935641,16443717232.149357
1359326,1522924,,,3299940,,,G,202.387,-1.59381,636.7959999999998,,0.13481943741,-19.82,0.7646586735207116,6668067692.136246
1359327,1522925,,,3299941,,,G,202.396,-2.418,859.0139999999999,,0.17700425850200002,-20.31,0.7646590605007378,10471285480.508986
1359328,1522926,,,3299944,,,G,202.366,-1.6484,622.3,,0.131996825998,-19.7,0.7646592811429228,5970352865.838366
1359329,1522927,,,3299945,,,G,202.372,-2.06848,496.592,,0.107115803558,-19.31,0.7646594352024463,4168693834.7033467
1359330,1522928,,,3299948,,,G,202.355,-2.3257,851.138,,0.175541817771,-20.52,0.7646599047596955,12705741052.085394
1359331,1522929,,,3299949,,,G,202.34,-2.0037,633.87,,0.134250547125,-19.76,0.7646601379382199,6309573444.801943
1359332,1522930,,,3299950,,,G,202.337,-2.2578,378.443,,0.0830151415076,-18.91,0.7646602445213696,2884031503.1266
1359333,1522931,,,3299951,,,G,202.337,-2.31777,772.681,,0.16084706042400002,-20.25,0.7646606106962511,9908319448.927729
1359334,1522932,,,3300029,,,G,201.92,-1.7675,319.154,,0.07063248531619999,-18.25,0.7646606687310589,1570362804.3335578
1359335,1522933,,,3299953,,,G,202.315,-2.23531,389.045,,0.08520817260410002,-18.82,0.7646607668354731,2654605561.975548
1359336,1522934,,,3299954,,,G,202.314,-2.33085,380.189,,0.0833767616884,-18.86,0.7646608686215909,2754228703.338175
1359337,1522935,,,3299956,,,G,202.298,-1.9202,385.478,,0.08447107223549999,-18.67,0.7646609540669639,2312064790.1756077
1359338,1522936,,,3299958,,,G,202.305,-2.11005,392.645,,0.0859515729758,-18.86,0.7646610558530816,2754228703.338175
1359339,1522937,,,3299959,,,G,202.30900000000003,-2.27066,411.15,,0.08976118488060003,-19.72,0.7646612805973111,6081350012.7871895
1359340,1522938,,,3299960,,,G,202.258,-1.42625,378.443,,0.0830151415076,-19.13,0.7646614111207627,3531831697.9195704
1359341,1522939,,,3299961,,,G,202.272,-1.49761,369.828,,0.08122825061410001,-19.06,0.7646615334945919,3311311214.8259077
1359342,1522940,,,3299962,,,G,202.257,-1.89989,866.962,,0.17847782923900002,-20.34,0.764661931316366,10764652136.29835
1359343,1522941,,,3299963,,,G,202.273,-2.14988,505.825,,0.108969054485,-19.93,0.7646622040185083,7379042301.291045
1359344,1522942,,,3299964,,,G,202.264,-2.35486,396.278,,0.0867008533504,-19.24,0.7646623484588639,3908408957.9240093
1359345,1522943,,,3299965,,,G,202.265,-2.6046,578.096,,0.123331801666,-19.49,0.7646625302984986,4920395356.814511
1359346,1522944,,,3299967,,,G,202.249,-2.17404,380.189,,0.0833767616884,-18.77,0.7646626239874871,2535128630.497907
1359347,1522945,,,3299968,,,G,202.255,-2.1887,859.0139999999999,,0.17700425850200002,-20.38,0.764663036738882,11168632477.805613
1359348,1522946,,,3299969,,,G,202.243,-2.23268,392.645,,0.0859515729758,-18.93,0.7646631453035604,2937649651.9615426
1359349,1522947,,,3299970,,,G,202.256,-2.2945,657.658,,0.138865509433,-19.8,0.7646633872329054,6546361740.672761
1359350,1522948,,,3299971,,,G,202.254,-2.62542,583.445,,0.124384952192,-19.62,0.7646635922020788,5546257129.579103
1359351,1522949,,,3299972,,,G,202.235,-1.69517,698.232,,0.146681503341,-20.46,0.7646640365145975,12022644346.17418
1359352,1522950,,,3299973,,,G,202.22,-1.81603,657.658,,0.138865509433,-20.05,0.764664341085598,8241381150.13003
1359353,1522951,,,3299974,,,G,202.222,-2.1771,340.408,,0.0750947775474,-18.42,0.7646644089572703,1836538343.3483512
1359354,1522952,,,3299976,,,G,202.21,-2.10189,401.791,,0.0878367439184,-18.88,0.7646645126357331,2805433637.9517045
1359355,1522953,,,3299977,,,G,202.215,-2.63492,1076.47,,0.21654034827,-21.57,0.7646657476971362,33419504002.611492
1359356,1522954,,,3299978,,,G,202.195,-1.9508,389.045,,0.08520817260410002,-18.73,0.7646658379973025,2443430552.693971
1359357,1522955,,,3299979,,,G,202.194,-2.20163,870.9639999999998,,0.17921891960900002,-20.52,0.7646663075545518,12705741052.085394
1359358,1522956,,,3299980,,,G,202.202,-2.33223,392.645,,0.0859515729758,-18.84,0.7646664074828634,2703958364.108846
1359359,1522957,,,3299984,,,G,202.155,-1.90003,381.944,,0.08374006187000001,-19.34,0.7646665658585643,4285485203.9743924
1359360,1522958,,,3299990,,,G,202.145,-2.36058,401.791,,0.0878367439184,-19.08,0.7646666905074929,3372873086.588692
1359361,1522959,,,3299991,,,G,202.135,-2.75258,657.658,,0.138865509433,-19.93,0.7646669632096352,7379042301.291045
1359362,1522960,,,3299992,,,G,202.111,-1.7933,394.457,,0.08632537316269999,-18.76,0.7646670560396778,2511886431.509582
1359363,1522961,,,3299993,,,G,202.126,-2.09303,688.6519999999998,,0.144842322421,-20.0,0.7646673469027251,7870457896.951001
1359364,1522962,,,3299995,,,G,202.098,-1.61712,657.658,,0.138865509433,-20.23,0.7646677063941618,9727472237.76964
1359365,1522963,,,3299997,,,G,202.1,-2.00598,319.154,,0.07063248531619999,-18.34,0.7646677694446641,1706082389.0031211
1359366,1522964,,,3299999,,,G,202.1,-2.32959,510.505,,0.109906704953,-19.81,0.7646680136125537,6606934480.075964
1359367,1522965,,,3300000,,,G,202.106,-2.43712,405.509,,0.0886017743009,-19.35,0.764668173453687,4325138310.350115
1359368,1522966,,,3300001,,,G,202.078,-1.77267,651.628,,0.137698118849,-20.14,0.7646685043474258,8953647655.495974
1359369,1522967,,,3300002,,,G,202.083,-2.0027,349.945,,0.0770885185443,-18.41,0.7646685715968471,1819700858.6099825
1359370,1522968,,,3300003,,,G,202.078,-2.0467,515.229,,0.110852125426,-19.23,0.7646687147129658,3872576449.216165
1359371,1522969,,,3300004,,,G,202.086,-2.16881,859.0139999999999,,0.17700425850200002,-20.44,0.7646691509158671,11803206356.517323
1359372,1522970,,,3300005,,,G,202.085,-2.35209,866.962,,0.17847782923900002,-20.48,0.7646696034887721,12246161992.650517
1359373,1522971,,,3300007,,,G,202.08,-2.5678,349.945,,0.0770885185443,-18.94,0.7646697130579869,2964831389.524339
1359374,1522972,,,3300009,,,G,202.042,-1.9642,369.828,,0.08122825061410001,-18.52,0.7646697874777957,2013724249.8623896
1359375,1522973,,,3300010,,,G,202.045,-2.2482,396.278,,0.0867008533504,-18.99,0.7646699022108485,3104559588.128349
1359376,1522974,,,3300011,,,G,202.049,-2.3809,946.237,,0.193053306527,-20.71,0.7646704615671691,15135612484.362131
1359377,1522975,,,3300012,,,G,202.05,-2.54,454.98800000000006,,0.09871264935630003,-19.09,0.7646705873694599,3404081897.010009
1359378,1522976,,,3300014,,,G,202.013,-2.02696,616.595,,0.130883615442,-19.68,0.7646708039844712,5861381645.140297
1359379,1522977,,,3300015,,,G,202.02,-2.4457,1202.26,,0.238728959364,-21.15,0.7646716428426628,22698648518.838303
1359380,1522978,,,3300016,,,G,202.022,-2.6333,385.478,,0.08447107223549999,-19.16,0.7646717770228982,3630780547.7010174
1359381,1522979,,,3300017,,,G,201.99400000000003,-1.5978,616.595,,0.130883615442,-19.77,0.7646720123589971,6367955209.079162
1359382,1522980,,,3300018,,,G,201.987,-2.6868,1174.9,,0.233942216971,-21.28,0.7646729579178165,25585858869.05653
1359383,1522981,,,3300019,,,G,201.982,-1.4591,619.441,,0.13143906572,-19.78,0.7646731954314534,6426877173.17022
1359384,1522982,,,3300020,,,G,201.969,-1.50792,695.0239999999999,,0.146065993033,-20.44,0.7646736316343546,11803206356.517323
1359385,1522983,,,3300023,,,G,201.979,-2.42341,866.962,,0.17847782923900002,-20.32,0.764674022195063,10568175092.136606
1359386,1522984,,,3300024,,,G,201.976,-2.72036,1081.43,,0.217424238712,-20.92,0.7646747009117857,18365383433.483585
1359387,1522985,,,3300025,,,G,201.932,-1.56433,616.595,,0.130883615442,-20.16,0.7646750379572986,9120108393.559114
1359388,1522986,,,3300026,,,G,201.948,-2.0268,651.628,,0.137698118849,-20.17,0.7646753781214553,9204495717.53176
1359389,1522987,,,3300027,,,G,201.944,-2.443,387.258,,0.08483899241949999,-18.57,0.7646754560485615,2108628149.9332972
1359390,1522988,,,3300031,,,G,201.915,-2.19996,654.636,,0.13828065914,-20.72,0.7646760205805424,15275660582.380762
1359391,1522989,,,3300035,,,G,201.899,-2.62307,378.443,,0.0830151415076,-19.1,0.7646761475468675,3435579478.998757
1359392,1522990,,,3300036,,,G,201.881,-1.51807,666.807,,0.140634130317,-19.8,0.7646763894762126,6546361740.672761
1359393,1522991,,,3300037,,,G,201.889,-1.8795,322.107,,0.071254085627,-18.71,0.7646764781282152,2398832919.019495
1359394,1522992,,,3300038,,,G,201.882,-2.3438,801.678,,0.166305173153,-20.21,0.7646768310581937,9549925860.214407
1359395,1522993,,,3300039,,,G,201.882,-2.41527,636.7959999999998,,0.13481943741,-20.49,0.7646772878187044,12359474334.445068
1359396,1522994,,,3300040,,,G,201.86900000000003,-1.891,489.779,,0.105745762873,-19.18,0.7646774244935367,3698281797.8026743
1359397,1522995,,,3300041,,,G,201.863,-2.49634,645.654,,0.13653975827,-20.11,0.7646777463695027,8709635899.560833
1359398,1522996,,,3300042,,,G,201.867,-2.56445,383.707,,0.0841048320524,-18.79,0.7646778418002995,2582260190.634601
1359399,1522997,,,3300043,,,G,201.877,-2.67391,1169.5,,0.232994906497,-21.12,0.7646786577972765,22080047330.18906
1359400,1522998,,,3300044,,,G,201.83900000000003,-1.42342,950.605,,0.193850046925,-20.75,0.7646792381453537,15703628043.33558
1359401,1522999,,,3300045,,,G,201.85,-2.6673,389.045,,0.08520817260410002,-19.35,0.7646793979864869,4325138310.350115
1359402,1523000,,,3300046,,,G,201.832,-1.44575,657.658,,0.138865509433,-20.4,0.7646798184115033,11376272858.234331
1359403,1523001,,,3300047,,,G,201.824,-2.2691,293.765,,0.0652667726334,-18.45,0.7646798881846886,1887991349.0962925
1359404,1523002,,,3300048,,,G,201.828,-2.61869,385.478,,0.08447107223549999,-19.05,0.7646800094365878,3280952931.131191
1359405,1523003,,,3300050,,,G,201.827,-2.6336,385.478,,0.08447107223549999,-18.89,0.7646801140743757,2831391995.799391
1359406,1523004,,,3300051,,,G,201.834,-2.65395,396.278,,0.0867008533504,-18.64,0.764680197191125,2249054605.835792
1359407,1523005,,,3300052,,,G,201.829,-2.68535,537.0319999999998,,0.115201437601,-19.8,0.76468043912047,6546361740.672761
1359408,1523006,,,3300053,,,G,201.813,-1.5345,741.31,,0.154905107453,-20.03,0.7646807381324232,8090958991.783845
1359409,1523007,,,3300055,,,G,201.793,-2.20843,376.704,,0.08265478132739999,-18.59,0.7646808175083026,2147830474.130529
1359410,1523008,,,3300056,,,G,201.801,-2.4301,510.505,,0.109906704953,-19.56,0.7646810114577516,5248074602.497712
1359411,1523009,,,3300057,,,G,201.789,-2.64237,387.258,,0.08483899241949999,-19.3,0.7646811641048487,4130475019.9016094
1359412,1523010,,,3300058,,,G,201.769,-1.61545,387.258,,0.08483899241949999,-18.63,0.7646812464595791,2228435149.2702985
1359413,1523011,,,3300059,,,G,201.754,-1.4505,338.844,,0.07476738738369999,-18.34,0.7646813095100812,1706082389.0031211
1359414,1523012,,,3300062,,,G,201.739,-1.5714,645.654,,0.13653975827,-19.82,0.7646815559372286,6668067692.136246
1359415,1523013,,,3300063,,,G,201.746,-1.6725,862.9789999999998,,0.17773967887000006,-20.38,0.7646819686886236,11168632477.805613
1359416,1523014,,,3300064,,,G,201.746,-2.42715,1061.7,,0.213903796952,-20.86,0.7646826109156087,17378008287.49384
1359417,1523015,,,3300065,,,G,201.727,-1.90169,369.828,,0.08122825061410001,-19.56,0.7646828048650576,5248074602.497712
1359418,1523016,,,3300066,,,G,201.724,-2.37825,642.688,,0.135964147982,-20.18,0.7646831481767145,9289663867.7994
1359419,1523017,,,3300067,,,G,201.698,-1.92614,390.841,,0.08557924278960001,-18.86,0.7646832499628322,2754228703.338175
1359420,1523018,,,3300068,,,G,201.682,-2.1092,1013.91,,0.205326132663,-20.97,0.7646839606664886,19230917289.101616
1359421,1523019,,,3300069,,,G,201.677,-2.3934,622.3,,0.131996825998,-19.73,0.7646841874902509,6137620051.647945
1359422,1523020,,,3300070,,,G,201.645,-1.47706,469.894,,0.101733500867,-19.49,0.7646843693298854,4920395356.814511
1359423,1523021,,,3300071,,,G,201.652,-1.48788,474.242,,0.102612561306,-19.82,0.7646846157570328,6668067692.136246
1359424,1523022,,,3300072,,,G,201.651,-1.59621,544.503,,0.116686558343,-19.57,0.7646848115010738,5296634438.916602
1359425,1523023,,,3300073,,,G,201.645,-1.8772,492.04,,0.1062006231,-19.32,0.7646849669860925,4207266283.8444633
1359426,1523024,,,3300074,,,G,201.629,-1.886,645.654,,0.13653975827,-20.09,0.7646852829871601,8550667128.846841
1359427,1523025,,,3300076,,,G,201.608,-1.54466,476.431,,0.103054611527,-19.83,0.7646855316944697,6729766562.843196
1359428,1523026,,,3300079,,,G,201.609,-2.58673,1164.13,,0.232052006026,-21.33,0.7646865218161035,26791683248.19037
1359429,1523027,,,3300080,,,G,201.58900000000003,-1.5014,373.25,,0.0819384709692,-18.72,0.7646866112883929,2421029046.7361803
1359430,1523028,,,3300081,,,G,201.603,-1.88757,642.688,,0.135964147982,-20.25,0.7646869774632745,9908319448.927729
1359431,1523029,,,3300082,,,G,201.593,-1.96743,385.478,,0.08447107223549999,-18.82,0.7646870755676888,2654605561.975548
1359432,1523030,,,3300084,,,G,201.575,-1.89131,340.408,,0.0750947775474,-18.89,0.7646871802054768,2831391995.799391
1359433,1523031,,,3300085,,,G,201.562,-1.41915,373.25,,0.0819384709692,-18.81,0.7646872774104645,2630267991.895381
1359434,1523032,,,3300086,,,G,201.549,-1.4766,353.18300000000005,,0.0777642988821,-18.51,0.7646873511479884,1995262314.9688828
1359435,1523033,,,3300087,,,G,201.514,-1.89643,390.841,,0.08557924278960001,-19.06,0.7646874735218177,3311311214.8259077
1359436,1523034,,,3300089,,,G,201.514,-2.52175,843.335,,0.174090507045,-21.06,0.7646882456484807,20892961308.54041
1359437,1523035,,,3300090,,,G,201.482,-1.662,390.841,,0.08557924278960001,-18.84,0.7646883455767923,2703958364.108846
1359438,1523036,,,3300091,,,G,201.47,-1.5181,542.001,,0.116189488095,-19.43,0.7646885176402121,4655860935.229601
1359439,1523037,,,3300095,,,G,201.47,-2.11071,338.844,,0.07476738738369999,-19.01,0.7646886345063116,3162277660.16838
1359440,1523038,,,3300096,,,G,201.447,-1.4369299999999998,862.9789999999998,,0.17773967887000006,-20.7,0.7646891887344226,14996848355.02374
1359441,1523039,,,3300098,,,G,201.455,-1.99934,380.189,,0.0833767616884,-19.53,0.7646893773982105,5105049999.754086
1359442,1523040,,,3300099,,,G,201.458,-2.05072,378.443,,0.0830151415076,-18.59,0.76468945677409,2147830474.130529
1359443,1523041,,,3300100,,,G,201.406,-1.4308,399.945,,0.0874566437283,-18.97,0.7646895694130286,3047894989.6279826
1359444,1523042,,,3300101,,,G,201.417,-1.4461,383.707,,0.0841048320524,-19.24,0.7646897138533844,3908408957.9240093
1359445,1523043,,,3300103,,,G,201.422,-1.9348,645.654,,0.13653975827,-19.85,0.7646899671845082,6854882264.526649
1359446,1523044,,,3300104,,,G,201.402,-1.4133,797.995,,0.165613642807,-20.29,0.764690347101353,10280162981.264746
1359447,1523045,,,3300105,,,G,201.392,-1.46073,676.0830000000002,,0.14242354121200002,-20.01,0.7646906406557231,7943282347.242822
1359448,1523046,,,3300106,,,G,201.402,-2.2336,343.55800000000005,,0.0757537578769,-19.69,0.7646908592750483,5915616341.754743
1359449,1523047,,,3300107,,,G,201.403,-2.32581,758.578,,0.15818047909000002,-20.17,0.7646911994392049,9204495717.53176
1359450,1523048,,,3300109,,,G,201.385,-2.19891,866.962,,0.17847782923900002,-20.52,0.7646916689964542,12705741052.085394
1359451,1523049,,,3300110,,,G,201.356,-1.89839,472.0630000000001,,0.102172191086,-19.1,0.7646917959627794,3435579478.998757
1359452,1523050,,,3300111,,,G,201.365,-2.04061,1037.53,,0.209574644787,-20.84,0.7646924264678009,17060823890.03121
1359453,1523051,,,3300113,,,G,201.361,-2.1637,758.578,,0.15818047909000002,-20.05,0.7646927310388015,8241381150.13003
1359454,1523052,,,3300114,,,G,201.365,-2.73836,398.107,,0.08707801353900001,-19.64,0.7646929398186364,5649369748.123057
1359455,1523053,,,3300115,,,G,201.336,-1.50563,378.443,,0.0830151415076,-18.98,0.7646930534998104,3076096814.740705
1359456,1523054,,,3300116,,,G,201.336,-1.6589900000000002,701.455,,0.14729932365,-20.13,0.7646933813598974,8871560120.37962
1359457,1523055,,,3300117,,,G,201.351,-1.99038,368.129,,0.08087545043769999,-19.22,0.7646935231639197,3837072454.9228
1359458,1523056,,,3300119,,,G,201.33,-1.44955,392.645,,0.0859515729758,-19.2,0.7646936623797268,3767037989.8390775
1359459,1523057,,,3300120,,,G,201.333,-2.32657,731.1389999999999,,0.152970166485,-20.68,0.7646942064920347,14723125024.327225
1359460,1523058,,,3300121,,,G,201.307,-1.4203,387.258,,0.08483899241949999,-19.05,0.7646943277439339,3280952931.131191
1359461,1523059,,,3300122,,,G,201.28,-1.6130000000000002,639.735,,0.135390637695,-19.74,0.7646945566664707,6194410750.767812
1359462,1523060,,,3300123,,,G,201.292,-1.81518,859.0139999999999,,0.17700425850200002,-20.44,0.7646949928693719,11803206356.517323
1359463,1523061,,,3300124,,,G,201.273,-1.8447,320.627,,0.07094265547129999,-18.7,0.7646950807086079,2376840286.6248736
1359464,1523062,,,3300125,,,G,201.27,-1.869,704.693,,0.14791966396,-20.26,0.7646954502716641,10000000000.0
1359465,1523063,,,3300126,,,G,201.279,-2.5735,847.227,,0.17481479740699998,-20.71,0.7646960096279846,15135612484.362131
1359466,1523064,,,3300127,,,G,201.269,-2.66243,721.107,,0.151057695529,-20.6,0.7646965150900292,13677288255.958578
1359467,1523065,,,3300128,,,G,201.247,-1.88386,552.077,,0.118189529095,-20.1,0.7646968340150185,8629785477.669737
1359468,1523066,,,3300130,,,G,201.205,-2.2892200000000003,862.9789999999998,,0.17773967887000006,-20.89,0.7646974942348264,17864875748.52061
1359469,1523067,,,3300132,,,G,201.162,-2.2991,403.645,,0.0882183141092,-18.89,0.7646975988726142,2831391995.799391
1359470,1523068,,,3300134,,,G,201.15,-1.44543,373.25,,0.0819384709692,-18.97,0.7646977115115529,3047894989.6279826
1359471,1523069,,,3300136,,,G,201.146,-2.10987,866.962,,0.17847782923900002,-19.61,0.7646979146015577,5495408738.576271
1359472,1523070,,,3300138,,,G,201.148,-2.38404,707.946,,0.148542524271,-20.5,0.7646983755884214,12473835142.429485
1359473,1523071,,,3300139,,,G,201.125,-1.7828,663.743,,0.140042140021,-19.79,0.7646986152997449,6486344335.482401
1359474,1523072,,,3300140,,,G,201.135,-2.44308,1061.7,,0.213903796952,-20.93,0.7646993002965562,18535316234.148144
1359475,1523073,,,3300141,,,G,201.106,-2.0875,758.578,,0.15818047909000002,-20.39,0.7646997168670928,11271974561.75514
1359476,1523074,,,3300142,,,G,201.113,-2.2537,855.067,,0.176271568136,-20.36,0.7647001220849259,10964781961.431871
1359477,1523075,,,3300143,,,G,201.109,-2.49328,1164.13,,0.232052006026,-21.58,0.7647013685742113,33728730865.886925
1359478,1523076,,,3300144,,,G,201.097,-1.7981,381.944,,0.08374006187000001,-18.67,0.7647014540195843,2312064790.1756077
1359479,1523077,,,3300145,,,G,201.096,-2.1899,762.079,,0.158843239422,-20.17,0.764701794183741,9204495717.53176
1359480,1523078,,,3300146,,,G,201.084,-2.246,459.198,,0.0995669297835,-19.09,0.7647019199860319,3404081897.010009
1359481,1523079,,,3300149,,,G,201.039,-2.011,364.754,,0.080174050087,-19.3,0.7647020726331291,4130475019.9016094
1359482,1523080,,,3300150,,,G,201.039,-2.29868,381.944,,0.08374006187000001,-19.03,0.7647021916719317,3221068791.283441
1359483,1523081,,,3300151,,,G,201.044,-2.7536,510.505,,0.109906704953,-19.38,0.7647023559912217,4446312674.691084
1359484,1523082,,,3300152,,,G,201.018,-1.91038,359.749,,0.0791326595663,-18.68,0.7647024422272111,2333458062.281005
1359485,1523083,,,3300153,,,G,201.017,-2.09478,679.204,,0.143024771512,-19.98,0.7647027277814095,7726805850.957022
1359486,1523084,,,3300154,,,G,201.005,-1.499,341.9790000000001,,0.0754236377118,-18.36,0.764702792004108,1737800828.7493765
1359487,1523085,,,3300155,,,G,200.997,-2.2153,554.626,,0.118694579347,-19.74,0.7647030209266448,6194410750.767812
1359488,1523086,,,3300156,,,G,201.006,-2.50346,503.501,,0.108502854251,-19.28,0.7647031707876184,4055085354.48386
1359489,1523087,,,3300157,,,G,200.984,-1.6415,748.17,,0.156207738104,-20.17,0.764703510951775,9204495717.53176
1359490,1523088,,,3300158,,,G,200.987,-2.3269,485.289,,0.104841502421,-19.1,0.7647036379181003,3435579478.998757
1359491,1523089,,,3300160,,,G,200.973,-2.0588,1066.6,,0.21477928739,-20.88,0.7647042920849765,17701089583.174183
1359492,1523090,,,3300161,,,G,200.97,-2.7548,508.159,,0.109436724718,-19.7,0.7647045127271616,5970352865.838366
1359493,1523091,,,3300162,,,G,200.945,-1.65189,794.328,,0.164924632462,-20.71,0.764705072083482,15135612484.362131
1359494,1523092,,,3300164,,,G,200.929,-2.1271,630.957,,0.133683756842,-19.76,0.7647053052620064,6309573444.801943
1359495,1523093,,,3300165,,,G,200.927,-2.6432,633.87,,0.134250547125,-19.87,0.7647055633029075,6982324040.771733
1359496,1523094,,,3300166,,,G,200.915,-1.7488,359.749,,0.0791326595663,-19.07,0.7647056868090478,3341950400.261149
1359497,1523095,,,3300167,,,G,200.9,-1.77308,487.528,,0.105292582646,-19.17,0.7647058222308378,3664375746.478348
1359498,1523096,,,3300169,,,G,200.895,-2.62269,883.08,,0.18145920073,-20.5,0.7647062832177015,12473835142.429485
1359499,1523097,,,3300170,,,G,200.88,-1.5392,1076.47,,0.21654034827,-20.9,0.7647069495464479,18030177408.5957
1359500,1523098,,,3300171,,,G,200.874,-2.18873,642.688,,0.135964147982,-20.04,0.7647072513251245,8165823713.585939
1359501,1523099,,,3300172,,,G,200.85,-1.39539,467.735,,0.101296700648,-19.69,0.7647074699444498,5915616341.754743
1359502,1523100,,,3300173,,,G,200.856,-2.21621,476.431,,0.103054611527,-19.84,0.7647077209530201,6792036326.171857
1359503,1523101,,,3300174,,,G,200.814,-1.42813,459.198,,0.0995669297835,-19.18,0.7647078576278523,3698281797.8026743
1359504,1523102,,,3300176,,,G,200.814,-2.5774,411.15,,0.08976118488060003,-19.18,0.7647079943026845,3698281797.8026743
1359505,1523103,,,3300177,,,G,200.791,-1.54632,751.623,,0.156862728431,-20.19,0.7647083407909651,9375620069.258831
1359506,1523104,,,3300178,,,G,200.784,-1.5546,385.478,,0.08447107223549999,-18.74,0.7647084319266684,2466039337.234336
1359507,1523105,,,3300179,,,G,200.782,-1.66967,374.973,,0.0822958911479,-18.85,0.7647085327796054,2728977782.808052
1359508,1523106,,,3300180,,,G,200.777,-1.70565,385.478,,0.08447107223549999,-18.97,0.7647086454185441,3047894989.6279826
1359509,1523107,,,3300181,,,G,200.788,-2.4857,1230.27,,0.243607681804,-21.49,0.764709792749073,31045595881.283493
1359510,1523108,,,3300182,,,G,200.763,-1.45692,369.828,,0.08122825061410001,-18.79,0.7647098881798698,2582260190.634601
1359511,1523109,,,3300183,,,G,200.774,-2.19746,539.511,,0.115694517847,-19.84,0.7647101391884401,6792036326.171857
1359512,1523110,,,3300184,,,G,200.765,-2.5618,990.832,,0.201157840579,-20.65,0.764710668472177,14321878992.735456
1359513,1523111,,,3300185,,,G,200.76,-2.6633,480.839,,0.103944381972,-19.15,0.7647108014222407,3597493351.557431
1359514,1523112,,,3300186,,,G,200.742,-1.69363,364.754,,0.080174050087,-18.66,0.7647108860842458,2290867652.76777
1359515,1523113,,,3300188,,,G,200.745,-2.21112,480.839,,0.103944381972,-19.52,0.7647110730183537,5058246620.031148
1359516,1523114,,,3300189,,,G,200.734,-1.5031,474.242,,0.102612561306,-19.3,0.7647112256654508,4130475019.9016094
1359517,1523115,,,3300190,,,G,200.725,-1.9932,399.945,,0.0874566437283,-18.91,0.7647113322486004,2884031503.1266
1359518,1523116,,,3300191,,,G,200.702,-1.93314,501.187,,0.108038544019,-19.18,0.7647114689234328,3698281797.8026743
1359519,1523117,,,3300192,,,G,200.712,-2.0559,401.791,,0.0878367439184,-19.05,0.764711590175332,3280952931.131191
1359520,1523118,,,3300195,,,G,200.708,-2.55221,476.431,,0.103054611527,-19.12,0.7647117195021375,3499451670.2835765
1359521,1523119,,,3300196,,,G,200.695,-1.44232,381.944,,0.08374006187000001,-18.78,0.7647118140580194,2558585886.905653
1359522,1523120,,,3300197,,,G,200.687,-1.54622,387.258,,0.08483899241949999,-18.9,0.7647119196640089,2857590543.374955
1359523,1523121,,,3300198,,,G,200.698,-2.17648,537.0319999999998,,0.115201437601,-19.52,0.7647121065981167,5058246620.031148
1359524,1523122,,,3300199,,,G,200.675,-1.6082,676.0830000000002,,0.14242354121200002,-19.96,0.7647123869403637,7585775750.291882
1359525,1523123,,,3300200,,,G,200.67,-1.98819,534.564,,0.114710247355,-19.78,0.7647126244540006,6426877173.17022
1359526,1523124,,,3300202,,,G,200.678,-2.5856,489.779,,0.105745762873,-19.26,0.7647127715797031,3981071705.534985
1359527,1523125,,,3300204,,,G,200.648,-1.8132,376.704,,0.08265478132739999,-18.68,0.7647128578156924,2333458062.281005
1359528,1523126,,,3300206,,,G,200.655,-2.5996,831.7639999999999,,0.171934645967,-21.4,0.7647139138755865,28575905433.749557
1359529,1523127,,,3300207,,,G,200.629,-1.52474,651.628,,0.137698118849,-19.87,0.7647141719164876,6982324040.771733
1359530,1523128,,,3300208,,,G,200.637,-1.7193599999999998,381.944,,0.08374006187000001,-19.0,0.7647142877111524,3133285724.315589
1359531,1523129,,,3300209,,,G,200.648,-2.39962,487.528,,0.105292582646,-19.44,0.7647144613666552,4698941086.05216
1359532,1523130,,,3300210,,,G,200.64,-2.53963,480.839,,0.103944381972,-19.23,0.764714604482774,3872576449.216165
1359533,1523131,,,3300211,,,G,200.617,-2.49134,512.861,,0.110378365189,-19.48,0.7647147846552926,4875284901.033871
1359534,1523132,,,3300212,,,G,200.628,-2.5241,480.839,,0.103944381972,-19.13,0.7647149151787441,3531831697.9195704
1359535,1523133,,,3300213,,,G,200.596,-2.337,758.578,,0.15818047909000002,-20.58,0.7647154114150667,13427649611.378641
1359536,1523134,,,3300214,,,G,200.591,-1.5718,450.817,,0.0978652989326,-19.13,0.7647155419385183,3531831697.9195704
1359537,1523135,,,3300215,,,G,200.584,-1.894,755.092,,0.15752023876,-20.25,0.7647159081133998,9908319448.927729
1359538,1523136,,,3300216,,,G,200.592,-1.95055,859.0139999999999,,0.17700425850200002,-20.47,0.7647163565370916,12133888504.649809
1359539,1523137,,,3300217,,,G,200.578,-2.31333,498.884,,0.107576333788,-19.43,0.7647165286005112,4655860935.229601
1359540,1523138,,,3300218,,,G,200.581,-2.38362,454.98800000000006,,0.09871264935630003,-19.24,0.764716673040867,3908408957.9240093
1359541,1523139,,,3300219,,,G,200.566,-1.6919400000000002,383.707,,0.0841048320524,-18.99,0.7647167877739199,3104559588.128349
1359542,1523140,,,3300221,,,G,200.552,-1.4272,1076.47,,0.21654034827,-20.97,0.7647174984775763,19230917289.101616
1359543,1523141,,,3300222,,,G,200.542,-2.13509,319.154,,0.07063248531619999,-18.65,0.7647175823633955,2269864851.883821
1359544,1523142,,,3300223,,,G,200.543,-2.1745,450.817,,0.0978652989326,-19.15,0.7647177153134592,3597493351.557431
1359545,1523143,,,3300225,,,G,200.527,-2.4707,487.528,,0.105292582646,-19.33,0.7647178722371629,4246195639.4631295
1359546,1523144,,,3300226,,,G,200.526,-2.50233,501.187,,0.108038544019,-19.72,0.7647180969813925,6081350012.7871895
1359547,1523145,,,3300227,,,G,200.511,-1.6638,489.779,,0.105745762873,-19.53,0.7647182856451804,5105049999.754086
1359548,1523146,,,3300228,,,G,200.519,-1.9932,847.227,,0.17481479740699998,-20.38,0.7647186983965754,11168632477.805613
1359549,1523147,,,3300229,,,G,200.516,-2.2229,319.154,,0.07063248531619999,-19.9,0.7647189636668272,7177942912.713644
1359550,1523148,,,3300230,,,G,200.497,-1.65543,831.7639999999999,,0.171934645967,-20.37,0.7647193726340947,11066237839.776676
1359551,1523149,,,3300231,,,G,200.49,-1.8724,496.592,,0.107115803558,-19.51,0.7647195578543805,5011872336.272736
1359552,1523150,,,3300232,,,G,200.48,-1.52435,457.088,,0.0991389495695,-19.44,0.7647197315098834,4698941086.05216
1359553,1523151,,,3300233,,,G,200.476,-1.9003,645.654,,0.13653975827,-19.88,0.7647199919384075,7046930689.671453
1359554,1523152,,,3300234,,,G,200.473,-1.99127,805.378,,0.1669992235,-20.64,0.7647205163696419,14190575216.890957
1359555,1523153,,,3300235,,,G,200.477,-2.03157,805.378,,0.1669992235,-20.29,0.7647208962864867,10280162981.264746
1359556,1523154,,,3300236,,,G,200.469,-2.3469,575.44,,0.122808271404,-19.56,0.7647210902359355,5248074602.497712
1359557,1523155,,,3300237,,,G,200.45,-1.5594,381.944,,0.08374006187000001,-18.8,0.7647211865497425,2606153549.9988976
1359558,1523156,,,3300238,,,G,200.453,-1.8611,489.779,,0.105745762873,-19.38,0.7647213508690326,4446312674.691084
1359559,1523157,,,3300239,,,G,200.459,-1.87771,403.645,,0.0882183141092,-18.9,0.764721456475022,2857590543.374955
1359560,1523158,,,3300240,,,G,200.467,-2.5152,501.187,,0.108038544019,-19.66,0.7647216691363637,5754399373.371567
1359561,1523159,,,3300241,,,G,200.436,-2.52803,527.23,,0.113248856624,-19.69,0.7647218877556891,5915616341.754743
1359562,1523160,,,3300242,,,G,200.417,-2.0955,444.631,,0.0966069783035,-19.51,0.7647220729759748,5011872336.272736
1359563,1523161,,,3300243,,,G,200.428,-2.6931,501.187,,0.108038544019,-19.57,0.7647222687200158,5296634438.916602
1359564,1523162,,,3300244,,,G,200.408,-1.806,1061.7,,0.213903796952,-20.99,0.7647229926366398,19588446735.05989
1359565,1523163,,,3300245,,,G,200.411,-2.2153,450.817,,0.0978652989326,-18.98,0.7647231063178138,3076096814.740705
1359566,1523164,,,3300246,,,G,200.382,-1.7104,489.779,,0.105745762873,-19.26,0.7647232534435163,3981071705.534985
1359567,1523165,,,3300249,,,G,200.356,-1.5375,452.898,,0.0982882391441,-19.51,0.764723438663802,5011872336.272736
1359568,1523166,,,3300250,,,G,200.337,-1.819,1432.19,,0.27815836907900005,-21.51,0.7647246073247982,31622776601.683792
1359569,1523167,,,3300252,,,G,200.34,-2.07898,524.807,,0.112765646383,-20.03,0.7647249063367513,8090958991.783845
1359570,1523168,,,3300253,,,G,200.319,-1.84045,630.957,,0.133683756842,-19.93,0.7647251790388936,7379042301.291045
1359571,1523169,,,3300254,,,G,200.313,-2.7162900000000003,403.645,,0.0882183141092,-19.13,0.7647253095623451,3531831697.9195704
1359572,1523170,,,3300255,,,G,200.291,-1.6671599999999998,633.87,,0.134250547125,-19.93,0.7647255822644874,7379042301.291045
1359573,1523171,,,3300257,,,G,200.3,-2.4272,440.555,,0.0957766378883,-19.32,0.7647257377495059,4207266283.8444633
1359574,1523172,,,3300258,,,G,200.271,-1.59025,651.628,,0.137698118849,-19.75,0.7647259687902369,6251726927.756875
1359575,1523173,,,3300259,,,G,200.272,-2.63136,855.067,,0.176271568136,-20.44,0.7647264049931382,11803206356.517323
1359576,1523174,,,3300260,,,G,200.259,-1.4236,755.092,,0.15752023876,-20.32,0.7647267955538465,10568175092.136606
1359577,1523175,,,3300261,,,G,200.249,-1.6222299999999998,645.654,,0.13653975827,-20.28,0.7647271719875928,10185913880.541231
1359578,1523176,,,3300262,,,G,200.261,-1.78915,1000.0,,0.202815791408,-20.77,0.7647277631251462,15995580286.146713
1359579,1523177,,,3300265,,,G,200.249,-1.68723,648.634,,0.137117678559,-19.93,0.7647280358272885,7379042301.291045
1359580,1523178,,,3300266,,,G,200.238,-2.22169,527.23,,0.113248856624,-19.49,0.764728217666923,4920395356.814511
1359581,1523179,,,3300268,,,G,200.226,-1.4856,380.189,,0.0833767616884,-18.92,0.7647283252362744,2910717118.06662
1359582,1523180,,,3300269,,,G,200.205,-1.88091,364.754,,0.080174050087,-18.57,0.7647284031633806,2108628149.9332972
1359583,1523181,,,3300270,,,G,200.178,-1.4561,529.663,,0.113733956867,-19.38,0.7647285674826708,4446312674.691084
1359584,1523182,,,3300271,,,G,200.183,-1.55651,622.3,,0.131996825998,-19.75,0.7647287985234017,6251726927.756875
1359585,1523183,,,3300272,,,G,200.182,-1.71429,369.828,,0.08122825061410001,-18.95,0.764728909106448,2992264636.608183
1359586,1523184,,,3300273,,,G,200.186,-2.418,642.688,,0.135964147982,-19.84,0.7647291601150182,6792036326.171857
1359587,1523185,,,3300275,,,G,200.138,-1.6733,450.817,,0.0978652989326,-19.0,0.764729275909683,3133285724.315589
1359588,1523186,,,3300276,,,G,200.124,-1.7612,503.501,,0.108502854251,-19.32,0.7647294313947016,4207266283.8444633
1359589,1523187,,,3300277,,,G,200.141,-2.2984,648.634,,0.137117678559,-19.83,0.7647296801020114,6729766562.843196
1359590,1523188,,,3300279,,,G,200.117,-1.46745,368.129,,0.08087545043769999,-19.3,0.7647298327491086,4130475019.9016094
1359591,1523189,,,3300280,,,G,200.109,-1.4936,657.658,,0.138865509433,-19.89,0.7647300955873481,7112135136.533323
1359592,1523190,,,3300281,,,G,200.109,-1.70335,1081.43,,0.217424238712,-21.17,0.7647309500410777,23120647901.75608
1359593,1523191,,,3300283,,,G,200.12,-1.9576,1412.54,,0.274841627421,-21.68,0.7647323167894011,36982817978.02674
1359594,1523192,,,3300284,,,G,200.111,-2.17726,1096.48,,0.220101530051,-20.9,0.7647329831181475,18030177408.5957
1359595,1523193,,,3300285,,,G,200.109,-2.1943,642.688,,0.135964147982,-20.15,0.7647333170736086,9036494737.223042
1359596,1523194,,,3300286,,,G,200.083,-1.47595,654.636,,0.13828065914,-20.15,0.7647336510290696,9036494737.223042
1359597,1523195,,,3300287,,,G,200.084,-1.79695,442.588,,0.0961909680955,-19.68,0.7647338676440809,5861381645.140297
1359598,1523196,,,3300289,,,G,200.078,-2.21835,633.87,,0.134250547125,-19.9,0.7647341329143329,7177942912.713644
1359599,1523197,,,3300291,,,G,200.039,-2.0362,630.957,,0.133683756842,-20.07,0.7647344431477309,8394599865.193998
1359600,1523198,,,3300293,,,G,200.018,-1.9543,1076.47,,0.21654034827,-21.11,0.7647352516636026,21877616239.49561
1359601,1523199,,,3300294,,,G,200.006,-1.4998,366.4380000000001,,0.08052412026210001,-18.82,0.7647353497680169,2654605561.975548
1359602,1523200,,,3300295,,,G,200.001,-1.84181,418.794,,0.0913292556646,-18.91,0.7647354563511666,2884031503.1266
1360077,1523675,,,3300946,,,G,208.116,-0.1942,469.894,,0.101733500867,-19.16,0.7649018614390245,3630780547.7010174
1360078,1523676,,,3300947,,,G,208.11,-0.5078,307.61,,0.0681975340988,-18.62,0.7649019430387222,2208004733.018897
1360081,1523679,,,3300951,,,G,208.081,-0.14019,580.764,,0.123857221929,-19.71,0.7649028347088548,6025595860.743593
1360083,1523681,,,3300954,,,G,208.06,-1.0308,688.6519999999998,,0.144842322421,-20.51,0.7649035652314292,12589254117.941713
1360084,1523682,,,3300956,,,G,208.033,-1.215,707.946,,0.148542524271,-20.2,0.7649039149257262,9462371613.657913
1360085,1523683,,,3300958,,,G,208.021,-0.68533,941.89,,0.19225971613,-20.79,0.7649045170533474,16292960326.397282
1360086,1523684,,,3300959,,,G,208.032,-1.1151,337.287,,0.07444125722060001,-18.94,0.7649046266225622,2964831389.524339
1360087,1523685,,,3300960,,,G,208.014,-1.34562,398.107,,0.08707801353900001,-19.12,0.7649047559493676,3499451670.2835765
1360088,1523686,,,3300961,,,G,207.985,-0.14457,594.2919999999998,,0.12651687325799998,-19.96,0.7649050362916145,7585775750.291882
1360089,1523687,,,3300962,,,G,207.989,-0.9316,416.869,,0.0909346654673,-18.97,0.7649051489305532,3047894989.6279826
1360090,1523688,,,3300963,,,G,207.965,-0.49129,552.077,,0.118189529095,-19.84,0.7649053999391234,6792036326.171857
1360091,1523689,,,3300964,,,G,207.97,-0.61765,794.328,,0.164924632462,-20.57,0.7649058916259242,13304544179.780985
1360092,1523690,,,3300965,,,G,207.973,-0.6573,831.7639999999999,,0.171934645967,-20.38,0.7649063043773191,11168632477.805613
1360093,1523691,,,3300966,,,G,207.972,-0.96266,420.727,,0.09172531586269997,-18.9,0.7649064099833085,2857590543.374955
1360094,1523692,,,3300967,,,G,207.949,-0.1815,695.0239999999999,,0.146065993033,-20.01,0.7649067035376785,7943282347.242822
1360095,1523693,,,3300968,,,G,207.945,-0.44105,567.545,,0.121250280625,-19.62,0.7649069085068518,5546257129.579103
1360096,1523694,,,3300969,,,G,207.942,-0.71134,903.649,,0.185250332625,-20.57,0.7649074001936526,13304544179.780985
1360098,1523696,,,3300974,,,G,207.907,-0.07669,698.232,,0.146681503341,-19.95,0.7649082271126234,7516228940.182045
1360099,1523697,,,3300975,,,G,207.913,-1.37834,916.22,,0.18756012378,-20.88,0.7649088812794996,17701089583.174183
1360100,1523698,,,3300977,,,G,207.899,-0.9303,688.6519999999998,,0.144842322421,-20.39,0.7649092978500363,11271974561.75514
1360101,1523699,,,3300979,,,G,207.889,-1.29911,783.43,,0.162873981437,-20.25,0.7649096640249178,9908319448.927729
1360103,1523701,,,3300981,,,G,207.86,-1.02791,695.0239999999999,,0.146065993033,-20.26,0.7649105981199548,10000000000.0
1360107,1523705,,,3300986,,,G,207.747,-0.96567,779.83,,0.162195681098,-20.28,0.7649117828120847,10185913880.541231
1360108,1523706,,,3300987,,,G,207.728,-1.2455,371.535,,0.0815827307914,-19.32,0.7649119382971034,4207266283.8444633
1360109,1523707,,,3300991,,,G,207.693,-0.5655100000000001,527.23,,0.113248856624,-19.56,0.7649121322465522,5248074602.497712
1360110,1523708,,,3300994,,,G,207.637,-0.31202,583.445,,0.124384952192,-19.61,0.764912335336557,5495408738.576271
1360111,1523709,,,3300995,,,G,207.646,-0.5048,946.237,,0.193053306527,-20.17,0.7649126755007136,9204495717.53176
1360114,1523712,,,3301004,,,G,207.534,-0.46308,586.138,,0.124914782457,-19.83,0.7649151513806786,6729766562.843196
1360115,1523713,,,3301006,,,G,207.54,-1.0975,407.38,,0.0889864944932,-18.85,0.7649152522336156,2728977782.808052
1360117,1523715,,,3301008,,,G,207.52,-0.14782,463.447,,0.100428350214,-19.57,0.7649164752569867,5296634438.916602
1360120,1523718,,,3301013,,,G,207.48,-0.49626,319.154,,0.07063248531619999,-19.05,0.7649172678506186,3280952931.131191
1360121,1523719,,,3301014,,,G,207.484,-1.3423200000000002,510.505,,0.109906704953,-20.3,0.7649176512827908,10375284158.180126
1360123,1523721,,,3301017,,,G,207.46,-0.4688,472.0630000000001,,0.102172191086,-19.44,0.7649180602743925,4698941086.05216
1360124,1523722,,,3301018,,,G,207.459,-0.6513100000000001,353.18300000000005,,0.0777642988821,-18.47,0.7649181313447581,1923091728.9101613
1360125,1523723,,,3301019,,,G,207.459,-0.99992,695.0239999999999,,0.146065993033,-20.15,0.7649184653002191,9036494737.223042
1360128,1523726,,,3301023,,,G,207.429,-0.31366,1282.33,,0.252617736309,-21.24,0.7649199874995021,24660393372.34336
1360129,1523727,,,3301026,,,G,207.388,-1.05954,698.232,,0.146681503341,-20.35,0.7649203890022757,10864256236.170687
1360131,1523729,,,3301028,,,G,207.362,-0.7943,383.707,,0.0841048320524,-18.69,0.7649209861752242,2355049283.896009
1360132,1523730,,,3301029,,,G,207.352,-1.21904,916.22,,0.18756012378,-21.03,0.764921737259292,20323570109.36229
1360133,1523731,,,3301030,,,G,207.332,-0.61437,663.743,,0.140042140021,-20.0,0.7649220281223393,7870457896.951001
1360134,1523732,,,3301032,,,G,207.324,-0.17687999999999998,529.663,,0.113733956867,-19.73,0.7649222549461017,6137620051.647945
1360136,1523734,,,3301034,,,G,207.282,-0.62503,801.678,,0.166305173153,-20.57,0.7649228833077346,13304544179.780985
1360137,1523735,,,3301035,,,G,207.287,-1.2509,1013.91,,0.205326132663,-20.99,0.7649236072243585,19588446735.05989
1360139,1523737,,,3301038,,,G,207.255,-0.56065,465.586,,0.100861580431,-19.63,0.7649243482712275,5597576014.951093
1360140,1523738,,,3301039,,,G,207.271,-0.627,685.488,,0.144233952117,-20.36,0.7649247534890605,10964781961.431871
1360141,1523739,,,3301040,,,G,207.25,-0.3378,695.0239999999999,,0.146065993033,-20.45,0.7649251937280974,11912420080.273762
1360142,1523740,,,3301041,,,G,207.248,-1.13122,691.831,,0.145453002727,-20.53,0.7649256676301065,12823305826.560284
1360145,1523743,,,3301044,,,G,207.18400000000003,-0.33608000000000005,583.445,,0.124384952192,-19.72,0.7649261435893091,6081350012.7871895
1360146,1523744,,,3301045,,,G,207.191,-0.47023,695.0239999999999,,0.146065993033,-20.2,0.7649264932836061,9462371613.657913
1360149,1523747,,,3301048,,,G,207.158,-0.1167,387.258,,0.08483899241949999,-19.25,0.7649276392739304,3944573020.752801
1360150,1523748,,,3301049,,,G,207.154,-0.23386,797.995,,0.165613642807,-20.69,0.7649281884208475,14859356422.87009
1360151,1523749,,,3301050,,,G,207.151,-1.23333,695.0239999999999,,0.146065993033,-21.15,0.764929027279039,22698648518.838303
1360153,1523751,,,3301054,,,G,207.12,-1.09956,831.7639999999999,,0.171934645967,-20.39,0.7649297484205761,11271974561.75514
1360154,1523752,,,3301055,,,G,207.103,-0.1114,1224.62,,0.242625301313,-21.25,0.7649306682102929,24888573182.82396
1360155,1523753,,,3301056,,,G,207.093,-0.74739,331.131,,0.0731503865752,-18.92,0.7649307757796443,2910717118.06662
1360157,1523755,,,3301058,,,G,207.075,-0.47882,389.045,,0.08520817260410002,-19.19,0.7649310542230684,3732501577.957214
1360158,1523756,,,3301059,,,G,207.092,-1.3357,320.627,,0.07094265547129999,-19.28,0.764931204084042,4055085354.48386
1360159,1523757,,,3301061,,,G,207.063,-0.39471,805.378,,0.1669992235,-20.54,0.7649316823710124,12941958414.499916
1360160,1523758,,,3301062,,,G,207.051,-0.6160899999999999,805.378,,0.1669992235,-20.67,0.7649322214948687,14588142602.753534
1360161,1523759,,,3301063,,,G,207.019,-0.0482,941.89,,0.19225971613,-20.73,0.7649327912503996,15417004529.495615
1360162,1523760,,,3301064,,,G,207.027,-0.3229,679.204,,0.143024771512,-21.41,0.7649338570818957,28840315031.266117
1360163,1523761,,,3301066,,,G,207.025,-1.06699,527.23,,0.113248856624,-19.6,0.7649340583099601,5445026528.424242
1360164,1523762,,,3301067,,,G,206.987,-0.40818,374.973,,0.0822958911479,-19.08,0.7649341829588887,3372873086.588692
1360165,1523763,,,3301068,,,G,206.972,-0.7765,744.732,,0.155555057778,-20.6,0.7649346884209334,13677288255.958578
1360166,1523764,,,3301069,,,G,206.976,-1.31409,657.658,,0.138865509433,-20.37,0.7649350973882009,11066237839.776676
1360169,1523767,,,3301073,,,G,206.917,-0.46055,348.337,,0.0767527283764,-19.01,0.764936733094249,3162277660.16838
1360170,1523768,,,3301074,,,G,206.919,-0.96166,340.408,,0.0750947775474,-18.62,0.7649368146939467,2208004733.018897
1360171,1523769,,,3301075,,,G,206.915,-1.27159,341.9790000000001,,0.0754236377118,-18.5,0.7649368877554409,1976969640.111866
1360173,1523771,,,3301081,,,G,206.84,-0.90766,779.83,,0.162195681098,-20.43,0.7649376827769799,11694993910.198748
1360174,1523772,,,3301082,,,G,206.842,-1.04349,701.455,,0.14729932365,-20.12,0.7649380076312278,8790225168.308859
1360175,1523773,,,3301083,,,G,206.853,-1.16676,527.23,,0.113248856624,-19.97,0.7649382905674494,7655966069.112569
1360177,1523775,,,3301086,,,G,206.835,-0.41712,588.844,,0.12544671272299998,-19.73,0.7649386431935027,6137620051.647945
1360178,1523776,,,3301087,,,G,206.829,-0.89856,613.762,,0.130330055165,-20.42,0.7649390714348037,11587773561.55131
1360179,1523777,,,3301088,,,G,206.798,-0.9947,340.408,,0.0750947775474,-18.5,0.7649391444962979,1976969640.111866
1360180,1523778,,,3301090,,,G,206.757,-0.9259,608.135,,0.129229864615,-19.82,0.7649393909234452,6668067692.136246
1360182,1523780,,,3301092,,,G,206.74400000000003,-0.31315,698.232,,0.146681503341,-20.57,0.7649399504819182,13304544179.780985
1360183,1523781,,,3301093,,,G,206.742,-0.35369,405.509,,0.0886017743009,-19.66,0.7649401631432601,5754399373.371567
1360184,1523782,,,3301094,,,G,206.741,-1.27461,405.509,,0.0886017743009,-19.51,0.7649403483635456,5011872336.272736
1360185,1523783,,,3301095,,,G,206.739,-1.36094,698.232,,0.146681503341,-20.17,0.7649406885277024,9204495717.53176
1360186,1523784,,,3301097,,,G,206.722,-0.4564,413.048,,0.0901507350754,-19.1,0.7649408154940275,3435579478.998757
1360188,1523786,,,3301099,,,G,206.697,-0.4559,346.737,,0.0764184082092,-18.48,0.7649410009031731,1940885877.5927796
1360189,1523787,,,3301100,,,G,206.687,-1.4195,394.457,,0.08632537316269999,-19.22,0.7649411427071954,3837072454.9228
1360190,1523788,,,3301101,,,G,206.67,-0.44248,407.38,,0.0889864944932,-19.14,0.7649412744383657,3564511334.262453
1360192,1523790,,,3301103,,,G,206.642,-0.496,349.945,,0.0770885185443,-18.63,0.7649423023519155,2228435149.2702985
1360193,1523791,,,3301105,,,G,206.647,-1.328,390.841,,0.08557924278960001,-19.07,0.7649424258580558,3341950400.261149
1360194,1523792,,,3301107,,,G,206.601,-1.29124,394.457,,0.08632537316269999,-19.47,0.7649426043787428,4830588020.397738
1360195,1523793,,,3301108,,,G,206.575,-0.43212,346.737,,0.0764184082092,-19.08,0.7649427290276716,3372873086.588692
1360196,1523794,,,3301109,,,G,206.578,-0.6941,704.693,,0.14791966396,-20.15,0.7649430629831326,9036494737.223042
1360197,1523795,,,3301110,,,G,206.577,-0.8015800000000001,399.945,,0.0874566437283,-19.8,0.7649433049124778,6546361740.672761
1360198,1523796,,,3301111,,,G,206.577,-0.8108,399.945,,0.0874566437283,-19.25,0.7649434506893238,3944573020.752801
1360199,1523797,,,3301112,,,G,206.583,-1.29272,392.645,,0.0859515729758,-19.38,0.7649436150086139,4446312674.691084
1360201,1523799,,,3301114,,,G,206.564,-0.87354,341.9790000000001,,0.0754236377118,-18.94,0.7649444687759166,2964831389.524339
1360203,1523801,,,3301118,,,G,206.541,-0.8855,341.9790000000001,,0.0754236377118,-19.01,0.7649447161654677,3162277660.16838
1360204,1523802,,,3301119,,,G,206.537,-1.1227,701.455,,0.14729932365,-20.21,0.7649450690954462,9549925860.214407
1360208,1523806,,,3301125,,,G,206.528,-0.10889,695.0239999999999,,0.146065993033,-20.16,0.7649466851877718,9120108393.559114
1360209,1523807,,,3301127,,,G,206.515,-0.5492,430.527,,0.0937303968652,-19.07,0.7649468086939121,3341950400.261149
1360210,1523808,,,3301129,,,G,206.5,-1.33476,385.478,,0.08447107223549999,-19.55,0.7649470008652216,5199959965.335173
1360213,1523811,,,3301132,,,G,206.492,-0.45814,345.144,,0.07608555804280001,-18.9,0.7649484177646411,2857590543.374955
1360214,1523812,,,3301133,,,G,206.479,-0.57573,688.6519999999998,,0.144842322421,-20.59,0.7649489185925819,13551894123.510351
1360217,1523815,,,3301136,,,G,206.467,-0.2423,465.586,,0.100861580431,-19.28,0.7649503759948779,4055085354.48386
1360218,1523816,,,3301137,,,G,206.46400000000003,-0.5435,616.595,,0.130883615442,-20.46,0.7649508203073967,12022644346.17418
1360219,1523817,,,3301138,,,G,206.473,-0.7996,679.204,,0.143024771512,-20.12,0.7649511451616443,8790225168.308859
1360220,1523818,,,3301139,,,G,206.458,-0.7217,608.135,,0.129229864615,-19.83,0.7649513938689542,6729766562.843196
1360222,1523820,,,3301142,,,G,206.433,-0.7656,1122.02,,0.224629132315,-21.11,0.7649523593085296,21877616239.49561
1360223,1523821,,,3301146,,,G,206.392,-1.3023,340.408,,0.0750947775474,-18.48,0.7649524310365011,1940885877.5927796
1360225,1523823,,,3301148,,,G,206.38,-0.3247,346.737,,0.0764184082092,-18.58,0.7649526343335866,2128139045.9827175
1360226,1523824,,,3301149,,,G,206.379,-0.93532,341.9790000000001,,0.0754236377118,-18.62,0.7649527159332843,2208004733.018897
1360227,1523825,,,3301150,,,G,206.352,-0.26149,583.445,,0.124384952192,-20.07,0.7649530261666823,8394599865.193998
1360229,1523827,,,3301154,,,G,206.317,-0.1814,401.791,,0.0878367439184,-19.03,0.764953273346615,3221068791.283441
1360230,1523828,,,3301155,,,G,206.328,-0.7888,698.232,,0.146681503341,-20.44,0.7649537095495162,11803206356.517323
1360231,1523829,,,3301156,,,G,206.329,-0.9335,346.737,,0.0764184082092,-19.01,0.7649538264156159,3162277660.16838
1360233,1523831,,,3301158,,,G,206.306,-0.49548,465.586,,0.100861580431,-19.07,0.7649543298386009,3341950400.261149
1360237,1523835,,,3301162,,,G,206.271,-0.87472,390.841,,0.08557924278960001,-18.93,0.764955450163337,2937649651.9615426
1360238,1523836,,,3301163,,,G,206.267,-1.26285,320.627,,0.07094265547129999,-19.22,0.7649555919673594,3837072454.9228
1360240,1523838,,,3301166,,,G,206.247,-0.03921,346.737,,0.0764184082092,-18.93,0.7649558725954573,2937649651.9615426
1360241,1523839,,,3301167,,,G,206.252,-0.3166,331.131,,0.0731503865752,-18.68,0.7649559588314466,2333458062.281005
1360242,1523840,,,3301168,,,G,206.254,-0.8182,801.678,,0.166305173153,-21.13,0.7649567823787505,22284351492.702984
1360243,1523841,,,3301169,,,G,206.255,-1.2161,874.9839999999998,,0.179962949981,-20.51,0.764957247631073,12589254117.941713
1360244,1523842,,,3301170,,,G,206.223,-0.18565,398.107,,0.08707801353900001,-18.91,0.7649573542142226,2884031503.1266
1360245,1523843,,,3301171,,,G,206.213,-0.3959,1148.15,,0.229241364621,-21.32,0.7649583352583668,26546055619.75547
1360247,1523845,,,3301173,,,G,206.198,-0.2566,399.945,,0.0874566437283,-18.82,0.7649585626895866,2654605561.975548
1360248,1523846,,,3301175,,,G,206.183,-0.31159000000000003,824.138,,0.170510845255,-20.94,0.7649592540245953,18706821403.658016
1360249,1523847,,,3301176,,,G,206.188,-1.31206,776.247,,0.16151990076,-20.88,0.7649599081914715,17701089583.174183
1360250,1523848,,,3301177,,,G,206.169,-1.2149299999999998,862.9789999999998,,0.17773967887000006,-20.94,0.7649605995264802,18706821403.658016
1360254,1523852,,,3301184,,,G,206.117,-1.2434,383.707,,0.0841048320524,-19.0,0.7649610390853935,3133285724.315589
1360255,1523853,,,3301186,,,G,206.087,-0.14261,394.457,,0.08632537316269999,-19.1,0.7649611660517187,3435579478.998757
1360256,1523854,,,3301187,,,G,206.09,-0.33538,805.378,,0.1669992235,-20.28,0.7649615424854649,10185913880.541231
1360257,1523855,,,3301188,,,G,206.097,-1.2345,401.791,,0.0878367439184,-18.98,0.7649616561666389,3076096814.740705
1360259,1523857,,,3301191,,,G,206.05,-1.241,403.645,,0.0882183141092,-19.03,0.764961904532247,3221068791.283441
1360260,1523858,,,3301192,,,G,206.042,-0.86659,403.645,,0.0882183141092,-18.92,0.7649620121015984,2910717118.06662
1360261,1523859,,,3301193,,,G,206.041,-1.38494,899.498,,0.184486562243,-21.1,0.7649628132049521,21677041048.19705
1360262,1523860,,,3301194,,,G,206.024,-0.3313,340.408,,0.0750947775474,-18.69,0.7649629002388731,2355049283.896009
1360263,1523861,,,3301195,,,G,206.017,-0.807,1051.96,,0.212161426081,-21.03,0.7649636513229409,20323570109.36229
1360264,1523862,,,3301196,,,G,206.015,-0.85998,392.645,,0.0859515729758,-18.76,0.7649637441529836,2511886431.509582
1360265,1523863,,,3301197,,,G,206.013,-1.38325,588.844,,0.12544671272299998,-19.96,0.7649640244952306,7585775750.291882
1360266,1523864,,,3301199,,,G,205.965,-1.3728,567.545,,0.121250280625,-19.94,0.7649642997206548,7447319739.059889
1360267,1523865,,,3301200,,,G,205.935,-0.7621,891.2510000000002,,0.182967001484,-20.8,0.7649649074196941,16443717232.149357
1360268,1523866,,,3301201,,,G,205.92,-0.31046,343.55800000000005,,0.0757537578769,-18.76,0.7649650002497368,2511886431.509582
1360269,1523867,,,3301202,,,G,205.916,-0.43624,580.764,,0.123857221929,-20.12,0.7649653251039844,8790225168.308859
1360270,1523868,,,3301203,,,G,205.899,-0.564,827.942,,0.17122127561099998,-20.45,0.7649657653430214,11912420080.273762
1360271,1523869,,,3301204,,,G,205.899,-0.70495,847.227,,0.17481479740699998,-20.62,0.7649662802023071,13931568029.453035
1360272,1523870,,,3301205,,,G,205.905,-1.14883,359.749,,0.0791326595663,-18.6,0.7649663603126424,2167704104.819705
1360273,1523871,,,3301207,,,G,205.884,-0.35442,392.645,,0.0859515729758,-18.88,0.7649664639911051,2805433637.9517045
1360274,1523872,,,3301209,,,G,205.891,-0.7256,847.227,,0.17481479740699998,-20.49,0.7649669207516159,12359474334.445068
1360275,1523873,,,3301210,,,G,205.87,-0.0439,698.232,,0.146681503341,-20.24,0.764967283569386,9817479430.199823
1360276,1523874,,,3301211,,,G,205.865,-0.12585,1013.91,,0.205326132663,-20.71,0.7649678429257065,15135612484.362131
1360277,1523875,,,3301212,,,G,205.864,-0.30113,346.737,,0.0764184082092,-18.58,0.7649679215738634,2128139045.9827175
1360278,1523876,,,3301213,,,G,205.865,-1.2288,578.096,,0.123331801666,-20.11,0.7649682434498295,8709635899.560833
1360279,1523877,,,3301214,,,G,205.849,-0.24561,403.645,,0.0882183141092,-19.19,0.7649683813892983,3732501577.957214
1360280,1523878,,,3301215,,,G,205.848,-0.5675,348.337,,0.0767527283764,-18.78,0.7649684759451804,2558585886.905653
1360281,1523879,,,3301216,,,G,205.849,-1.09089,331.131,,0.0731503865752,-18.81,0.7649685731501681,2630267991.895381
1360282,1523880,,,3301217,,,G,205.836,-0.8678600000000001,398.107,,0.08707801353900001,-19.52,0.7649687600842761,5058246620.031148
1360283,1523881,,,3301218,,,G,205.828,-1.1279,399.945,,0.0874566437283,-19.23,0.7649689032003947,3872576449.216165
1360284,1523882,,,3301219,,,G,205.822,-1.3785,1153.45,,0.230174395087,-21.29,0.7649698575083623,25822601906.34601
1360286,1523884,,,3301221,,,G,205.792,-0.07156,870.9639999999998,,0.17921891960900002,-20.78,0.7649708038099412,16143585568.264938
1360287,1523885,,,3301222,,,G,205.806,-0.8331,394.457,,0.08632537316269999,-19.0,0.7649709196046061,3133285724.315589
1360288,1523886,,,3301223,,,G,205.778,-0.2015,398.107,,0.08707801353900001,-18.97,0.7649710322435447,3047894989.6279826
1360289,1523887,,,3301224,,,G,205.787,-0.57602,329.61,,0.0728309764155,-18.75,0.7649711242225163,2488857318.2823954
1360290,1523888,,,3301225,,,G,205.776,-1.23493,351.56,,0.0774255687128,-18.98,0.7649712379036904,3076096814.740705
1360291,1523889,,,3301226,,,G,205.758,-0.67024,317.687,,0.0703233651617,-18.62,0.7649713195033879,2208004733.018897
1360292,1523890,,,3301227,,,G,205.737,-0.8815,843.335,,0.174090507045,-21.29,0.7649722738113557,25822601906.34601
1360293,1523891,,,3301228,,,G,205.74400000000003,-1.01305,855.067,,0.176271568136,-20.36,0.7649726790291888,10964781961.431871
1360294,1523892,,,3301229,,,G,205.745,-1.23777,660.693,,0.139452669726,-19.92,0.7649729492311829,7311390834.834217
1360296,1523894,,,3301234,,,G,205.695,-0.16954,401.791,,0.0878367439184,-18.81,0.7649733427067656,2630267991.895381
1360297,1523895,,,3301235,,,G,205.695,-0.8962100000000001,319.154,,0.07063248531619999,-18.68,0.7649734289427549,2333458062.281005
1360299,1523897,,,3301237,,,G,205.679,-0.30513,405.509,,0.0886017743009,-19.47,0.7649739263884314,4830588020.397738
1360300,1523898,,,3301239,,,G,205.67,-0.6345,434.51,,0.0945437272719,-19.16,0.7649740605686669,3630780547.7010174
1360301,1523899,,,3301240,,,G,205.642,-1.0459,396.278,,0.0867008533504,-19.18,0.7649741972434992,3698281797.8026743
1360302,1523900,,,3301241,,,G,205.614,-0.65718,390.841,,0.08557924278960001,-20.02,0.7649744935140942,8016780633.876789
1360303,1523901,,,3301242,,,G,205.62,-0.8820399999999999,459.198,,0.0995669297835,-19.11,0.7649746216552243,3467368504.525324
1360304,1523902,,,3301243,,,G,205.616,-1.0111,463.447,,0.100428350214,-19.21,0.7649747621591795,3801893963.205628
1360305,1523903,,,3301244,,,G,205.629,-1.25607,399.945,,0.0874566437283,-19.26,0.7649749092848821,3981071705.534985
1360306,1523904,,,3301245,,,G,205.625,-1.2769,398.107,,0.08707801353900001,-19.01,0.7649750261509817,3162277660.16838
1360307,1523905,,,3301246,,,G,205.595,-0.9269,457.088,,0.0991389495695,-19.21,0.7649751666549369,3801893963.205628
1360308,1523906,,,3301248,,,G,205.608,-1.36802,399.945,,0.0874566437283,-19.31,0.7649753207144603,4168693834.7033467
1360310,1523908,,,3301251,,,G,205.576,-0.89451,401.791,,0.0878367439184,-19.65,0.7649756079308875,5701642722.807478
1360312,1523910,,,3301254,,,G,205.543,-0.8884700000000001,1425.61,,0.27704872852400003,-21.56,0.764976942252226,33113112148.259075
1360313,1523911,,,3301255,,,G,205.54,-1.16901,669.885,,0.141228220614,-20.36,0.7649773474700591,10964781961.431871
1360316,1523914,,,3301259,,,G,205.519,-0.30162,401.791,,0.0878367439184,-19.19,0.7649786483937032,3732501577.957214
1360318,1523916,,,3301261,,,G,205.519,-1.04095,405.509,,0.0886017743009,-18.97,0.7649795547914356,3047894989.6279826
1360319,1523917,,,3301262,,,G,205.487,-1.2791,394.457,,0.08632537316269999,-18.99,0.7649796695244886,3104559588.128349
1360320,1523918,,,3301263,,,G,205.488,-1.2834,457.088,,0.0991389495695,-19.44,0.7649798431799915,4698941086.05216
1360323,1523921,,,3301267,,,G,205.471,-0.03695,319.154,,0.07063248531619999,-18.54,0.7649803752608145,2051162178.8255708
1360324,1523922,,,3301268,,,G,205.473,-0.35106,392.645,,0.0859515729758,-19.64,0.7649805840406494,5649369748.123057
1360326,1523924,,,3301270,,,G,205.456,-1.0479,695.0239999999999,,0.146065993033,-20.04,0.7649809588808202,8165823713.585939
1360327,1523925,,,3301271,,,G,205.457,-1.28425,392.645,,0.0859515729758,-19.65,0.7649811695924712,5701642722.807478
1360328,1523926,,,3301273,,,G,205.431,-1.0622,862.9789999999998,,0.17773967887000006,-20.76,0.7649817553104429,15848931924.611176
1360329,1523927,,,3301274,,,G,205.44,-1.38332,809.096,,0.167696213848,-20.48,0.764982207883348,12246161992.650517
1360330,1523928,,,3301275,,,G,205.417,-0.31456,387.258,,0.08483899241949999,-18.88,0.7649823115618108,2805433637.9517045
1360331,1523929,,,3301277,,,G,205.414,-1.3782,812.831,,0.16839593419799995,-20.33,0.764982705736333,10665961212.302591
1360333,1523931,,,3301279,,,G,205.407,-0.32569000000000004,390.841,,0.08557924278960001,-19.0,0.7649834072489694,3133285724.315589
1360334,1523932,,,3301280,,,G,205.401,-0.3563,390.841,,0.08557924278960001,-19.02,0.7649835251964178,3191537855.1007576
1360335,1523933,,,3301282,,,G,205.395,-0.6189,1061.7,,0.213903796952,-20.94,0.7649842165314265,18706821403.658016
1360338,1523936,,,3301285,,,G,205.383,-0.2041,405.509,,0.0886017743009,-19.06,0.7649850621831009,3311311214.8259077
1360343,1523941,,,3301293,,,G,205.299,-0.55209,390.841,,0.08557924278960001,-19.36,0.7649856602740135,4365158322.401666
1360345,1523943,,,3301297,,,G,205.25,-0.54497,772.681,,0.16084706042400002,-20.65,0.7649868937456366,14321878992.735456
1360346,1523944,,,3301298,,,G,205.232,-0.64439,409.261,,0.08937310468660001,-19.48,0.7649870739181552,4875284901.033871
1360347,1523945,,,3301299,,,G,205.236,-0.64799,411.15,,0.08976118488060003,-19.31,0.7649872279776786,4168693834.7033467
1360348,1523946,,,3301301,,,G,205.241,-0.85798,398.107,,0.08707801353900001,-19.29,0.7649873792252987,4092606597.3001275
1360349,1523947,,,3301302,,,G,205.233,-0.95661,487.528,,0.105292582646,-19.24,0.7649875236656545,3908408957.9240093
1360351,1523949,,,3301305,,,G,205.227,-0.45273,403.645,,0.0882183141092,-19.06,0.7649884181661469,3311311214.8259077
1360352,1523950,,,3301306,,,G,205.228,-0.66217,398.107,,0.08707801353900001,-19.26,0.7649885652918494,3981071705.534985
1360353,1523951,,,3301307,,,G,205.209,-0.1045,676.0830000000002,,0.14242354121200002,-19.97,0.7649888482280711,7655966069.112569
1360354,1523952,,,3301308,,,G,205.207,-0.45055,669.885,,0.141228220614,-19.85,0.764989101559195,6854882264.526649
1360355,1523953,,,3301309,,,G,205.207,-1.08583,758.578,,0.15818047909000002,-20.53,0.764989575461204,12823305826.560284
1360356,1523954,,,3301312,,,G,205.155,-0.5816,981.748,,0.199512279756,-20.89,0.7649902356810118,17864875748.52061
1360357,1523955,,,3301313,,,G,205.154,-0.6268,519.996,,0.111805105903,-19.62,0.7649904406501852,5546257129.579103
1360358,1523956,,,3301314,,,G,205.145,-0.99472,398.107,,0.08707801353900001,-19.64,0.76499064943002,5649369748.123057
1360359,1523957,,,3301315,,,G,205.149,-1.03289,602.56,,0.128138284069,-20.04,0.7649909512086966,8165823713.585939
1360360,1523958,,,3301316,,,G,205.146,-1.2135,691.831,,0.145453002727,-20.07,0.7649912614420947,8394599865.193998
1360362,1523960,,,3301318,,,G,205.122,-1.0946,990.832,,0.201157840579,-20.91,0.7649930499988922,18197008586.099827
1360365,1523963,,,3301322,,,G,205.082,-0.6783,411.15,,0.08976118488060003,-18.95,0.7649957282348256,2992264636.608183
1360367,1523965,,,3301326,,,G,205.029,-1.3362,319.154,,0.07063248531619999,-18.56,0.7649960963105393,2089296130.8540325
1360370,1523968,,,3301330,,,G,204.977,-0.7492,405.509,,0.0886017743009,-18.85,0.7649966991404306,2728977782.808052
1360371,1523969,,,3301331,,,G,204.95,-0.0997,1180.32,,0.234892257446,-21.17,0.7649975535941602,23120647901.75608
1360372,1523970,,,3301332,,,G,204.924,-0.1664,371.535,,0.0815827307914,-19.02,0.7649976715416086,3191537855.1007576
1360373,1523971,,,3301333,,,G,204.933,-0.5183300000000001,519.996,,0.111805105903,-20.11,0.7649979934175746,8709635899.560833
1360374,1523972,,,3301334,,,G,204.931,-1.4228,688.6519999999998,,0.144842322421,-20.2,0.7649983431118716,9462371613.657913
1360375,1523973,,,3301335,,,G,204.898,-0.43145,682.3389999999998,,0.143628101814,-20.03,0.7649986421238247,8090958991.783845
1360376,1523974,,,3301337,,,G,204.891,-0.96675,527.23,,0.113248856624,-19.52,0.7649988290579327,5058246620.031148
1360378,1523976,,,3301339,,,G,204.885,-0.2928,666.807,,0.140634130317,-20.09,0.7649992685651406,8550667128.846841
1360379,1523977,,,3301340,,,G,204.877,-0.29626,682.3389999999998,,0.143628101814,-20.35,0.7649996700679141,10864256236.170687
1360380,1523978,,,3301344,,,G,204.853,-0.043210000000000005,580.764,,0.123857221929,-19.77,0.7649999054040129,6367955209.079162
1360381,1523979,,,3301345,,,G,204.86,-0.21132,519.996,,0.111805105903,-19.85,0.7650001587351367,6854882264.526649
1360382,1523980,,,3301347,,,G,204.852,-0.6796,519.996,,0.111805105903,-19.7,0.7650003793773218,5970352865.838366
1360383,1523981,,,3301348,,,G,204.842,-0.94462,399.945,,0.0874566437283,-19.11,0.7650005075184518,3467368504.525324
1360384,1523982,,,3301350,,,G,204.823,-0.7733,403.645,,0.0882183141092,-18.89,0.7650006121562397,2831391995.799391
1360385,1523983,,,3301351,,,G,204.823,-0.83105,394.457,,0.08632537316269999,-19.0,0.7650007279509045,3133285724.315589
1360386,1523984,,,3301352,,,G,204.832,-1.27916,682.3389999999998,,0.143628101814,-20.07,0.7650010381843025,8394599865.193998
1360388,1523986,,,3301354,,,G,204.804,-1.3068,820.352,,0.16980335490200002,-20.42,0.7650018359886596,11587773561.55131
1360390,1523988,,,3301357,,,G,204.79,-0.38639,679.204,,0.143024771512,-20.03,0.7650023437804476,8090958991.783845
1360392,1523990,,,3301359,,,G,204.77,-0.29393,666.807,,0.140634130317,-19.87,0.7650033125250051,6982324040.771733
1360395,1523993,,,3301363,,,G,204.747,-0.80648,527.23,,0.113248856624,-19.6,0.7650037760299386,5445026528.424242
1360396,1523994,,,3301364,,,G,204.74400000000003,-1.35843,532.1080000000002,,0.114221157111,-19.82,0.765004022457086,6668067692.136246
1360397,1523995,,,3301365,,,G,204.709,-0.10683,351.56,,0.0774255687128,-18.83,0.7650041214692493,2679168324.819037
1360398,1523996,,,3301366,,,G,204.722,-1.27618,570.164,,0.121767510884,-20.04,0.7650044232479261,8165823713.585939
1360399,1523997,,,3301370,,,G,204.607,-0.38168,1412.54,,0.274841627421,-21.74,0.7650058676514848,39084089579.24009
1360400,1523998,,,3301371,,,G,204.614,-1.10619,519.996,,0.111805105903,-19.44,0.7650060413069877,4698941086.05216
1360401,1523999,,,3301372,,,G,204.594,-1.3718,820.352,,0.16980335490200002,-20.64,0.7650065657382221,14190575216.890957
1360402,1524000,,,3301374,,,G,204.507,-0.47668,396.278,,0.0867008533504,-19.55,0.7650067579095318,5199959965.335173
1360404,1524002,,,3301377,,,G,204.446,-0.4692,663.743,,0.140042140021,-19.99,0.7650074704210917,7798301105.232576
1360405,1524003,,,3301378,,,G,204.418,-0.97769,527.23,,0.113248856624,-19.64,0.7650076792009266,5649369748.123057
1360406,1524004,,,3301380,,,G,204.406,-1.16221,320.627,,0.07094265547129999,-18.43,0.7650077477006078,1853531623.4148145
1360408,1524006,,,3301388,,,G,204.305,-1.04819,322.107,,0.071254085627,-18.3,0.7650082568942035,1644371723.2149289
1360409,1524007,,,3301394,,,G,204.23,-0.08584,517.607,,0.111327565664,-19.42,0.7650084273801361,4613175745.603809
1360410,1524008,,,3301395,,,G,204.202,-1.25029,378.443,,0.0830151415076,-19.06,0.7650085497539654,3311311214.8259077
1360411,1524009,,,3301396,,,G,204.206,-1.3179,381.944,,0.08374006187000001,-19.05,0.7650086710058646,3280952931.131191
1360412,1524010,,,3301397,,,G,204.213,-1.32388,381.944,,0.08374006187000001,-19.2,0.7650088102216717,3767037989.8390775
1360413,1524011,,,3301398,,,G,204.191,-0.72759,1158.78,,0.231111835556,-21.32,0.7650097912658158,26546055619.75547
1360414,1524012,,,3301400,,,G,204.164,-0.9313,405.509,,0.0886017743009,-19.26,0.7650099383915183,3981071705.534985
1360415,1524013,,,3301401,,,G,204.144,-0.236,717.794,,0.150425175213,-20.3,0.7650103218236906,10375284158.180126
1360416,1524014,,,3301402,,,G,204.143,-1.2760200000000002,316.228,,0.07001613500810001,-19.21,0.7650104623276457,3801893963.205628
1360420,1524018,,,3301407,,,G,204.076,-0.8153100000000001,320.627,,0.07094265547129999,-18.62,0.7650114588612945,2208004733.018897
1360421,1524019,,,3301408,,,G,204.08,-1.1578,663.743,,0.140042140021,-20.37,0.765011867828562,11066237839.776676
1360425,1524023,,,3301413,,,G,204.063,-0.41728,369.828,,0.08122825061410001,-19.01,0.7650125760536511,3162277660.16838
1360426,1524024,,,3301414,,,G,204.021,-0.88881,663.743,,0.140042140021,-20.91,0.7650132485478616,18197008586.099827
1360431,1524029,,,3301419,,,G,203.992,-0.977,663.743,,0.140042140021,-19.99,0.7650145037718905,7798301105.232576
1360432,1524030,,,3301420,,,G,203.984,-1.3836,385.478,,0.08447107223549999,-19.5,0.7650146872940665,4965923214.503378
1360433,1524031,,,3301421,,,G,203.971,-0.90663,835.6030000000002,,0.172650326325,-20.38,0.7650151000454615,11168632477.805613
1360434,1524032,,,3301422,,,G,203.979,-1.38134,392.645,,0.0859515729758,-19.13,0.7650152305689131,3531831697.9195704
1360435,1524033,,,3301423,,,G,203.96,-0.0656,392.645,,0.0859515729758,-19.3,0.7650153832160101,4130475019.9016094
1360439,1524037,,,3301427,,,G,203.917,-0.1419,392.645,,0.0859515729758,-18.78,0.7650160513926647,2558585886.905653
1360440,1524038,,,3301429,,,G,203.912,-1.2864,657.658,,0.138865509433,-19.92,0.7650163215946588,7311390834.834217
1360442,1524040,,,3301431,,,G,203.909,-1.26278,663.743,,0.140042140021,-20.07,0.7650167345559898,8394599865.193998
1360444,1524042,,,3301434,,,G,203.891,-1.28671,376.704,,0.08265478132739999,-18.84,0.7650173399463461,2703958364.108846
1360445,1524043,,,3301435,,,G,203.861,-0.62712,398.107,,0.08707801353900001,-19.21,0.7650174804503014,3801893963.205628
1360446,1524044,,,3301436,,,G,203.868,-1.29347,389.045,,0.08520817260410002,-19.03,0.7650175994891041,3221068791.283441
1360448,1524046,,,3301439,,,G,203.851,-1.16325,827.942,,0.17122127561099998,-20.41,0.7650181990665826,11481536214.968842
1360449,1524047,,,3301440,,,G,203.815,-0.25776,907.821,,0.186017673009,-20.77,0.7650187902041361,15995580286.146713
1360450,1524048,,,3301441,,,G,203.799,-0.28506,469.894,,0.101733500867,-20.15,0.7650191241595972,9036494737.223042
1360452,1524050,,,3301444,,,G,203.76,-1.36392,405.509,,0.0886017743009,-19.52,0.7650196705851419,5058246620.031148
1360453,1524051,,,3301445,,,G,203.694,-0.04911,351.56,,0.0774255687128,-18.73,0.765019760885308,2443430552.693971
1360455,1524053,,,3301448,,,G,203.675,-0.91137,380.189,,0.0833767616884,-18.7,0.7650199572892223,2376840286.6248736
1360456,1524054,,,3301450,,,G,203.668,-1.03638,727.78,,0.152330296165,-20.31,0.7650203442692487,10471285480.508986
1360458,1524056,,,3301452,,,G,203.649,-1.05289,916.22,,0.18756012378,-21.0,0.7650215401365129,19769696401.11866
1360459,1524057,,,3301453,,,G,203.654,-1.06141,345.144,,0.07608555804280001,-19.33,0.7650216970602167,4246195639.4631295
1360460,1524058,,,3301454,,,G,203.657,-1.13057,387.258,,0.08483899241949999,-18.77,0.7650217907492053,2535128630.497907
1360461,1524059,,,3301455,,,G,203.627,-0.92091,380.189,,0.0833767616884,-18.8,0.7650218870630122,2606153549.9988976
1360464,1524062,,,3301458,,,G,203.577,-0.98433,394.457,,0.08632537316269999,-18.72,0.7650225631225588,2421029046.7361803
1360465,1524063,,,3301459,,,G,203.584,-1.00377,389.045,,0.08520817260410002,-19.2,0.7650227023383659,3767037989.8390775
1360466,1524064,,,3301460,,,G,203.545,-0.94079,380.189,,0.0833767616884,-18.88,0.7650228060168287,2805433637.9517045
1360467,1524065,,,3301461,,,G,203.544,-1.21795,452.898,,0.0982882391441,-19.78,0.7650230435304656,6426877173.17022
1360468,1524066,,,3301462,,,G,203.525,-1.05082,389.045,,0.08520817260410002,-18.93,0.7650231520951438,2937649651.9615426
1360470,1524068,,,3301465,,,G,203.46400000000003,-0.008440000000000001,676.0830000000002,,0.14242354121200002,-20.16,0.7650238869624308,9120108393.559114
1360471,1524069,,,3301466,,,G,203.452,-0.92985,385.478,,0.08447107223549999,-18.91,0.7650239935455805,2884031503.1266
1360472,1524070,,,3301467,,,G,203.449,-1.14847,660.693,,0.139452669726,-20.23,0.7650243530370172,9727472237.76964
1360474,1524072,,,3301469,,,G,203.433,-0.0223,843.335,,0.174090507045,-20.54,0.7650253096109579,12941958414.499916
1360475,1524073,,,3301471,,,G,203.431,-1.36797,396.278,,0.0867008533504,-19.37,0.7650254724237597,4405548635.065536
1360476,1524074,,,3301473,,,G,203.388,-0.92109,1202.26,,0.238728959364,-20.92,0.7650261511404823,18365383433.483585
1360478,1524076,,,3301477,,,G,203.313,-1.37317,374.973,,0.0822958911479,-18.9,0.7650263530602788,2857590543.374955
1360480,1524078,,,3301479,,,G,203.267,-1.2592,1191.24,,0.236803468402,-21.29,0.7650278269914663,25822601906.34601
1360481,1524079,,,3301480,,,G,203.251,-0.496,1185.77,,0.235846497923,-21.68,0.7650291937397898,36982817978.02674
1360483,1524081,,,3301483,,,G,203.239,-0.6974199999999999,1037.53,,0.209574644787,-21.08,0.7650303463962409,21281390459.827183
1360485,1524083,,,3301485,,,G,203.222,-0.54,394.457,,0.08632537316269999,-19.14,0.7650306439671289,3564511334.262453
1360486,1524084,,,3301486,,,G,203.211,-1.17003,660.693,,0.139452669726,-19.85,0.7650308972982528,6854882264.526649
1360487,1524085,,,3301487,,,G,203.179,-0.02064,529.663,,0.113733956867,-19.57,0.7650310930422938,5296634438.916602
1360488,1524086,,,3301488,,,G,203.177,-1.15649,657.658,,0.138865509433,-20.13,0.7650314209023809,8871560120.37962
1360489,1524087,,,3301489,,,G,203.18,-1.38648,654.636,,0.13828065914,-20.02,0.7650317171729758,8016780633.876789
1360490,1524088,,,3301490,,,G,208.098,-1.69238,373.25,,0.0819384709692,-18.98,0.7650318308541498,3076096814.740705
1360491,1524089,,,3301494,,,G,208.085,-1.71077,691.831,,0.145453002727,-20.2,0.7650321805484469,9462371613.657913
1360492,1524090,,,3301495,,,G,208.058,-2.38771,463.447,,0.100428350214,-19.2,0.7650323197642541,3767037989.8390775
1360493,1524091,,,3301496,,,G,208.067,-2.5607900000000003,465.586,,0.100861580431,-19.36,0.7650324810843789,4365158322.401666
1360494,1524092,,,3301497,,,G,208.019,-2.0666,769.13,,0.160176320088,-20.2,0.7650328307786761,9462371613.657913
1360495,1524093,,,3301498,,,G,208.028,-2.354,685.488,,0.144233952117,-20.26,0.7650332003417322,10000000000.0
1360496,1524094,,,3301500,,,G,207.983,-1.8393,986.279,,0.200333380167,-20.84,0.7650338308467538,17060823890.03121
1360497,1524095,,,3301501,,,G,207.998,-2.3914,335.73800000000006,,0.07411659705830001,-18.41,0.7650338980961748,1819700858.6099825
1360498,1524096,,,3301503,,,G,207.974,-2.27488,645.654,,0.13653975827,-20.21,0.7650342510261535,9549925860.214407
1360499,1524097,,,3301505,,,G,207.958,-2.62376,594.2919999999998,,0.12651687325799998,-19.95,0.7650345287982072,7516228940.182045
1360500,1524098,,,3301506,,,G,207.943,-1.8594,494.311,,0.106657373329,-19.36,0.7650346901183323,4365158322.401666
1360501,1524099,,,3301508,,,G,207.931,-2.3126,411.15,,0.08976118488060003,-18.94,0.7650347996875471,2964831389.524339
1360502,1524100,,,3301509,,,G,207.937,-2.42635,345.144,,0.07608555804280001,-19.34,0.765034958063248,4285485203.9743924
1360503,1524101,,,3301513,,,G,207.921,-1.92617,487.528,,0.105292582646,-20.24,0.7650353208810181,9817479430.199823
1360504,1524102,,,3301515,,,G,207.897,-1.6591,411.15,,0.08976118488060003,-18.83,0.7650354198931815,2679168324.819037
1360505,1524103,,,3301516,,,G,207.902,-1.8073,950.605,,0.193850046925,-20.89,0.7650360801129892,17864875748.52061
1360506,1524104,,,3301517,,,G,207.877,-2.4963,335.73800000000006,,0.07411659705830001,-18.76,0.7650361729430318,2511886431.509582
1360507,1524105,,,3301518,,,G,207.867,-2.3157,340.408,,0.0750947775474,-18.43,0.765036241442713,1853531623.4148145
1360508,1524106,,,3301519,,,G,207.832,-1.9304,794.328,,0.164924632462,-20.28,0.7650366178764593,10185913880.541231
1360509,1524107,,,3301520,,,G,207.831,-2.46382,954.993,,0.194649727325,-20.82,0.7650372368734671,16749428760.26445
1360510,1524108,,,3301521,,,G,207.823,-2.72328,862.9789999999998,,0.17773967887000006,-20.38,0.7650376496248622,11168632477.805613
1360511,1524109,,,3301522,,,G,207.812,-1.58358,990.832,,0.201157840579,-20.73,0.7650382193803931,15417004529.495615
1360512,1524110,,,3301527,,,G,207.712,-2.0375,1116.86,,0.223716051858,-21.36,0.7650392372415696,27542287033.381744
1360513,1524111,,,3301528,,,G,207.726,-2.28,492.04,,0.1062006231,-19.31,0.7650393913010931,4168693834.7033467
1360514,1524112,,,3301529,,,G,207.694,-2.1344,688.6519999999998,,0.144842322421,-19.93,0.7650396640032354,7379042301.291045
1360515,1524113,,,3301530,,,G,207.702,-2.4353,517.607,,0.111327565664,-19.59,0.7650398633864298,5395106225.151268
1360516,1524114,,,3301531,,,G,207.674,-1.66639,1013.91,,0.205326132663,-20.78,0.7650404599937116,16143585568.264938
1360517,1524115,,,3301532,,,G,207.677,-1.893,373.25,,0.0819384709692,-18.67,0.7650405454390846,2312064790.1756077
1360518,1524116,,,3301533,,,G,207.687,-2.1129,340.408,,0.0750947775474,-18.47,0.7650406165094502,1923091728.9101613
1360519,1524117,,,3301534,,,G,207.678,-2.18041,348.337,,0.0767527283764,-18.73,0.7650407068096164,2443430552.693971
1360520,1524118,,,3301535,,,G,207.669,-1.56644,1004.62,,0.203650331825,-21.11,0.7650415153254881,21877616239.49561
1360521,1524119,,,3301537,,,G,207.64,-2.6023,332.66,,0.0734710567355,-18.79,0.7650416107562851,2582260190.634601
1360522,1524120,,,3301538,,,G,207.634,-1.63009,651.628,,0.137698118849,-20.07,0.7650419209896829,8394599865.193998
1360523,1524121,,,3301542,,,G,207.61900000000003,-2.68709,805.378,,0.1669992235,-20.58,0.7650424172260056,13427649611.378641
1360524,1524122,,,3301543,,,G,207.591,-1.5386,474.242,,0.102612561306,-19.1,0.7650425441923308,3435579478.998757
1360525,1524123,,,3301544,,,G,207.601,-2.49779,461.318,,0.0999967999984,-19.52,0.7650427311264387,5058246620.031148
1360526,1524124,,,3301546,,,G,207.565,-2.05418,399.945,,0.0874566437283,-19.74,0.7650429600489755,6194410750.767812
1360527,1524125,,,3301548,,,G,207.534,-1.82061,1191.24,,0.236803468402,-21.55,0.7650441725679675,32809529311.311905
1360528,1524126,,,3301549,,,G,207.547,-2.4990900000000003,591.562,,0.12598074299,-20.56,0.7650446597469565,13182567385.564049
1360529,1524127,,,3301550,,,G,207.513,-1.61785,772.681,,0.16084706042400002,-20.6,0.7650451652090011,13677288255.958578
1360530,1524128,,,3301551,,,G,207.528,-2.02396,335.73800000000006,,0.07411659705830001,-19.03,0.7650452842478038,3221068791.283441
1360531,1524129,,,3301553,,,G,207.51,-1.80069,903.649,,0.185250332625,-20.97,0.7650459949514602,19230917289.101616
1360532,1524130,,,3301555,,,G,207.474,-1.48232,608.135,,0.129229864615,-19.85,0.765046248282584,6854882264.526649
1360533,1524131,,,3301556,,,G,207.49,-1.482,1174.9,,0.233942216971,-21.25,0.7650471680723007,24888573182.82396
1360534,1524132,,,3301558,,,G,207.484,-1.99098,337.287,,0.07444125722060001,-19.44,0.7650473417278035,4698941086.05216
1360535,1524133,,,3301562,,,G,207.418,-1.7386,1218.99,,0.241645650823,-21.21,0.7650482282478281,23988329190.195045
1360536,1524134,,,3301563,,,G,207.398,-2.1503,334.195,,0.0737929868965,-18.45,0.7650482980210134,1887991349.0962925
1360537,1524135,,,3301564,,,G,207.374,-2.5623,465.586,,0.100861580431,-19.31,0.7650484520805367,4168693834.7033467
1360538,1524136,,,3301567,,,G,207.347,-1.79066,920.45,,0.188336074168,-20.65,0.7650489813642737,14321878992.735456
1360539,1524137,,,3301569,,,G,207.322,-1.6608,912.011,,0.186787323394,-20.66,0.7650495155454127,14454397707.459282
1360540,1524138,,,3301571,,,G,207.314,-2.5546900000000003,343.55800000000005,,0.0757537578769,-18.76,0.7650496083754553,2511886431.509582
1360541,1524139,,,3301572,,,G,207.31,-1.62136,345.144,,0.07608555804280001,-18.87,0.7650497111033884,2779713267.759294
1360542,1524140,,,3301573,,,G,207.287,-1.44916,610.942,,0.129778804889,-20.48,0.7650501636762934,12246161992.650517
1360543,1524141,,,3301574,,,G,207.279,-2.39414,748.17,,0.156207738104,-20.47,0.7650506120999852,12133888504.649809
1360544,1524142,,,3301575,,,G,207.259,-1.66427,972.747,,0.19787910894,-20.91,0.7650512845941957,18197008586.099827
1360545,1524143,,,3301576,,,G,207.261,-2.0179,695.0239999999999,,0.146065993033,-20.22,0.7650516407897952,9638290236.239744
1360546,1524144,,,3301577,,,G,207.268,-2.0173,691.831,,0.145453002727,-20.35,0.7650520422925687,10864256236.170687
1360547,1524145,,,3301578,,,G,207.271,-2.13382,401.791,,0.0878367439184,-18.8,0.7650521386063758,2606153549.9988976
1360548,1524146,,,3301579,,,G,207.242,-1.88407,758.578,,0.15818047909000002,-20.83,0.7650527633308926,16904409316.4327
1360549,1524147,,,3301580,,,G,207.255,-1.89343,414.954,,0.090541965271,-19.41,0.7650529322538008,4570881896.148752
1360550,1524148,,,3301581,,,G,207.256,-1.93627,751.623,,0.156862728431,-20.64,0.7650534566850352,14190575216.890957
1360551,1524149,,,3301586,,,G,207.207,-1.6390900000000002,972.747,,0.19787910894,-20.63,0.7650539763082551,14060475241.29913
1360552,1524150,,,3301588,,,G,207.187,-2.11333,741.31,,0.154905107453,-20.48,0.7650544288811602,12246161992.650517
1360553,1524151,,,3301589,,,G,207.166,-1.4584,328.095,,0.07251282625639999,-19.17,0.7650545643029502,3664375746.478348
1360554,1524152,,,3301592,,,G,207.162,-1.4813,588.844,,0.12544671272299998,-19.73,0.7650547911267125,6137620051.647945
1360555,1524153,,,3301594,,,G,207.134,-2.05953,369.828,,0.08122825061410001,-18.98,0.7650549048078865,3076096814.740705
1360556,1524154,,,3301596,,,G,207.122,-2.5007,968.278,,0.197067248534,-20.69,0.7650554539548037,14859356422.87009
1360557,1524155,,,3301597,,,G,207.105,-2.06179,645.654,,0.13653975827,-20.43,0.7650558861585727,11694993910.198748
1360558,1524156,,,3301598,,,G,207.085,-2.18767,737.904,,0.154257677129,-20.16,0.7650562232040856,9120108393.559114
1360559,1524157,,,3301599,,,G,207.075,-2.4578,809.096,,0.167696213848,-20.37,0.7650566321713531,11066237839.776676
1360560,1524158,,,3301601,,,G,206.979,-1.8378,701.455,,0.14729932365,-19.98,0.7650569177255515,7726805850.957022
1360561,1524159,,,3301603,,,G,206.976,-2.48205,340.408,,0.0750947775474,-19.13,0.7650570482490031,3531831697.9195704
1360562,1524160,,,3301605,,,G,206.958,-2.20825,591.562,,0.12598074299,-19.72,0.7650572729932326,6081350012.7871895
1360563,1524161,,,3301606,,,G,206.965,-2.70962,387.258,,0.08483899241949999,-18.81,0.7650573701982203,2630267991.895381
1360564,1524162,,,3301607,,,G,206.946,-1.7300099999999998,469.894,,0.101733500867,-19.32,0.7650575256832389,4207266283.8444633
1360565,1524163,,,3301608,,,G,206.941,-2.3744,378.443,,0.0830151415076,-19.04,0.7650576458234939,3250872973.8543468
1360566,1524164,,,3301611,,,G,206.925,-1.85054,594.2919999999998,,0.12651687325799998,-19.94,0.7650579210489182,7447319739.059889
1360567,1524165,,,3301613,,,G,206.903,-1.66122,345.144,,0.07608555804280001,-18.75,0.7650580130278899,2488857318.2823954
1360568,1524166,,,3301614,,,G,206.88,-1.9724,591.562,,0.12598074299,-19.93,0.7650582857300322,7379042301.291045
1360569,1524167,,,3301617,,,G,206.856,-2.1558200000000003,594.2919999999998,,0.12651687325799998,-19.59,0.7650584851132266,5395106225.151268
1360570,1524168,,,3301618,,,G,206.859,-2.32325,1056.82,,0.213031246516,-21.33,0.7650594752348604,26791683248.19037
1360571,1524169,,,3301619,,,G,206.829,-2.19464,483.059,,0.104392102196,-19.75,0.7650597062755914,6251726927.756875
1360572,1524170,,,3301620,,,G,206.842,-2.25217,527.23,,0.113248856624,-19.65,0.7650599169872423,5701642722.807478
1360573,1524171,,,3301621,,,G,206.841,-2.29026,1000.0,,0.202815791408,-20.92,0.765060595703965,18365383433.483585
1360574,1524172,,,3301622,,,G,206.817,-1.59799,328.095,,0.07251282625639999,-19.15,0.7650607286540287,3597493351.557431
1360575,1524173,,,3301623,,,G,206.80900000000003,-2.04449,903.649,,0.185250332625,-21.01,0.7650614660292674,19952623149.688828
1360576,1524174,,,3301624,,,G,206.803,-2.06783,586.138,,0.124914782457,-19.71,0.7650616887130295,6025595860.743593
1360577,1524175,,,3301625,,,G,206.776,-2.027,1032.76,,0.208718264359,-20.8,0.7650622964120688,16443717232.149357
1360578,1524176,,,3301628,,,G,206.768,-2.66449,701.455,,0.14729932365,-20.13,0.7650626242721558,8871560120.37962
1360579,1524177,,,3301629,,,G,206.745,-1.40924,899.498,,0.184486562243,-21.06,0.7650633963988189,20892961308.54041
1360580,1524178,,,3301630,,,G,206.733,-1.68461,381.944,,0.08374006187000001,-18.68,0.7650634826348083,2333458062.281005
1360581,1524179,,,3301631,,,G,206.743,-1.89732,748.17,,0.156207738104,-20.09,0.7650637986358758,8550667128.846841
1360582,1524180,,,3301634,,,G,206.7,-1.50387,396.278,,0.0867008533504,-19.53,0.7650639872996637,5105049999.754086
1360583,1524181,,,3301635,,,G,206.699,-1.5069,394.457,,0.08632537316269999,-18.74,0.7650640784353671,2466039337.234336
1360584,1524182,,,3301636,,,G,206.67,-1.60341,401.791,,0.0878367439184,-19.37,0.7650642412481689,4405548635.065536
1360585,1524183,,,3301637,,,G,206.642,-1.55474,340.408,,0.0750947775474,-19.08,0.7650643658970974,3372873086.588692
1360586,1524184,,,3301639,,,G,206.65,-2.27253,899.498,,0.184486562243,-20.74,0.7650649409245114,15559656316.05075
1360587,1524185,,,3301640,,,G,206.647,-2.48642,1037.53,,0.209574644787,-21.21,0.765065827444536,23988329190.195045
1360588,1524186,,,3301641,,,G,206.636,-2.13055,721.107,,0.151057695529,-20.61,0.7650663375835633,13803842646.028866
1360589,1524187,,,3301643,,,G,206.625,-2.49917,1056.82,,0.213031246516,-21.45,0.7650674434140271,29922646366.081833
1360590,1524188,,,3301644,,,G,206.611,-2.5194,1180.32,,0.234892257446,-21.16,0.7650682900340781,22908676527.6777
1360591,1524189,,,3301647,,,G,206.577,-2.37017,704.693,,0.14791966396,-20.87,0.7650689382035162,17538805018.417603
1360592,1524190,,,3301648,,,G,206.588,-2.61269,403.645,,0.0882183141092,-19.14,0.7650690699346865,3564511334.262453
1360593,1524191,,,3301650,,,G,206.562,-1.56496,465.586,,0.100861580431,-19.22,0.7650692117387088,3837072454.9228
1360594,1524192,,,3301651,,,G,206.554,-1.56523,463.447,,0.100428350214,-19.26,0.7650693588644113,3981071705.534985
1360595,1524193,,,3301652,,,G,206.562,-2.20467,727.78,,0.152330296165,-20.27,0.7650697318469922,10092528860.766834
1360596,1524194,,,3301653,,,G,206.562,-2.37105,711.2139999999998,,0.149167694584,-20.22,0.7650700880425917,9638290236.239744
1360597,1524195,,,3301655,,,G,206.546,-1.7068900000000002,724.436,,0.151692735846,-20.63,0.7650706076658116,14060475241.29913
1360598,1524196,,,3301656,,,G,206.55,-2.52163,1191.24,,0.236803468402,-21.54,0.7650718090683627,32508729738.543476
1360599,1524197,,,3301657,,,G,206.549,-2.5767,1037.53,,0.209574644787,-20.84,0.7650724395733843,17060823890.03121
1360600,1524198,,,3301659,,,G,206.525,-1.5943,1137.63,,0.227386853693,-21.22,0.7650733342962777,24210290467.3618
1360601,1524199,,,3301660,,,G,206.518,-1.8452,1004.62,,0.203650331825,-20.74,0.7650739093236917,15559656316.05075
1360602,1524200,,,3301661,,,G,206.527,-2.07418,805.378,,0.1669992235,-20.39,0.7650743258942283,11271974561.75514
1360603,1524201,,,3301663,,,G,206.501,-2.08569,588.844,,0.12544671272299998,-19.85,0.7650745792253522,6854882264.526649
1360604,1524202,,,3301664,,,G,206.511,-2.3009,403.645,,0.0882183141092,-19.37,0.7650747420381538,4405548635.065536
1360605,1524203,,,3301665,,,G,206.489,-1.61961,717.794,,0.150425175213,-20.22,0.7650750982337533,9638290236.239744
1360606,1524204,,,3301666,,,G,206.491,-1.7270299999999998,465.586,,0.100861580431,-19.47,0.7650752767544404,4830588020.397738
1360607,1524205,,,3301667,,,G,206.49,-2.33849,337.287,,0.07444125722060001,-18.73,0.7650753670546067,2443430552.693971
1360608,1524206,,,3301669,,,G,206.468,-1.81958,325.087,,0.07188072594039999,-19.2,0.7650755062704138,3767037989.8390775
1360609,1524207,,,3301672,,,G,206.452,-1.6465,887.1560000000002,,0.182211631106,-20.49,0.7650759630309245,12359474334.445068
1360610,1524208,,,3301673,,,G,206.459,-1.85129,704.693,,0.14791966396,-20.48,0.7650764156038296,12246161992.650517
1360611,1524209,,,3301674,,,G,206.447,-1.93571,704.693,,0.14791966396,-20.3,0.7650767990360017,10375284158.180126
1360612,1524210,,,3301675,,,G,206.435,-2.4274,383.707,,0.0841048320524,-18.96,0.7650769106422604,3019951720.4020314
1360613,1524211,,,3301676,,,G,206.439,-2.71992,567.545,,0.121250280625,-20.02,0.7650772069128554,8016780633.876789
1360614,1524212,,,3301677,,,G,206.424,-2.1993,381.944,,0.08374006187000001,-19.36,0.7650773682329804,4365158322.401666
1360615,1524213,,,3301678,,,G,206.4,-1.475,698.232,,0.146681503341,-20.08,0.7650776813369328,8472274141.40598
1360616,1524214,,,3301679,,,G,206.392,-1.6178,401.791,,0.0878367439184,-18.88,0.7650777850153956,2805433637.9517045
1360617,1524215,,,3301680,,,G,206.378,-1.7589400000000002,399.945,,0.0874566437283,-19.02,0.7650779029628441,3191537855.1007576
1360618,1524216,,,3301681,,,G,206.374,-2.12676,591.562,,0.12598074299,-20.12,0.7650782278170916,8790225168.308859
1360619,1524217,,,3301684,,,G,206.367,-2.34418,503.501,,0.108502854251,-19.76,0.765078460995616,6309573444.801943
1360620,1524218,,,3301685,,,G,206.344,-1.73262,399.945,,0.0874566437283,-19.26,0.7650786081213186,3981071705.534985
1360621,1524219,,,3301689,,,G,206.315,-2.18799,524.807,,0.112765646383,-20.15,0.7650789420767796,9036494737.223042
1360622,1524220,,,3301690,,,G,206.293,-1.5036,870.9639999999998,,0.17921891960900002,-20.83,0.7650795668012964,16904409316.4327
1360623,1524221,,,3301691,,,G,206.297,-1.63463,407.38,,0.0889864944932,-20.17,0.765079906965453,9204495717.53176
1360624,1524222,,,3301692,,,G,206.289,-1.71576,341.9790000000001,,0.0754236377118,-19.17,0.7650800423872429,3664375746.478348
1360625,1524223,,,3301693,,,G,206.285,-1.97826,688.6519999999998,,0.144842322421,-20.14,0.7650803732809821,8953647655.495974
1360626,1524224,,,3301694,,,G,206.285,-2.0723,698.232,,0.146681503341,-20.04,0.7650806750596587,8165823713.585939
1360627,1524225,,,3301696,,,G,206.272,-2.0316,701.455,,0.14729932365,-20.26,0.7650810446227148,10000000000.0
1360628,1524226,,,3301697,,,G,206.253,-1.50032,724.436,,0.151692735846,-20.47,0.7650814930464065,12133888504.649809
1360629,1524227,,,3301698,,,G,206.257,-1.98148,401.791,,0.0878367439184,-18.98,0.7650816067275805,3076096814.740705
1360630,1524228,,,3301699,,,G,206.252,-2.10521,588.844,,0.12544671272299998,-19.93,0.7650818794297228,7379042301.291045
1360631,1524229,,,3301700,,,G,206.242,-1.72512,704.693,,0.14791966396,-20.68,0.7650824235420307,14723125024.327225
1360632,1524230,,,3301701,,,G,206.245,-1.8935,524.807,,0.112765646383,-19.38,0.7650825878613208,4446312674.691084
1360633,1524231,,,3301703,,,G,206.241,-2.05651,695.0239999999999,,0.146065993033,-20.19,0.7650829343496013,9375620069.258831
1360634,1524232,,,3301704,,,G,206.229,-2.1936,1061.7,,0.213903796952,-21.03,0.7650836854336691,20323570109.36229
1360635,1524233,,,3301705,,,G,206.243,-2.30978,570.164,,0.121767510884,-19.91,0.7650839531584365,7244359600.74989
1360636,1524234,,,3301707,,,G,206.21400000000003,-1.72984,1185.77,,0.235846497923,-21.44,0.7650850488505855,29648313895.24352
1360637,1524235,,,3301708,,,G,206.199,-2.2615,1056.82,,0.213031246516,-21.02,0.7650857930486734,20137242498.62389
1360638,1524236,,,3301709,,,G,206.183,-1.7018,691.831,,0.145453002727,-20.12,0.7650861179029208,8790225168.308859
1360639,1524237,,,3301710,,,G,206.188,-1.71684,474.242,,0.102612561306,-19.65,0.765086328614572,5701642722.807478
1360640,1524238,,,3301713,,,G,206.138,-1.61607,701.455,,0.14729932365,-20.51,0.7650867938668945,12589254117.941713
1360641,1524239,,,3301714,,,G,206.149,-2.14041,527.23,,0.113248856624,-19.46,0.7650869707508942,4786300923.226399
1360642,1524240,,,3301715,,,G,206.141,-2.205,594.2919999999998,,0.12651687325799998,-19.83,0.7650872194582039,6729766562.843196
1360643,1524241,,,3301716,,,G,206.135,-2.2979,474.242,,0.102612561306,-19.14,0.7650873511893742,3564511334.262453
1360644,1524242,,,3301717,,,G,206.123,-2.3867,501.187,,0.108038544019,-19.48,0.7650875313618929,4875284901.033871
1360645,1524243,,,3301718,,,G,206.107,-1.43757,701.455,,0.14729932365,-20.03,0.7650878303738461,8090958991.783845
1360646,1524244,,,3301720,,,G,206.069,-2.1864,476.431,,0.103054611527,-19.63,0.765088037239576,5597576014.951093
1360647,1524245,,,3301721,,,G,206.07,-2.56737,639.735,,0.135390637695,-19.84,0.7650882882481461,6792036326.171857
1360648,1524246,,,3301723,,,G,206.066,-2.59536,711.2139999999998,,0.149167694584,-20.22,0.7650886444437457,9638290236.239744
1360649,1524247,,,3301724,,,G,206.034,-1.4784,401.791,,0.0878367439184,-18.79,0.7650887398745424,2582260190.634601
1360650,1524248,,,3301725,,,G,206.039,-2.00466,401.791,,0.0878367439184,-18.99,0.7650888546075953,3104559588.128349
1360651,1524249,,,3301727,,,G,206.02,-1.97775,899.498,,0.184486562243,-20.5,0.7650893155944591,12473835142.429485
1360652,1524250,,,3301728,,,G,206.023,-2.06412,332.66,,0.0734710567355,-19.18,0.7650894522692913,3698281797.8026743
1360653,1524251,,,3301729,,,G,206.007,-1.52609,657.658,,0.138865509433,-19.97,0.7650897352055129,7655966069.112569
1360654,1524252,,,3301730,,,G,205.976,-1.43812,570.164,,0.121767510884,-20.13,0.7650900630655999,8871560120.37962
1360655,1524253,,,3301731,,,G,205.992,-1.9459,654.636,,0.13828065914,-20.47,0.7650905114892917,12133888504.649809
1360656,1524254,,,3301733,,,G,205.914,-2.7433,714.4960000000002,,0.149795174898,-20.08,0.7650908245932441,8472274141.40598
1360657,1524255,,,3301734,,,G,205.875,-1.63083,575.44,,0.122808271404,-19.77,0.7650910599293428,6367955209.079162
1360658,1524256,,,3301735,,,G,205.88,-2.36333,765.597,,0.15950851975400002,-20.51,0.7650915251816652,12589254117.941713
1360659,1524257,,,3301736,,,G,205.843,-1.61618,907.821,,0.186017673009,-21.02,0.7650922693797532,20137242498.62389
1360660,1524258,,,3301737,,,G,205.833,-2.2019,390.841,,0.08557924278960001,-18.83,0.7650923683919165,2679168324.819037
1360661,1524259,,,3301738,,,G,205.837,-2.2291,805.378,,0.1669992235,-20.83,0.7650929931164333,16904409316.4327
1360662,1524260,,,3301739,,,G,205.8,-2.3681,401.791,,0.0878367439184,-18.79,0.7650930885472301,2582260190.634601
1360663,1524261,,,3301740,,,G,205.8,-2.42988,995.405,,0.201985240993,-20.69,0.7650936376941472,14859356422.87009
1360664,1524262,,,3301741,,,G,205.781,-1.6323,405.509,,0.0886017743009,-19.11,0.7650937658352773,3467368504.525324
1360665,1524263,,,3301742,,,G,205.79,-2.06268,594.2919999999998,,0.12651687325799998,-20.15,0.7650940997907384,9036494737.223042
1360666,1524264,,,3301743,,,G,205.784,-2.68047,564.937,,0.12073494036699997,-19.71,0.7650943224745004,6025595860.743593
1360667,1524265,,,3301744,,,G,205.771,-1.5802200000000002,1047.13,,0.211296435648,-20.99,0.7650950463911244,19588446735.05989
1360668,1524266,,,3301745,,,G,205.764,-2.4130000000000003,883.08,,0.18145920073,-20.7,0.7650956006192353,14996848355.02374
1360669,1524267,,,3301746,,,G,205.741,-2.27557,594.2919999999998,,0.12651687325799998,-20.5,0.7650960616060991,12473835142.429485
1360670,1524268,,,3301747,,,G,205.74,-2.51779,608.135,,0.129229864615,-19.78,0.7650962991197359,6426877173.17022
1360671,1524269,,,3301749,,,G,205.732,-2.66558,1185.77,,0.235846497923,-21.32,0.7650972801638799,26546055619.75547
1360672,1524270,,,3301750,,,G,205.713,-2.117,657.658,,0.138865509433,-20.21,0.7650976330938586,9549925860.214407
1360673,1524271,,,3301752,,,G,205.709,-2.407,398.107,,0.08707801353900001,-18.9,0.7650977386998481,2857590543.374955
1360674,1524272,,,3301753,,,G,205.721,-2.72394,413.048,,0.0901507350754,-18.98,0.765097852381022,3076096814.740705
1360675,1524273,,,3301754,,,G,205.698,-1.5923200000000002,851.138,,0.175541817771,-20.59,0.7650983532089628,13551894123.510351
1360676,1524274,,,3301755,,,G,205.641,-2.06964,1158.78,,0.231111835556,-21.27,0.7650992900988469,25351286304.979076
1360677,1524275,,,3301756,,,G,205.623,-1.48005,307.61,,0.0681975340988,-18.93,0.7650993986635253,2937649651.9615426
1360678,1524276,,,3301757,,,G,205.62,-2.0235,1241.65,,0.245583572792,-21.45,0.7651005044939889,29922646366.081833
1360679,1524277,,,3301758,,,G,205.607,-1.8914,467.735,,0.101296700648,-19.27,0.7651006529810289,4017908108.4893923
1360680,1524278,,,3301759,,,G,205.603,-2.0402,369.828,,0.08122825061410001,-19.41,0.7651008219039371,4570881896.148752
1360681,1524279,,,3301760,,,G,205.596,-2.4201,1018.59,,0.206169493085,-20.81,0.7651014352259465,16595869074.375563
1360682,1524280,,,3301762,,,G,205.591,-1.6661099999999998,316.228,,0.07001613500810001,-18.94,0.7651015447951613,2964831389.524339
1360683,1524281,,,3301763,,,G,205.58900000000003,-1.89053,701.455,,0.14729932365,-20.08,0.7651018578991137,8472274141.40598
1360684,1524282,,,3301764,,,G,205.58900000000003,-2.54861,572.7959999999998,,0.122286841143,-19.93,0.7651021306012561,7379042301.291045
1360685,1524283,,,3301765,,,G,205.573,-2.15446,564.937,,0.12073494036699997,-20.0,0.7651024214643032,7870457896.951001
1360686,1524284,,,3301766,,,G,205.566,-2.69709,583.445,,0.124384952192,-19.9,0.7651026867345551,7177942912.713644
1360687,1524285,,,3301767,,,G,205.563,-2.7489,494.311,,0.106657373329,-19.8,0.7651029286639002,6546361740.672761
1360688,1524286,,,3301768,,,G,205.553,-1.73456,403.645,,0.0882183141092,-18.94,0.7651030382331149,2964831389.524339
1360689,1524287,,,3301769,,,G,205.523,-2.2054,399.945,,0.0874566437283,-19.04,0.7651031583733701,3250872973.8543468
1360690,1524288,,,3301772,,,G,205.499,-2.6703,567.545,,0.121250280625,-19.9,0.7651034236436219,7177942912.713644
1360691,1524289,,,3301773,,,G,205.47,-1.59501,461.318,,0.0999967999984,-19.42,0.7651035941295545,4613175745.603809
1360692,1524290,,,3301774,,,G,205.473,-1.8423,783.43,,0.162873981437,-20.5,0.7651040551164182,12473835142.429485
1360693,1524291,,,3301775,,,G,205.468,-2.14335,557.186,,0.119201729601,-19.45,0.7651042303787355,4742419852.6024475
1360694,1524292,,,3301777,,,G,205.466,-1.77117,591.562,,0.12598074299,-19.9,0.7651044956489874,7177942912.713644
1360695,1524293,,,3301778,,,G,205.461,-2.1743,701.455,,0.14729932365,-20.15,0.7651048296044485,9036494737.223042
1360696,1524294,,,3301779,,,G,205.458,-2.25033,474.242,,0.102612561306,-19.26,0.7651049767301509,3981071705.534985
1360697,1524295,,,3301780,,,G,205.435,-2.28092,476.431,,0.103054611527,-19.26,0.7651051238558536,3981071705.534985
1360698,1524296,,,3301783,,,G,205.337,-2.12953,1213.39,,0.240670200335,-21.28,0.7651060694146731,25585858869.05653
1360699,1524297,,,3301785,,,G,205.305,-1.81119,990.832,,0.201157840579,-20.72,0.765106633946654,15275660582.380762
1360700,1524298,,,3301787,,,G,205.291,-2.3426,1207.81,,0.23969747984900006,-21.37,0.7651076612259841,27797132677.59294
1360701,1524299,,,3301788,,,G,205.271,-1.7683,783.43,,0.162873981437,-20.66,0.7651081954071232,14454397707.459282
1360702,1524300,,,3301789,,,G,205.269,-1.97547,474.242,,0.102612561306,-19.74,0.7651084243296601,6194410750.767812
1360703,1524301,,,3301790,,,G,205.272,-1.98547,474.242,,0.102612561306,-19.82,0.7651086707568073,6668067692.136246
1360704,1524302,,,3301792,,,G,205.269,-2.3141,1009.25,,0.204485922243,-20.8,0.7651092784558468,16443717232.149357
1360705,1524303,,,3301794,,,G,205.282,-2.61152,805.378,,0.1669992235,-20.83,0.7651099031803634,16904409316.4327
1360706,1524304,,,3301795,,,G,205.266,-1.59037,399.945,,0.0874566437283,-19.89,0.765110166018603,7112135136.533323
1360707,1524305,,,3301797,,,G,205.249,-1.86571,403.645,,0.0882183141092,-19.03,0.7651102850574057,3221068791.283441
1360708,1524306,,,3301801,,,G,205.208,-2.19912,478.63,,0.103498551749,-19.98,0.7651105706116041,7726805850.957022
1360709,1524307,,,3301803,,,G,205.189,-1.6405900000000002,855.067,,0.176271568136,-20.42,0.7651109988529051,11587773561.55131
1360710,1524308,,,3301804,,,G,205.18,-2.2425,515.229,,0.110852125426,-19.42,0.7651111693388377,4613175745.603809
1360711,1524309,,,3301805,,,G,205.162,-1.77092,855.067,,0.176271568136,-20.66,0.7651117035199768,14454397707.459282
1360712,1524310,,,3301806,,,G,205.144,-1.4711,361.41,,0.0794783197392,-18.92,0.7651118110893282,2910717118.06662
1360713,1524311,,,3301807,,,G,205.156,-1.6317,748.17,,0.156207738104,-20.41,0.7651122354044895,11481536214.968842
1360714,1524312,,,3301808,,,G,205.139,-2.6235,794.328,,0.164924632462,-20.32,0.7651126259651978,10568175092.136606
1360715,1524313,,,3301809,,,G,205.123,-2.5632,567.545,,0.121250280625,-19.79,0.7651128656765214,6486344335.482401
1360716,1524314,,,3301810,,,G,205.088,-2.16803,450.817,,0.0978652989326,-19.38,0.7651130299958114,4446312674.691084
1360717,1524315,,,3301812,,,G,205.074,-2.6477,870.9639999999998,,0.17921891960900002,-20.84,0.7651136605008331,17060823890.03121
1360718,1524316,,,3301813,,,G,205.055,-1.44363,476.431,,0.103054611527,-19.68,0.7651138771158444,5861381645.140297
1360719,1524317,,,3301815,,,G,205.07,-2.1957,476.431,,0.103054611527,-19.7,0.7651140977580294,5970352865.838366
1360720,1524318,,,3301816,,,G,205.05900000000003,-2.39197,428.549,,0.09332614666310003,-19.11,0.7651142258991595,3467368504.525324
1360721,1524319,,,3301819,,,G,205.018,-1.48891,361.41,,0.0794783197392,-19.18,0.7651143625739918,3698281797.8026743
1360722,1524320,,,3301820,,,G,205.026,-2.37063,801.678,,0.166305173153,-20.57,0.7651148542607924,13304544179.780985
1360723,1524321,,,3301822,,,G,205.016,-2.31735,396.278,,0.0867008533504,-19.54,0.7651150446702648,5152286445.817583
1360724,1524322,,,3301824,,,G,204.983,-1.7377,411.15,,0.08976118488060003,-18.88,0.7651151483487276,2805433637.9517045
1360725,1524323,,,3301825,,,G,204.982,-2.0776,866.962,,0.17847782923900002,-20.55,0.7651156310612327,13061708881.318405
1360726,1524324,,,3301826,,,G,204.96,-1.42855,672.977,,0.141824620912,-19.85,0.7651158843923566,6854882264.526649
1360727,1524325,,,3301827,,,G,204.96400000000003,-1.7039,843.335,,0.174090507045,-20.44,0.7651163205952578,11803206356.517323
1360728,1524326,,,3301828,,,G,204.968,-2.58435,426.58,,0.0929235764618,-19.21,0.765116461099213,3801893963.205628
1360729,1524327,,,3301829,,,G,204.947,-1.9468,1264.74,,0.249581764791,-21.27,0.7651173979890972,25351286304.979076
1360730,1524328,,,3301830,,,G,204.96,-2.023,399.945,,0.0874566437283,-18.78,0.7651174925449792,2558585886.905653
1360731,1524329,,,3301831,,,G,204.951,-2.1316900000000003,783.43,,0.162873981437,-20.47,0.7651179409686709,12133888504.649809
1360732,1524330,,,3301832,,,G,204.928,-2.18805,474.242,,0.102612561306,-19.38,0.7651181052879609,4446312674.691084
1360733,1524331,,,3301835,,,G,204.923,-2.34333,407.38,,0.0889864944932,-19.0,0.7651182210826257,3133285724.315589
1360734,1524332,,,3301836,,,G,204.903,-1.4995,797.995,,0.165613642807,-21.14,0.7651190522501192,22490546058.357918
1360735,1524333,,,3301838,,,G,204.906,-1.81115,401.791,,0.0878367439184,-19.33,0.7651192091738229,4246195639.4631295
1360736,1524334,,,3301839,,,G,204.898,-2.1554,407.38,,0.0889864944932,-19.13,0.7651193396972744,3531831697.9195704
1360737,1524335,,,3301840,,,G,204.886,-2.0607,411.15,,0.08976118488060003,-18.83,0.7651194387094378,2679168324.819037
1360738,1524336,,,3301841,,,G,204.889,-2.28621,401.791,,0.0878367439184,-19.23,0.7651195818255565,3872576449.216165
1360739,1524337,,,3301842,,,G,204.873,-2.3010200000000003,409.261,,0.08937310468660001,-19.18,0.7651197185003887,3698281797.8026743
1360740,1524338,,,3301845,,,G,204.857,-1.89595,407.38,,0.0889864944932,-19.63,0.7651199253661186,5597576014.951093
1360741,1524339,,,3301846,,,G,204.83900000000003,-2.5402,420.727,,0.09172531586269997,-19.15,0.7651200583161823,3597493351.557431
1360742,1524340,,,3301847,,,G,204.831,-1.7791400000000002,314.775,,0.06970974485489999,-18.75,0.7651201502951541,2488857318.2823954
1360743,1524341,,,3301848,,,G,204.834,-2.1904,396.278,,0.0867008533504,-18.69,0.7651202373290752,2355049283.896009
1360744,1524342,,,3301849,,,G,204.803,-2.26282,480.839,,0.103944381972,-19.19,0.7651203752685442,3732501577.957214
1360745,1524343,,,3301850,,,G,204.789,-1.84751,478.63,,0.103498551749,-20.08,0.7651206883724964,8472274141.40598
1360746,1524344,,,3301851,,,G,204.787,-1.87335,478.63,,0.103498551749,-19.3,0.7651208410195935,4130475019.9016094
1360747,1524345,,,3301852,,,G,204.771,-1.62289,407.38,,0.0889864944932,-19.38,0.7651210053388836,4446312674.691084
1360748,1524346,,,3301853,,,G,204.774,-1.78223,847.227,,0.17481479740699998,-20.78,0.7651216019461654,16143585568.264938
1360749,1524347,,,3301854,,,G,204.746,-1.43954,714.4960000000002,,0.149795174898,-20.18,0.7651219452578223,9289663867.7994
1360750,1524348,,,3301855,,,G,204.729,-1.5667,870.9639999999998,,0.17921891960900002,-20.82,0.7651225642548303,16749428760.26445
1360751,1524349,,,3301856,,,G,204.73,-2.21377,474.242,,0.102612561306,-19.69,0.7651227828741556,5915616341.754743
1360752,1524350,,,3301857,,,G,204.697,-1.75545,403.645,,0.0882183141092,-18.97,0.7651228955130942,3047894989.6279826
1360753,1524351,,,3301859,,,G,204.705,-2.72935,332.66,,0.0734710567355,-18.36,0.7651229597357927,1737800828.7493765
1360754,1524352,,,3301860,,,G,204.685,-1.85905,534.564,,0.114710247355,-20.46,0.7651234040483114,12022644346.17418
1360755,1524353,,,3301861,,,G,204.657,-2.05752,403.645,,0.0882183141092,-19.19,0.7651235419877803,3732501577.957214
1360756,1524354,,,3301862,,,G,204.645,-1.59239,519.996,,0.111805105903,-19.73,0.7651237688115426,6137620051.647945
1360757,1524355,,,3301863,,,G,204.65,-1.6639,859.0139999999999,,0.17700425850200002,-20.95,0.7651244665433955,18879913490.962925
1360758,1524356,,,3301864,,,G,204.649,-2.15771,405.509,,0.0886017743009,-19.27,0.7651246150304354,4017908108.4893923
1360759,1524357,,,3301865,,,G,204.648,-2.25497,1032.76,,0.208718264359,-21.1,0.7651254161337891,21677041048.19705
1360760,1524358,,,3301867,,,G,204.634,-2.23536,474.242,,0.102612561306,-19.4,0.7651255835080027,4528975799.036214
1360761,1524359,,,3301868,,,G,204.586,-1.69792,396.278,,0.0867008533504,-18.91,0.7651256900911524,2884031503.1266
1360762,1524360,,,3301869,,,G,204.596,-1.7056,839.46,,0.173369156685,-20.54,0.7651261683781228,12941958414.499916
1360763,1524361,,,3301871,,,G,204.581,-2.33544,519.996,,0.111805105903,-19.58,0.7651263659333609,5345643593.969735
1360764,1524362,,,3301872,,,G,204.579,-2.5927,657.658,,0.138865509433,-20.03,0.7651266649453142,8090958991.783845
1360765,1524363,,,3301873,,,G,204.547,-2.08411,522.396,,0.112284326142,-19.79,0.7651269046566377,6486344335.482401
1360766,1524364,,,3301874,,,G,204.554,-2.32932,801.678,,0.166305173153,-20.87,0.765127552826076,17538805018.417603
1360767,1524365,,,3301875,,,G,204.534,-2.2351,801.678,,0.166305173153,-20.71,0.7651281121823965,15135612484.362131
1360768,1524366,,,3301876,,,G,204.538,-2.2901,314.775,,0.06970974485489999,-18.19,0.7651281670970883,1485935642.287009
1360769,1524367,,,3301877,,,G,204.537,-2.65052,519.996,,0.111805105903,-19.69,0.7651283857164136,5915616341.754743
1360770,1524368,,,3301878,,,G,204.519,-2.1628,790.679,,0.164238562119,-20.39,0.7651288022869502,11271974561.75514
1360771,1524369,,,3301879,,,G,204.524,-2.4045,1051.96,,0.212161426081,-20.87,0.7651294504563885,17538805018.417603
1360772,1524370,,,3301881,,,G,204.492,-1.61236,820.352,,0.16980335490200002,-20.55,0.7651299331688936,13061708881.318405
1360773,1524371,,,3301883,,,G,204.508,-1.9238,295.121,,0.0655542627771,-18.16,0.7651299865870075,1445439770.7459278
1360774,1524372,,,3301884,,,G,204.476,-1.56427,389.045,,0.08520817260410002,-19.79,0.7651302262983308,6486344335.482401
1360775,1524373,,,3301885,,,G,204.49,-2.5519,465.586,,0.100861580431,-19.32,0.7651303817833497,4207266283.8444633
1360776,1524374,,,3301886,,,G,204.467,-1.47533,812.831,,0.16839593419799995,-20.54,0.7651308600703199,12941958414.499916
1360777,1524375,,,3301887,,,G,204.454,-2.42652,809.096,,0.167696213848,-20.31,0.7651312470503463,10471285480.508986
1360778,1524376,,,3301888,,,G,204.421,-2.14519,314.775,,0.06970974485489999,-18.73,0.7651313373505125,2443430552.693971
1360779,1524377,,,3301890,,,G,204.419,-2.49915,480.839,,0.103944381972,-19.25,0.7651314831273585,3944573020.752801
1360780,1524378,,,3301891,,,G,204.41,-1.41966,390.841,,0.08557924278960001,-19.52,0.7651316700614664,5058246620.031148
1360781,1524379,,,3301894,,,G,204.403,-2.5117,1061.7,,0.213903796952,-21.0,0.7651324006764083,19769696401.11866
1360782,1524380,,,3301895,,,G,204.391,-2.4756,465.586,,0.100861580431,-19.35,0.7651325605175415,4325138310.350115
1360783,1524381,,,3301896,,,G,204.374,-2.48271,809.096,,0.167696213848,-20.72,0.7651331250495225,15275660582.380762
1360784,1524382,,,3301897,,,G,204.355,-2.4948,478.63,,0.103498551749,-19.44,0.7651332987050253,4698941086.05216
1360785,1524383,,,3301898,,,G,204.341,-2.4199,2754.23,,0.484226852113,-22.98,0.7651378244340764,122461619926.50516
1360786,1524384,,,3301901,,,G,204.276,-1.87406,831.7639999999999,,0.171934645967,-20.47,0.7651382728577681,12133888504.649809
1360787,1524385,,,3301902,,,G,204.288,-2.05073,851.138,,0.175541817771,-20.76,0.7651388585757398,15848931924.611176
1360788,1524386,,,3301903,,,G,204.284,-2.4032,1013.91,,0.205326132663,-20.85,0.7651394949147524,17218685749.86016
1360789,1524387,,,3301904,,,G,204.278,-2.4452700000000003,1056.82,,0.213031246516,-20.87,0.7651401430841908,17538805018.417603
1360790,1524388,,,3301906,,,G,204.265,-2.14272,679.204,,0.143024771512,-20.11,0.7651404649601568,8709635899.560833
1360791,1524389,,,3301907,,,G,204.273,-2.2047,1004.62,,0.203650331825,-20.99,0.7651411888767807,19588446735.05989
1360792,1524390,,,3301908,,,G,204.248,-1.86004,688.6519999999998,,0.144842322421,-20.62,0.7651417037360663,13931568029.453035
1360793,1524391,,,3301909,,,G,204.231,-1.92418,843.335,,0.174090507045,-20.6,0.7651422091981109,13677288255.958578
1360794,1524392,,,3301910,,,G,204.187,-2.3637,657.658,,0.138865509433,-20.21,0.7651425621280896,9549925860.214407
1360795,1524393,,,3301911,,,G,204.201,-2.37054,1037.53,,0.209574644787,-20.81,0.7651431754500989,16595869074.375563
1360796,1524394,,,3301912,,,G,204.166,-2.25743,1013.91,,0.205326132663,-20.85,0.7651438117891116,17218685749.86016
1360797,1524395,,,3301913,,,G,204.17,-2.67388,891.2510000000002,,0.182967001484,-20.51,0.7651442770414341,12589254117.941713
1360799,1524397,,,3301917,,,G,204.064,-2.54506,512.861,,0.110378365189,-19.46,0.7651447848191728,4786300923.226399
1360800,1524398,,,3301918,,,G,204.062,-2.5915,801.678,,0.166305173153,-21.05,0.7651455498669361,20701413487.910458
1360801,1524399,,,3301919,,,G,204.051,-1.47621,532.1080000000002,,0.114221157111,-19.44,0.7651457235224389,4698941086.05216
1360802,1524400,,,3301921,,,G,204.056,-2.0647900000000003,827.942,,0.17122127561099998,-20.82,0.7651463425194469,16749428760.26445
1360803,1524401,,,3301923,,,G,204.051,-2.7509200000000003,859.0139999999999,,0.17700425850200002,-20.56,0.7651468296984358,13182567385.564049
1360804,1524402,,,3301926,,,G,204.01,-2.546,485.289,,0.104841502421,-19.38,0.7651469940177259,4446312674.691084
1360805,1524403,,,3301927,,,G,204.0,-2.18438,835.6030000000002,,0.172650326325,-20.55,0.7651474767302311,13061708881.318405
1360806,1524404,,,3301928,,,G,203.997,-2.48158,307.61,,0.0681975340988,-18.71,0.7651475653822335,2398832919.019495
1360807,1524405,,,3301933,,,G,203.926,-1.69005,835.6030000000002,,0.172650326325,-20.44,0.7651480015851347,11803206356.517323
1360808,1524406,,,3301935,,,G,203.921,-2.37678,1306.17,,0.25671945836,-21.78,0.7651495001948709,40550853544.8386
1360809,1524407,,,3301936,,,G,203.921,-2.5937,1056.82,,0.213031246516,-21.18,0.7651503625547637,23334580622.810143
1360810,1524408,,,3301937,,,G,203.908,-1.6554,542.001,,0.116189488095,-19.59,0.765150561937958,5395106225.151268
1360811,1524409,,,3301938,,,G,203.906,-2.21731,363.078,,0.0798254499127,-18.69,0.7651506489718791,2355049283.896009
1360812,1524410,,,3301939,,,G,203.881,-1.91431,741.31,,0.154905107453,-20.37,0.7651510579391466,11066237839.776676
1360813,1524411,,,3301940,,,G,203.877,-1.96256,399.945,,0.0874566437283,-19.27,0.7651512064261865,4017908108.4893923
1360814,1524412,,,3301942,,,G,203.881,-2.4764,660.693,,0.139452669726,-19.87,0.7651514644670876,6982324040.771733
1360815,1524413,,,3301943,,,G,203.862,-1.59178,380.189,,0.0833767616884,-19.06,0.7651515868409169,3311311214.8259077
1360816,1524414,,,3301945,,,G,203.851,-1.5227,394.457,,0.08632537316269999,-18.77,0.7651516805299053,2535128630.497907
1360817,1524415,,,3301946,,,G,203.835,-1.43993,385.478,,0.08447107223549999,-18.99,0.7651517952629583,3104559588.128349
1360818,1524416,,,3301947,,,G,203.825,-1.70691,831.7639999999999,,0.171934645967,-20.87,0.7651524434323965,17538805018.417603
1360819,1524417,,,3301949,,,G,203.807,-1.50214,831.7639999999999,,0.171934645967,-20.63,0.7651529630556164,14060475241.29913
1360820,1524418,,,3301950,,,G,203.815,-1.61187,380.189,,0.0833767616884,-19.06,0.7651530854294457,3311311214.8259077
1360821,1524419,,,3301951,,,G,203.816,-2.5825,839.46,,0.173369156685,-20.69,0.7651536345763629,14859356422.87009
1360822,1524420,,,3301952,,,G,203.802,-1.98645,409.261,,0.08937310468660001,-19.08,0.7651537592252915,3372873086.588692
1360823,1524421,,,3301953,,,G,203.799,-2.418,424.62,,0.0925224762612,-19.22,0.7651539010293138,3837072454.9228
1360824,1524422,,,3301954,,,G,203.801,-2.49474,420.727,,0.09172531586269997,-19.12,0.7651540303561192,3499451670.2835765
1360825,1524423,,,3301955,,,G,203.784,-2.67172,492.04,,0.1062006231,-19.4,0.7651541977303331,4528975799.036214
1360826,1524424,,,3301956,,,G,203.76,-1.73148,409.261,,0.08937310468660001,-19.4,0.7651543651045467,4528975799.036214
1360827,1524425,,,3301958,,,G,203.74,-1.73763,616.595,,0.130883615442,-20.51,0.7651548303568692,12589254117.941713
1360828,1524426,,,3301959,,,G,203.746,-2.63931,492.04,,0.1062006231,-19.84,0.7651550813654394,6792036326.171857
1360829,1524427,,,3301960,,,G,203.728,-1.44994,389.045,,0.08520817260410002,-19.46,0.7651552582494391,4786300923.226399
1360830,1524428,,,3301961,,,G,203.719,-1.68325,510.505,,0.109906704953,-19.96,0.7651555385916861,7585775750.291882
1360831,1524429,,,3301964,,,G,203.68400000000003,-1.55358,389.045,,0.08520817260410002,-19.18,0.7651556752665183,3698281797.8026743
1360832,1524430,,,3301966,,,G,203.685,-1.6083,794.328,,0.164924632462,-20.48,0.7651561278394233,12246161992.650517
1360833,1524431,,,3301968,,,G,203.645,-1.86635,676.0830000000002,,0.14242354121200002,-20.1,0.7651564467644127,8629785477.669737
1360834,1524432,,,3301969,,,G,203.643,-2.16479,414.954,,0.090541965271,-19.23,0.7651565898805314,3872576449.216165
1360835,1524433,,,3301971,,,G,203.641,-2.3415,685.488,,0.144233952117,-20.09,0.7651569058815989,8550667128.846841
1360836,1524434,,,3301972,,,G,203.63,-2.59809,485.289,,0.104841502421,-19.82,0.7651571523087464,6668067692.136246
1360837,1524435,,,3301974,,,G,203.606,-2.51484,824.138,,0.170510845255,-20.31,0.7651575392887726,10471285480.508986
1360838,1524436,,,3301975,,,G,203.576,-2.1773,416.869,,0.0909346654673,-18.87,0.7651576420167057,2779713267.759294
1360839,1524437,,,3301976,,,G,203.577,-2.5385,995.405,,0.201985240993,-21.25,0.7651585618064224,24888573182.82396
1360840,1524438,,,3301977,,,G,203.556,-1.5231,334.195,,0.0737929868965,-18.54,0.7651586376097987,2051162178.8255708
1360841,1524439,,,3301978,,,G,203.569,-1.62324,341.9790000000001,,0.0754236377118,-19.08,0.7651587622587274,3372873086.588692
1360842,1524440,,,3301979,,,G,203.568,-2.64936,469.894,,0.101733500867,-19.45,0.7651589375210447,4742419852.6024475
1360843,1524441,,,3301980,,,G,203.546,-1.4264,1202.26,,0.238728959364,-21.21,0.7651598240410693,23988329190.195045
1360844,1524442,,,3301982,,,G,203.549,-1.5289,510.505,,0.109906704953,-19.9,0.7651600893113212,7177942912.713644
1360845,1524443,,,3301983,,,G,203.549,-1.8379,1032.76,,0.208718264359,-20.83,0.765160714035838,16904409316.4327
1360846,1524444,,,3301984,,,G,203.543,-1.97075,310.456,,0.06879855439930001,-19.0,0.7651608298305027,3133285724.315589
1360847,1524445,,,3301987,,,G,203.478,-2.2363,416.869,,0.0909346654673,-20.1,0.7651611487554921,8629785477.669737
1360848,1524446,,,3301988,,,G,203.476,-2.09036,847.227,,0.17481479740699998,-20.57,0.7651616404422927,13304544179.780985
1360849,1524447,,,3301989,,,G,203.449,-1.84093,413.048,,0.0901507350754,-19.42,0.7651618109282253,4613175745.603809
1360850,1524448,,,3301991,,,G,203.448,-2.48454,494.311,,0.106657373329,-19.43,0.7651619829916451,4655860935.229601
1360851,1524449,,,3301993,,,G,203.427,-2.07162,685.488,,0.144233952117,-20.31,0.7651623699716712,10471285480.508986
1360852,1524450,,,3301994,,,G,203.435,-2.44787,498.884,,0.107576333788,-19.72,0.7651625947159008,6081350012.7871895
1360853,1524451,,,3301995,,,G,203.43,-2.64632,492.04,,0.1062006231,-19.41,0.765162763638809,4570881896.148752
1360854,1524452,,,3301997,,,G,203.39,-2.36269,492.04,,0.1062006231,-19.96,0.765163043981056,7585775750.291882
1360855,1524453,,,3301998,,,G,203.401,-2.7467,338.844,,0.07476738738369999,-18.58,0.7651631226292128,2128139045.9827175
1360856,1524454,,,3302000,,,G,203.326,-2.73426,343.55800000000005,,0.0757537578769,-19.19,0.7651632605686818,3732501577.957214
1360857,1524455,,,3302001,,,G,203.31,-2.6143400000000003,843.335,,0.174090507045,-20.84,0.7651638910737034,17060823890.03121
1360858,1524456,,,3302002,,,G,203.288,-2.43093,1158.78,,0.231111835556,-21.17,0.765164745527433,23120647901.75608
1360859,1524457,,,3302003,,,G,203.273,-2.4416,461.318,,0.0999967999984,-19.24,0.7651648899677889,3908408957.9240093
1360860,1524458,,,3302004,,,G,203.269,-2.51937,835.6030000000002,,0.172650326325,-20.83,0.7651655146923055,16904409316.4327
1360861,1524459,,,3302006,,,G,203.25,-2.5023,831.7639999999999,,0.171934645967,-20.58,0.7651660109286282,13427649611.378641
1360862,1524460,,,3302007,,,G,203.225,-2.1515,843.335,,0.174090507045,-20.86,0.7651666531556134,17378008287.49384
1360863,1524461,,,3302008,,,G,203.232,-2.15228,1164.13,,0.232052006026,-21.11,0.7651674616714851,21877616239.49561
1360864,1524462,,,3302009,,,G,203.216,-2.36059,843.335,,0.174090507045,-20.78,0.7651680582787669,16143585568.264938
1360865,1524463,,,3302011,,,G,203.198,-1.7955,409.261,,0.08937310468660001,-19.18,0.7651681949535991,3698281797.8026743
1360866,1524464,,,3302013,,,G,203.192,-2.1673,337.287,,0.07444125722060001,-18.44,0.7651682640871,1870682140.3658016
1360867,1524465,,,3302014,,,G,203.171,-1.398,392.645,,0.0859515729758,-18.75,0.7651683560660717,2488857318.2823954
1360868,1524466,,,3302015,,,G,203.175,-2.06871,487.528,,0.105292582646,-19.55,0.7651685482373812,5199959965.335173
1360869,1524467,,,3302016,,,G,203.173,-2.15265,1164.13,,0.232052006026,-21.2,0.7651694266297414,23768402866.24873
1360870,1524468,,,3302017,,,G,203.171,-2.25317,469.894,,0.101733500867,-19.91,0.7651696943545088,7244359600.74989
1360871,1524469,,,3302020,,,G,203.157,-2.10236,474.242,,0.102612561306,-19.23,0.7651698374706274,3872576449.216165
1360872,1524470,,,3302021,,,G,203.144,-1.60898,392.645,,0.0859515729758,-19.11,0.7651699656117575,3467368504.525324
1360873,1524471,,,3302022,,,G,203.149,-2.1215,399.945,,0.0874566437283,-19.31,0.7651701196712809,4168693834.7033467
1361699,1525297,,,3303182,,,G,209.99400000000003,-0.19184,776.247,,0.16151990076,-20.39,0.7654349304555458,11271974561.75514
1361703,1525301,,,3303186,,,G,209.989,-0.8206,737.904,,0.154257677129,-20.33,0.7654375307718394,10665961212.302591
1361704,1525302,,,3303187,,,G,209.985,-0.77066,474.242,,0.102612561306,-19.19,0.7654376687113084,3732501577.957214
1361705,1525303,,,3303188,,,G,209.982,-0.03626,776.247,,0.16151990076,-20.09,0.7654379847123759,8550667128.846841
1361706,1525304,,,3303190,,,G,209.984,-1.5199200000000002,809.096,,0.167696213848,-20.11,0.7654383065883419,8709635899.560833
1361707,1525305,,,3303191,,,G,209.983,-1.1431,783.43,,0.162873981437,-19.95,0.7654385843603956,7516228940.182045
1361708,1525306,,,3303194,,,G,209.979,-1.4369999999999998,701.455,,0.14729932365,-19.97,0.7654388672966174,7655966069.112569
1361709,1525307,,,3303196,,,G,209.977,-1.6529900000000002,741.31,,0.154905107453,-20.84,0.765439497801639,17060823890.03121
1361713,1525311,,,3303200,,,G,209.973,-1.71602,688.6519999999998,,0.144842322421,-20.5,0.7654411979469875,12473835142.429485
1361714,1525312,,,3303201,,,G,209.972,-1.1767299999999998,787.046,,0.163555011778,-20.57,0.7654416896337882,13304544179.780985
1361717,1525315,,,3303207,,,G,209.974,-2.61328,331.131,,0.0731503865752,-18.38,0.7654426519358997,1770108958.3174183
1361719,1525317,,,3303211,,,G,209.961,-1.5222,695.0239999999999,,0.146065993033,-19.86,0.7654434417922066,6918309709.18939
1361720,1525318,,,3303212,,,G,209.962,-2.1148,401.791,,0.0878367439184,-19.0,0.7654435575868713,3133285724.315589
1361723,1525321,,,3303217,,,G,209.947,-1.1239,787.046,,0.163555011778,-20.28,0.7654442921723856,10185913880.541231
1361726,1525324,,,3303220,,,G,209.945,-1.70721,695.0239999999999,,0.146065993033,-19.99,0.7654453805317208,7798301105.232576
1361727,1525325,,,3303221,,,G,209.942,-0.6354,879.023,,0.180709710355,-20.2,0.7654457302260179,9462371613.657913
1361730,1525328,,,3303227,,,G,209.93,-2.73145,605.341,,0.128682814341,-19.89,0.7654469917228494,7112135136.533323
1361737,1525335,,,3303234,,,G,209.905,-1.1552,679.204,,0.143024771512,-19.62,0.7654494567648603,5546257129.579103
1361738,1525336,,,3303235,,,G,209.906,-1.91568,334.195,,0.0737929868965,-19.24,0.7654496012052161,3908408957.9240093
1361739,1525337,,,3303239,,,G,209.897,-1.6098,685.488,,0.144233952117,-19.84,0.7654498522137863,6792036326.171857
1361740,1525338,,,3303240,,,G,209.891,-1.3752,524.807,,0.112765646383,-19.18,0.7654499888886186,3698281797.8026743
1361742,1525340,,,3303242,,,G,209.883,-0.66299,748.17,,0.156207738104,-20.31,0.7654507736904189,10471285480.508986
1361744,1525342,,,3303244,,,G,209.883,-1.96711,524.807,,0.112765646383,-19.33,0.7654510099900022,4246195639.4631295
1361746,1525344,,,3303246,,,G,209.882,-1.9249,337.287,,0.07444125722060001,-18.12,0.7654512554253796,1393156802.9453034
1361747,1525345,,,3303247,,,G,209.883,-2.28767,428.549,,0.09332614666310003,-19.28,0.7654514052863534,4055085354.48386
1361749,1525347,,,3303251,,,G,209.876,-2.45075,1071.52,,0.215657507829,-20.8,0.7654521834713253,16443717232.149357
1361753,1525351,,,3303257,,,G,209.859,-0.6832699999999999,903.649,,0.185250332625,-20.43,0.7654544291290674,11694993910.198748
1361754,1525352,,,3303259,,,G,209.857,-0.4910600000000001,755.092,,0.15752023876,-20.45,0.7654548693681044,11912420080.273762
1361756,1525354,,,3303262,,,G,209.844,-0.20997,363.078,,0.0798254499127,-18.95,0.7654552309597209,2992264636.608183
1361760,1525358,,,3303267,,,G,209.838,-1.40392,787.046,,0.163555011778,-20.54,0.7654569496218617,12941958414.499916
1361762,1525360,,,3303270,,,G,209.827,-1.7291900000000002,366.4380000000001,,0.08052412026210001,-19.35,0.7654572799489275,4325138310.350115
1361765,1525363,,,3303273,,,G,209.825,-2.71734,332.66,,0.0734710567355,-18.8,0.7654577458813924,2606153549.9988976
1361766,1525364,,,3303274,,,G,209.823,-2.0273,401.791,,0.0878367439184,-18.8,0.7654578421951993,2606153549.9988976
1361771,1525369,,,3303280,,,G,209.805,-1.47054,309.03,,0.0684974142487,-18.97,0.7654595136365053,3047894989.6279826
1361772,1525370,,,3303281,,,G,209.804,-2.64508,570.164,,0.121767510884,-20.01,0.7654598071908754,7943282347.242822
1361774,1525372,,,3303285,,,G,209.795,-1.47824,1042.32,,0.210434175217,-21.09,0.7654609538796479,21478304741.30537
1361776,1525374,,,3303288,,,G,209.79,-1.31122,907.821,,0.186017673009,-20.43,0.7654615318602629,11694993910.198748
1361777,1525375,,,3303293,,,G,209.777,-1.16042,734.5139999999999,,0.153612766806,-20.06,0.7654618392494241,8317637711.02671
1361781,1525379,,,3303299,,,G,209.758,-2.452,529.663,,0.113733956867,-19.26,0.7654627359225009,3981071705.534985
1361785,1525383,,,3303305,,,G,209.754,-1.7971400000000002,920.45,,0.188336074168,-20.81,0.7654641618197761,16595869074.375563
1361788,1525386,,,3303308,,,G,209.738,-1.84166,682.3389999999998,,0.143628101814,-20.55,0.7654655134988366,13061708881.318405
1361789,1525387,,,3303309,,,G,209.733,-0.0505,1051.96,,0.212161426081,-20.77,0.7654661046363901,15995580286.146713
1361793,1525391,,,3303314,,,G,209.73,-2.32503,701.455,,0.14729932365,-20.13,0.7654675630464002,8871560120.37962
1361795,1525393,,,3303316,,,G,209.727,-2.1032,476.431,,0.103054611527,-19.18,0.7654677987333958,3698281797.8026743
1361797,1525395,,,3303319,,,G,209.72,-1.1675,610.942,,0.129778804889,-19.41,0.7654680523183091,4570881896.148752
1361800,1525398,,,3303322,,,G,209.711,-1.51169,688.6519999999998,,0.144842322421,-19.95,0.7654692530419048,7516228940.182045
1361802,1525400,,,3303475,,,G,209.403,-1.7117,679.204,,0.143024771512,-19.64,0.7654696744830816,5649369748.123057
1361803,1525401,,,3303324,,,G,209.706,-0.36058,707.946,,0.148542524271,-19.95,0.7654699522551353,7516228940.182045
1361804,1525402,,,3303325,,,G,209.707,-0.49343,494.311,,0.106657373329,-20.1,0.7654702711801246,8629785477.669737
1361806,1525404,,,3303327,,,G,209.704,-2.10534,476.431,,0.103054611527,-19.05,0.7654704560659251,3280952931.131191
1361807,1525405,,,3303329,,,G,209.694,-0.68033,485.289,,0.104841502421,-19.34,0.7654706144416259,4285485203.9743924
1361808,1525406,,,3303330,,,G,209.694,-1.11396,916.22,,0.18756012378,-20.31,0.7654710014216523,10471285480.508986
1361810,1525408,,,3303332,,,G,209.691,-0.2232,812.831,,0.16839593419799995,-20.32,0.7654716646845029,10568175092.136606
1361811,1525409,,,3303333,,,G,209.694,-2.66027,660.693,,0.139452669726,-19.83,0.7654719133918128,6729766562.843196
1361815,1525413,,,3303339,,,G,209.676,-0.29281,899.498,,0.184486562243,-20.51,0.7654737784024019,12589254117.941713
1361816,1525414,,,3303340,,,G,209.677,-2.65191,843.335,,0.174090507045,-20.6,0.7654742838644466,13677288255.958578
1361817,1525415,,,3303341,,,G,209.671,-2.11863,959.401,,0.195452557726,-20.63,0.7654748034876665,14060475241.29913
1361821,1525419,,,3303345,,,G,209.657,-2.1311,472.0630000000001,,0.102172191086,-18.83,0.7654765177928564,2679168324.819037
1361824,1525422,,,3303348,,,G,209.646,-0.3561,755.092,,0.15752023876,-19.91,0.7654778570484713,7244359600.74989
1361826,1525424,,,3303350,,,G,209.646,-1.72078,682.3389999999998,,0.143628101814,-20.38,0.7654786068453792,11168632477.805613
1361831,1525429,,,3303356,,,G,209.621,-1.19324,602.56,,0.128138284069,-19.85,0.7654797469058325,6854882264.526649
1361835,1525433,,,3303361,,,G,209.617,-1.61393,599.7909999999998,,0.12759564379799998,-20.04,0.765481983014339,8165823713.585939
1361845,1525443,,,3303371,,,G,209.592,-2.0921,954.993,,0.194649727325,-20.88,0.7654866249678955,17701089583.174183
1361846,1525444,,,3303372,,,G,209.59,-1.02051,887.1560000000002,,0.182211631106,-20.5,0.7654870859547592,12473835142.429485
1361847,1525445,,,3303373,,,G,209.59,-1.31253,691.831,,0.145453002727,-19.75,0.7654873169954901,6251726927.756875
1361848,1525446,,,3303374,,,G,209.588,-1.2028,937.562,,0.191468855734,-21.13,0.7654881405427941,22284351492.702984
1361849,1525447,,,3303375,,,G,209.587,-2.0887,959.401,,0.195452557726,-20.46,0.7654885848553128,12022644346.17418
1361850,1525448,,,3303376,,,G,209.584,-2.36147,1056.82,,0.213031246516,-20.72,0.7654891493872937,15275660582.380762
1361853,1525451,,,3303380,,,G,209.567,-0.2806,314.775,,0.06970974485489999,-18.13,0.7654898487521392,1406047524.1299126
1361855,1525453,,,3303383,,,G,209.562,-1.9065,787.046,,0.163555011778,-20.15,0.7654905228717571,9036494737.223042
1361856,1525454,,,3303384,,,G,209.558,-2.6813,559.758,,0.119710769855,-19.87,0.765490780912658,6982324040.771733
1361857,1525455,,,3303385,,,G,209.556,-2.1354,744.732,,0.155555057778,-20.42,0.7654912091539592,11587773561.55131
1361860,1525458,,,3303389,,,G,209.548,-1.55152,599.7909999999998,,0.12759564379799998,-19.51,0.7654921235746822,5011872336.272736
1361861,1525459,,,3303390,,,G,209.546,-2.4101,1142.88,,0.22831274415600006,-20.72,0.7654926881066632,15275660582.380762
1361862,1525460,,,3303391,,,G,209.543,-1.27264,422.669,,0.0921230560615,-19.67,0.7654929027357361,5807644175.2131605
1361864,1525462,,,3303394,,,G,209.538,-1.86154,529.663,,0.113733956867,-19.58,0.7654935324947434,5345643593.969735
1361867,1525465,,,3303397,,,G,209.531,-2.10397,602.56,,0.128138284069,-19.86,0.7654944399327062,6918309709.18939
1361869,1525467,,,3303399,,,G,209.528,-1.321,329.61,,0.0728309764155,-18.02,0.7654951656051537,1270574105.2085392
1361870,1525468,,,3303400,,,G,209.526,-1.3846,937.562,,0.191468855734,-20.35,0.7654955671079274,10864256236.170687
1361872,1525470,,,3303402,,,G,209.524,-1.7495,478.63,,0.103498551749,-19.18,0.7654958367328234,3698281797.8026743
1361873,1525471,,,3303403,,,G,209.519,-1.2808,688.6519999999998,,0.144842322421,-20.11,0.7654961586087895,8709635899.560833
1361875,1525473,,,3303405,,,G,209.513,-0.44382,394.457,,0.08632537316269999,-19.46,0.7654966345047423,4786300923.226399
1361876,1525474,,,3303406,,,G,209.517,-1.96776,599.7909999999998,,0.12759564379799998,-19.78,0.7654968720183791,6426877173.17022
1361879,1525477,,,3303409,,,G,209.513,-1.2795,685.488,,0.144233952117,-20.12,0.765497646389779,8790225168.308859
1361882,1525480,,,3303412,,,G,209.501,-2.45386,359.749,,0.0791326595663,-18.54,0.7654991838656705,2051162178.8255708
1361883,1525481,,,3303413,,,G,209.498,-1.3908200000000002,329.61,,0.0728309764155,-19.45,0.7654993591279878,4742419852.6024475
1361888,1525486,,,3303419,,,G,209.486,-2.62806,529.663,,0.113733956867,-19.33,0.7655011680589778,4246195639.4631295
1361889,1525487,,,3303420,,,G,209.484,-2.02,403.645,,0.0882183141092,-19.16,0.7655013022392133,3630780547.7010174
1361890,1525488,,,3303421,,,G,209.484,-2.2033400000000003,527.23,,0.113248856624,-20.09,0.7655016182402808,8550667128.846841
1361891,1525489,,,3303422,,,G,209.479,-0.96723,325.087,,0.07188072594039999,-18.31,0.7655016795724818,1659586907.4375565
1361893,1525491,,,3303424,,,G,209.48,-2.0042,602.56,,0.128138284069,-19.79,0.7655021079475933,6486344335.482401
1361897,1525495,,,3303428,,,G,209.472,-0.89892,851.138,,0.175541817771,-20.76,0.7655037242974857,15848931924.611176
1361899,1525497,,,3303431,,,G,209.46400000000003,-1.98719,924.698,,0.189114754557,-20.7,0.7655046950961333,14996848355.02374
1361900,1525498,,,3303432,,,G,209.46400000000003,-2.5764400000000003,695.0239999999999,,0.146065993033,-20.07,0.7655050053295314,8394599865.193998
1361902,1525500,,,3303435,,,G,209.448,-0.7689699999999999,907.821,,0.186017673009,-20.14,0.765505661077518,8953647655.495974
1361903,1525501,,,3303436,,,G,209.447,-0.8857,937.562,,0.191468855734,-20.43,0.7655060932812872,11694993910.198748
1361904,1525502,,,3303437,,,G,209.446,-0.46842,941.89,,0.19225971613,-20.71,0.7655066526376076,15135612484.362131
1361905,1525503,,,3303438,,,G,209.446,-0.78176,812.831,,0.16839593419799995,-20.6,0.7655071580996523,13677288255.958578
1361906,1525504,,,3303439,,,G,209.445,-0.6026,731.1389999999999,,0.152970166485,-19.89,0.7655074209378919,7112135136.533323
1361907,1525505,,,3303440,,,G,209.446,-1.5807,946.237,,0.193053306527,-20.65,0.7655079502216288,14321878992.735456
1361908,1525506,,,3303441,,,G,209.444,-1.0197,907.821,,0.186017673009,-20.25,0.7655083163965103,9908319448.927729
1361909,1525507,,,3303444,,,G,209.444,-1.7431,928.966,,0.189896374948,-20.43,0.7655087486002794,11694993910.198748
1361915,1525513,,,3303452,,,G,209.428,-0.88597,941.89,,0.19225971613,-20.75,0.7655125703396524,15703628043.33558
1361916,1525514,,,3303453,,,G,209.428,-1.7639,527.23,,0.113248856624,-19.15,0.7655127032897161,3597493351.557431
1361918,1525516,,,3303456,,,G,209.423,-0.35626,937.562,,0.191468855734,-21.06,0.7655141796042654,20892961308.54041
1361919,1525517,,,3303457,,,G,209.423,-1.5930000000000002,941.89,,0.19225971613,-20.29,0.7655145595211101,10280162981.264746
1361920,1525518,,,3303459,,,G,209.421,-1.5845,691.831,,0.145453002727,-19.7,0.7655147801632951,5970352865.838366
1361930,1525528,,,3303472,,,G,209.406,-1.69352,928.966,,0.189896374948,-20.77,0.7655181428614938,15995580286.146713
1361931,1525529,,,3303477,,,G,209.403,-1.80035,928.966,,0.189896374948,-20.81,0.7655187561835032,16595869074.375563
1361933,1525531,,,3303480,,,G,209.391,-1.55522,691.831,,0.145453002727,-19.96,0.7655194569507665,7585775750.291882
1361934,1525532,,,3303481,,,G,209.386,-1.2681,685.488,,0.144233952117,-20.08,0.7655197700547188,8472274141.40598
1361935,1525533,,,3303482,,,G,209.384,-1.1825,1288.25,,0.253637706819,-20.99,0.7655204939713428,19588446735.05989
1361938,1525536,,,3303486,,,G,209.366,-1.72112,946.237,,0.193053306527,-20.42,0.7655220543868929,11587773561.55131
1361939,1525537,,,3303487,,,G,209.363,-1.7725400000000002,933.254,,0.190681145341,-20.54,0.7655225326738633,12941958414.499916
1361942,1525540,,,3303490,,,G,209.356,-1.54713,685.488,,0.144233952117,-20.4,0.7655232590837024,11376272858.234331
1361943,1525541,,,3303491,,,G,209.346,-0.08267999999999999,407.38,,0.0889864944932,-18.55,0.7655233355884787,2070141348.7910454
1361944,1525542,,,3303492,,,G,209.341,-1.58201,685.488,,0.144233952117,-20.05,0.7655236401594792,8241381150.13003
1361945,1525543,,,3303493,,,G,209.337,-0.17951,663.743,,0.140042140021,-20.1,0.7655239590844686,8629785477.669737
1361946,1525544,,,3303494,,,G,209.333,-1.46705,691.831,,0.145453002727,-20.35,0.7655243605872422,10864256236.170687
1361947,1525545,,,3303495,,,G,209.331,-0.4248,682.3389999999998,,0.143628101814,-20.36,0.7655247658050752,10964781961.431871
1361950,1525548,,,3303499,,,G,209.329,-1.8672,1037.53,,0.209574644787,-20.74,0.765526038390907,15559656316.05075
1361951,1525549,,,3303500,,,G,209.325,-0.01454,1023.29,,0.207015583508,-20.8,0.7655266460899464,16443717232.149357
1361953,1525551,,,3303503,,,G,209.321,-0.29427,676.0830000000002,,0.14242354121200002,-19.85,0.7655272459093507,6854882264.526649
1361954,1525552,,,3303504,,,G,209.318,-1.90179,695.0239999999999,,0.146065993033,-20.04,0.7655275476880273,8165823713.585939
1361955,1525553,,,3303505,,,G,209.319,-2.5523,334.195,,0.0737929868965,-18.33,0.765527610160479,1690440931.643263
1361957,1525555,,,3303507,,,G,209.314,-1.49791,554.626,,0.118694579347,-19.6,0.7655280840906857,5445026528.424242
1361958,1525556,,,3303508,,,G,209.30900000000003,-0.2907,937.562,,0.191468855734,-20.52,0.765528553647935,12705741052.085394
1361959,1525557,,,3303509,,,G,209.31,-1.78623,920.45,,0.188336074168,-21.05,0.7655293186956984,20701413487.910458
1361962,1525560,,,3303512,,,G,209.306,-1.5703,691.831,,0.145453002727,-19.94,0.7655303118704131,7447319739.059889
1361963,1525561,,,3303513,,,G,209.306,-2.2880000000000003,682.3389999999998,,0.143628101814,-20.08,0.7655306249743653,8472274141.40598
1361965,1525563,,,3303517,,,G,209.29,-0.6293,751.623,,0.156862728431,-20.18,0.7655311993267532,9289663867.7994
1361966,1525564,,,3303518,,,G,209.289,-1.1808,981.748,,0.199512279756,-20.81,0.7655318126487625,16595869074.375563
1361967,1525565,,,3303519,,,G,209.281,-0.8065899999999999,483.059,,0.104392102196,-19.19,0.7655319505882314,3732501577.957214
1361969,1525567,,,3303521,,,G,209.276,-1.35565,679.204,,0.143024771512,-19.68,0.7655323961257795,5861381645.140297
1361970,1525568,,,3303522,,,G,209.273,-1.22412,895.365,,0.183725311863,-20.62,0.7655329109850652,13931568029.453035
1361971,1525569,,,3303523,,,G,209.268,-1.8487,941.89,,0.19225971613,-20.7,0.7655334652131761,14996848355.02374
1361973,1525571,,,3303525,,,G,209.263,-0.8249,476.431,,0.103054611527,-19.19,0.7655338406662819,3732501577.957214
1361978,1525576,,,3303530,,,G,209.255,-0.2822,492.04,,0.1062006231,-19.1,0.7655350783254413,3435579478.998757
1361982,1525580,,,3303534,,,G,209.245,-0.89387,933.254,,0.190681145341,-20.56,0.7656415597784239,13182567385.564049
1361983,1525581,,,3303536,,,G,209.242,-1.5796,688.6519999999998,,0.144842322421,-19.67,0.7656417744074969,5807644175.2131605
1361984,1525582,,,3303538,,,G,209.239,-0.2376,489.779,,0.105745762873,-19.45,0.7656419496698142,4742419852.6024475
1361985,1525583,,,3303540,,,G,209.239,-0.53308,310.456,,0.06879855439930001,-18.28,0.7656420093305424,1614358556.8264935
1361986,1525584,,,3303541,,,G,209.239,-1.2399,903.649,,0.185250332625,-20.71,0.7656425686868629,15135612484.362131
1361987,1525585,,,3303542,,,G,209.235,-0.34975,478.63,,0.103498551749,-19.65,0.7656427793985139,5701642722.807478
1361988,1525586,,,3303543,,,G,209.237,-1.28975,691.831,,0.145453002727,-20.28,0.7656431558322601,10185913880.541231
1361989,1525587,,,3303544,,,G,209.228,-2.042,619.441,,0.13143906572,-19.61,0.7656433589222649,5495408738.576271
1361990,1525588,,,3303545,,,G,209.221,-1.9669,552.077,,0.118189529095,-19.31,0.7656435129817883,4168693834.7033467
1361991,1525589,,,3303547,,,G,209.21400000000003,-1.7700900000000002,920.45,,0.188336074168,-20.37,0.7656439219490558,11066237839.776676
1361992,1525590,,,3303548,,,G,209.21,-0.3328,478.63,,0.103498551749,-19.11,0.7656440500901859,3467368504.525324
1361993,1525591,,,3303550,,,G,209.208,-0.76732,765.597,,0.15950851975400002,-20.23,0.7656444095816226,9727472237.76964
1361995,1525593,,,3303553,,,G,209.206,-1.25622,895.365,,0.183725311863,-21.43,0.7656458261221447,29376496519.615425
1361997,1525595,,,3303555,,,G,209.198,-2.03148,928.966,,0.189896374948,-21.32,0.765647169984059,26546055619.75547
1361998,1525596,,,3303556,,,G,209.197,-2.0591,452.898,,0.0982882391441,-18.78,0.7656472645399409,2558585886.905653
1361999,1525597,,,3303557,,,G,209.194,-0.72902,762.079,,0.158843239422,-20.5,0.7656477255268047,12473835142.429485
1362000,1525598,,,3303558,,,G,209.194,-1.1352,954.993,,0.194649727325,-20.68,0.7656482696391126,14723125024.327225
1362001,1525599,,,3303559,,,G,209.181,-0.5945,679.204,,0.143024771512,-19.86,0.7656485253142804,6918309709.18939
1362002,1525600,,,3303561,,,G,209.177,-1.65593,688.6519999999998,,0.144842322421,-20.14,0.7656488562080195,8953647655.495974
1362003,1525601,,,3303562,,,G,209.176,-2.0218,452.898,,0.0982882391441,-19.12,0.7656489855348249,3499451670.2835765
1362005,1525603,,,3303565,,,G,209.159,-1.77265,399.945,,0.0874566437283,-19.45,0.7656493134442394,4742419852.6024475
1362006,1525604,,,3303567,,,G,209.148,-2.3607,672.977,,0.141824620912,-20.44,0.7656497496471406,11803206356.517323
1362008,1525606,,,3303571,,,G,209.14,-2.12915,666.807,,0.140634130317,-20.45,0.7656507191699145,11912420080.273762
1362009,1525607,,,3303573,,,G,209.134,-2.33888,688.6519999999998,,0.144842322421,-20.32,0.7656511097306229,10568175092.136606
1362011,1525609,,,3303575,,,G,209.128,-0.33524,787.046,,0.163555011778,-20.53,0.7656520531898812,12823305826.560284
1362013,1525611,,,3303577,,,G,209.126,-0.502,835.6030000000002,,0.172650326325,-20.22,0.7656525895579993,9638290236.239744
1362015,1525613,,,3303584,,,G,209.117,-1.32475,549.5409999999998,,0.117686578843,-19.71,0.7656530349255235,6025595860.743593
1362016,1525614,,,3303585,,,G,209.117,-2.30504,688.6519999999998,,0.144842322421,-19.91,0.7656533026502907,7244359600.74989
1362017,1525615,,,3303586,,,G,209.107,-0.4573,707.946,,0.148542524271,-19.79,0.7656535423616143,6486344335.482401
1362018,1525616,,,3303587,,,G,209.107,-0.48505,405.509,,0.0886017743009,-18.71,0.7656536310136168,2398832919.019495
1362019,1525617,,,3303700,,,G,208.823,-1.16821,1213.39,,0.240670200335,-21.0,0.7656543616285587,19769696401.11866
1362020,1525618,,,3303588,,,G,209.104,-1.29945,676.0830000000002,,0.14242354121200002,-20.27,0.7656547346111396,10092528860.766834
1362021,1525619,,,3303591,,,G,209.1,-1.5191,688.6519999999998,,0.144842322421,-20.42,0.7656551628524406,11587773561.55131
1362023,1525621,,,3303595,,,G,209.096,-1.8628,392.645,,0.0859515729758,-18.43,0.7656553419351679,1853531623.4148145
1362024,1525622,,,3303596,,,G,209.091,-0.0528,358.096,,0.07878825939410003,-18.37,0.7656554067521119,1753880501.8417602
1362025,1525623,,,3303597,,,G,209.091,-0.97998,309.03,,0.0684974142487,-17.92,0.7656554495762419,1158777356.1551306
1362026,1525624,,,3303598,,,G,209.09,-1.06398,695.0239999999999,,0.146065993033,-20.15,0.7656557835317029,9036494737.223042
1362027,1525625,,,3303599,,,G,209.092,-2.09009,937.562,,0.191468855734,-20.96,0.7656564877195892,19054607179.632526
1362028,1525626,,,3303601,,,G,209.083,-2.36819,688.6519999999998,,0.144842322421,-20.11,0.7656568095955552,8709635899.560833
1362030,1525628,,,3303603,,,G,209.074,-2.51708,622.3,,0.131996825998,-20.33,0.7656575286243249,10665961212.302591
1362031,1525629,,,3303605,,,G,209.07,-2.0377,779.83,,0.162195681098,-20.36,0.765657933842158,10964781961.431871
1362033,1525631,,,3303607,,,G,209.067,-2.315,924.698,,0.189114754557,-20.49,0.7656587276481815,12359474334.445068
1362034,1525632,,,3303608,,,G,209.064,-1.3499,859.0139999999999,,0.17700425850200002,-20.78,0.7656593242554633,16143585568.264938
1362036,1525634,,,3303611,,,G,209.052,-1.2760200000000002,695.0239999999999,,0.146065993033,-19.92,0.7656600861442582,7311390834.834217
1362037,1525635,,,3303612,,,G,209.052,-1.39451,950.605,,0.193850046925,-21.03,0.7656608372283261,20323570109.36229
1362038,1525636,,,3303613,,,G,209.049,-2.494,685.488,,0.144233952117,-19.75,0.765661068269057,6251726927.756875
1362039,1525637,,,3303614,,,G,209.049,-1.6465299999999998,691.831,,0.145453002727,-20.3,0.7656614517012292,10375284158.180126
1362041,1525639,,,3303616,,,G,209.038,-0.02549,1230.27,,0.243607681804,-21.07,0.7656626752848111,21086281499.332973
1362044,1525642,,,3303619,,,G,209.036,-0.7167,698.232,,0.146681503341,-19.95,0.7656638715828722,7516228940.182045
1362046,1525644,,,3303621,,,G,209.032,-0.36384,323.594,,0.0715667757834,-18.89,0.7656649045210862,2831391995.799391
1362047,1525645,,,3303623,,,G,209.035,-1.64217,695.0239999999999,,0.146065993033,-20.12,0.7656652293753339,8790225168.308859
1362048,1525646,,,3303624,,,G,209.03,-0.77412,532.1080000000002,,0.114221157111,-19.9,0.7656654946455858,7177942912.713644
1362049,1525647,,,3303625,,,G,209.032,-2.3557,676.0830000000002,,0.14242354121200002,-19.75,0.7656657256863166,6251726927.756875
1362050,1525648,,,3303626,,,G,209.029,-0.8177399999999999,463.447,,0.100428350214,-19.33,0.7656658826100203,4246195639.4631295
1362051,1525649,,,3303627,,,G,209.025,-0.72773,787.046,,0.163555011778,-20.21,0.765666235539999,9549925860.214407
1362054,1525652,,,3303630,,,G,209.012,-0.56166,616.595,,0.130883615442,-19.81,0.7656675692448699,6606934480.075964
1362056,1525654,,,3303632,,,G,209.014,-1.5915,1698.24,,0.322187621094,-21.61,0.765669111084695,34673685045.253235
1362057,1525655,,,3303633,,,G,209.013,-1.50036,688.6519999999998,,0.144842322421,-19.73,0.7656693379084574,6137620051.647945
1362058,1525656,,,3303634,,,G,209.011,-1.8716,672.977,,0.141824620912,-20.83,0.7656699626329742,16904409316.4327
1362059,1525657,,,3303635,,,G,209.006,-2.7199,639.735,,0.135390637695,-20.01,0.7656702561873442,7943282347.242822
1362060,1525658,,,3303636,,,G,209.005,-2.5175,605.341,,0.128682814341,-19.57,0.7656704519313852,5296634438.916602
1362061,1525659,,,3303637,,,G,209.004,-2.0796900000000003,776.247,,0.16151990076,-20.11,0.7656707738073513,8709635899.560833
1362063,1525661,,,3303639,,,G,208.999,-1.7803,954.993,,0.194649727325,-20.39,0.7656715368661683,11271974561.75514
1362066,1525664,,,3303644,,,G,208.983,-0.6408,995.405,,0.201985240993,-20.58,0.7656725814715627,13427649611.378641
1362068,1525666,,,3303647,,,G,208.976,-0.14495,676.0830000000002,,0.14242354121200002,-19.86,0.7656731999645007,6918309709.18939
1362071,1525669,,,3303651,,,G,208.967,-2.67908,527.23,,0.113248856624,-19.13,0.7656736336674891,3531831697.9195704
1362072,1525670,,,3303652,,,G,208.96400000000003,-0.99761,539.511,,0.115694517847,-20.2,0.7656739833617862,9462371613.657913
1362073,1525671,,,3303653,,,G,208.963,-0.74845,529.663,,0.113733956867,-19.42,0.7656741538477188,4613175745.603809
1362074,1525672,,,3303654,,,G,208.957,-1.00929,554.626,,0.118694579347,-19.76,0.7656743870262432,6309573444.801943
1362075,1525673,,,3303655,,,G,208.958,-2.70988,633.87,,0.134250547125,-20.25,0.7656747532011248,9908319448.927729
1362081,1525679,,,3303661,,,G,208.926,-0.2312,928.966,,0.189896374948,-20.39,0.7656768438058954,11271974561.75514
1362082,1525680,,,3303663,,,G,208.922,-0.24576,480.839,,0.103944381972,-19.52,0.7656770307400034,5058246620.031148
1362083,1525681,,,3303664,,,G,208.922,-1.6868,672.977,,0.141824620912,-19.86,0.7656772864151712,6918309709.18939
1362084,1525682,,,3303665,,,G,208.919,-1.5389,691.831,,0.145453002727,-19.94,0.7656775616405954,7447319739.059889
1362085,1525683,,,3303666,,,G,208.921,-2.57216,418.794,,0.0913292556646,-18.93,0.7656776702052738,2937649651.9615426
1362087,1525685,,,3303668,,,G,208.915,-2.07908,338.844,,0.07476738738369999,-19.68,0.7656793580773109,5861381645.140297
1362088,1525686,,,3303669,,,G,208.907,-0.9341,539.511,,0.115694517847,-19.2,0.7656794972931181,3767037989.8390775
1362091,1525689,,,3303674,,,G,208.894,-2.238,418.794,,0.0913292556646,-19.5,0.7656802189506103,4965923214.503378
1362092,1525690,,,3303675,,,G,208.89,-1.8239,959.401,,0.195452557726,-20.89,0.7656808791704179,17864875748.52061
1362094,1525692,,,3303678,,,G,208.875,-0.5435,527.23,,0.113248856624,-19.29,0.7656810952349818,4092606597.3001275
1362096,1525694,,,3303680,,,G,208.868,-1.27395,338.844,,0.07476738738369999,-18.76,0.7656814762614234,2511886431.509582
1362097,1525695,,,3303682,,,G,208.861,-0.51979,403.645,,0.0882183141092,-18.95,0.7656815868444696,2992264636.608183
1362098,1525696,,,3303683,,,G,208.863,-1.24621,494.311,,0.106657373329,-19.45,0.7656817621067871,4742419852.6024475
1362102,1525700,,,3303687,,,G,208.853,-2.16759,340.408,,0.0750947775474,-18.87,0.7656825777601838,2779713267.759294
1362103,1525701,,,3303688,,,G,208.849,-0.80899,704.693,,0.14791966396,-19.95,0.7656828555322375,7516228940.182045
1362104,1525702,,,3303691,,,G,208.848,-2.514,685.488,,0.144233952117,-20.48,0.7656833081051425,12246161992.650517
1362106,1525704,,,3303694,,,G,208.841,-1.7290599999999998,633.87,,0.134250547125,-20.33,0.7656838414954718,10665961212.302591
1362107,1525705,,,3303695,,,G,208.838,-1.0493,413.048,,0.0901507350754,-19.73,0.7656840683192342,6137620051.647945
1362108,1525706,,,3303696,,,G,208.834,-2.0149,368.129,,0.08087545043769999,-18.76,0.7656841611492767,2511886431.509582
1362109,1525707,,,3303697,,,G,208.834,-2.26841,663.743,,0.140042140021,-20.56,0.7656846483282657,13182567385.564049
1362115,1525713,,,3303706,,,G,208.803,-0.13993,959.401,,0.195452557726,-21.01,0.7656880776215943,19952623149.688828
1362117,1525715,,,3303708,,,G,208.804,-1.6641099999999998,685.488,,0.144233952117,-20.45,0.765688685234845,11912420080.273762
1362120,1525718,,,3303712,,,G,208.789,-0.9356,701.455,,0.14729932365,-19.77,0.7656893439986941,6367955209.079162
1362121,1525719,,,3303713,,,G,208.79,-2.2644,950.605,,0.193850046925,-20.75,0.7656899243467713,15703628043.33558
1362122,1525720,,,3303714,,,G,208.785,-0.90303,698.232,,0.146681503341,-20.11,0.7656902462227374,8709635899.560833
1362125,1525723,,,3303717,,,G,208.775,-2.0991,465.586,,0.100861580431,-19.12,0.7656910893450422,3499451670.2835765
1362126,1525724,,,3303719,,,G,208.77,-0.3096,564.937,,0.12073494036699997,-19.28,0.7656912392060159,4055085354.48386
1362127,1525725,,,3303721,,,G,208.768,-1.76673,688.6519999999998,,0.144842322421,-20.1,0.7656915581310052,8629785477.669737
1362132,1525730,,,3303726,,,G,208.757,-2.3778200000000003,628.058,,0.13311927656,-19.69,0.7656931618727739,5915616341.754743
1362138,1525736,,,3303733,,,G,208.737,-0.8569,704.693,,0.14791966396,-19.95,0.7656949465543599,7516228940.182045
1362139,1525737,,,3303734,,,G,208.733,-0.29949000000000003,478.63,,0.103498551749,-19.68,0.7656951631693711,5861381645.140297
1362140,1525738,,,3303735,,,G,208.734,-1.20059,487.528,,0.105292582646,-19.75,0.7656953942101021,6251726927.756875
1362144,1525742,,,3303742,,,G,208.7,-1.12899,483.059,,0.104392102196,-19.21,0.7656961693392875,3801893963.205628
1362145,1525743,,,3303743,,,G,208.69,-2.40529,630.957,,0.133683756842,-20.09,0.7656964853403551,8550667128.846841
1362146,1525744,,,3303744,,,G,208.689,-2.09452,1009.25,,0.204485922243,-20.66,0.765697019521494,14454397707.459282
1362150,1525748,,,3303751,,,G,208.649,-0.97278,676.0830000000002,,0.14242354121200002,-19.8,0.7656986552241384,6546361740.672761
1362152,1525750,,,3303754,,,G,208.637,-1.89039,679.204,,0.143024771512,-20.29,0.7657000815188619,10280162981.264746
1362153,1525751,,,3303755,,,G,208.635,-1.6595,843.335,,0.174090507045,-20.34,0.765700479340636,10764652136.29835
1362154,1525752,,,3303756,,,G,208.629,-2.2489,933.254,,0.190681145341,-20.6,0.7657009848026807,13677288255.958578
1362155,1525753,,,3303757,,,G,208.62,-0.32146,682.3389999999998,,0.143628101814,-19.77,0.7657012201387794,6367955209.079162
1362156,1525754,,,3303758,,,G,208.613,-1.08704,695.0239999999999,,0.146065993033,-20.27,0.7657015931213603,10092528860.766834
1362157,1525755,,,3303759,,,G,208.61,-0.8446,714.4960000000002,,0.149795174898,-20.28,0.7657019695551066,10185913880.541231
1362158,1525756,,,3303760,,,G,208.61,-1.01926,787.046,,0.163555011778,-20.59,0.7657024703830474,13551894123.510351
1362159,1525757,,,3303761,,,G,208.598,-1.64061,487.528,,0.105292582646,-19.87,0.7657027284239484,6982324040.771733
1362160,1525758,,,3303762,,,G,208.597,-1.9918,338.844,,0.07476738738369999,-18.44,0.7657027975574493,1870682140.3658016
1362162,1525760,,,3303764,,,G,208.591,-1.6516400000000002,396.278,,0.0867008533504,-18.48,0.7657035480021436,1940885877.5927796
1362164,1525762,,,3303767,,,G,208.576,-1.07578,691.831,,0.145453002727,-20.12,0.7657043296169018,8790225168.308859
1362165,1525763,,,3303768,,,G,208.573,-1.0284,704.693,,0.14791966396,-20.17,0.7657046697810584,9204495717.53176
1362171,1525769,,,3303776,,,G,208.557,-0.77661,698.232,,0.146681503341,-20.56,0.7657075693272807,13182567385.564049
1362172,1525770,,,3303777,,,G,208.556,-0.833,676.0830000000002,,0.14242354121200002,-19.88,0.7657078297558048,7046930689.671453
1362173,1525771,,,3303779,,,G,208.554,-1.1786,698.232,,0.146681503341,-19.86,0.7657080854309726,6918309709.18939
1362174,1525772,,,3303782,,,G,208.534,-0.07471,827.942,,0.17122127561099998,-20.47,0.7657085338546643,12133888504.649809
1362175,1525773,,,3303783,,,G,208.531,-1.63028,682.3389999999998,,0.143628101814,-19.91,0.7657088015794317,7244359600.74989
1362180,1525778,,,3303791,,,G,208.505,-1.57004,688.6519999999998,,0.144842322421,-20.26,0.7657103211807871,10000000000.0
1362182,1525780,,,3303793,,,G,208.492,-0.7054,691.831,,0.145453002727,-19.84,0.765711028949868,6792036326.171857
1362188,1525786,,,3303801,,,G,208.459,-2.12995,672.977,,0.141824620912,-20.15,0.7657128246136781,9036494737.223042
1362191,1525789,,,3303804,,,G,208.447,-0.8854700000000001,707.946,,0.148542524271,-19.77,0.7657141645000612,6367955209.079162
1362192,1525790,,,3303806,,,G,208.435,-1.30189,669.885,,0.141228220614,-19.87,0.7657144225409622,6982324040.771733
1362193,1525791,,,3303807,,,G,208.435,-1.26967,679.204,,0.143024771512,-20.01,0.7657147160953323,7943282347.242822
1362194,1525792,,,3303808,,,G,208.425,-1.02191,679.204,,0.143024771512,-19.65,0.7657149268069832,5701642722.807478
1362195,1525793,,,3303810,,,G,208.423,-2.3472,539.511,,0.115694517847,-19.2,0.7657150660227903,3767037989.8390775
1362196,1525794,,,3303811,,,G,208.416,-1.62416,691.831,,0.145453002727,-20.33,0.7657154601973124,10665961212.302591
1362197,1525795,,,3303812,,,G,208.415,-2.24916,340.408,,0.0750947775474,-18.3,0.7657155209672164,1644371723.2149289
1362198,1525796,,,3303814,,,G,208.412,-2.45115,369.828,,0.08122825061410001,-19.1,0.7657156479335416,3435579478.998757
1362199,1525797,,,3303815,,,G,208.409,-1.2202,676.0830000000002,,0.14242354121200002,-19.65,0.7657158586451925,5701642722.807478
1362200,1525798,,,3303816,,,G,208.409,-1.59143,691.831,,0.145453002727,-20.72,0.7657164231771735,15275660582.380762
1362202,1525800,,,3303819,,,G,208.402,-1.86996,859.0139999999999,,0.17700425850200002,-20.52,0.7657172869089448,12705741052.085394
1362204,1525802,,,3303821,,,G,208.398,-0.71614,883.08,,0.18145920073,-20.56,0.7657179172040525,13182567385.564049
1362210,1525808,,,3303830,,,G,208.381,-2.3442,463.447,,0.100428350214,-18.86,0.7657188891433787,2754228703.338175
1362212,1525810,,,3303833,,,G,208.377,-2.50265,663.743,,0.140042140021,-20.6,0.7657195682609262,13677288255.958578
1362213,1525811,,,3303834,,,G,208.374,-0.7075,679.204,,0.143024771512,-20.08,0.7657198813648786,8472274141.40598
1362214,1525812,,,3303835,,,G,208.375,-1.8437,1196.74,,0.237764848882,-21.35,0.7657208898942479,27289777828.08052
1362216,1525814,,,3303837,,,G,208.373,-2.25515,1028.02,,0.207866293933,-20.56,0.7657216548452905,13182567385.564049
1362218,1525816,,,3303839,,,G,208.37,-2.02755,924.698,,0.189114754557,-21.04,0.7657226086230948,20511621788.25571
1362219,1525817,,,3303840,,,G,208.368,-2.51857,340.408,,0.0750947775474,-18.94,0.7657227181923096,2964831389.524339
1362221,1525819,,,3303842,,,G,208.361,-1.27761,946.237,,0.193053306527,-20.71,0.7657235128847291,15135612484.362131
1362222,1525820,,,3303843,,,G,208.362,-2.6481,467.735,,0.101296700648,-19.09,0.7657236386870198,3404081897.010009
1362224,1525822,,,3303846,,,G,208.354,-2.38769,695.0239999999999,,0.146065993033,-19.7,0.7657240445494905,5970352865.838366
1362226,1525824,,,3303848,,,G,208.343,-0.36376,645.654,,0.13653975827,-19.91,0.7657244765935479,7244359600.74989
1362227,1525825,,,3303849,,,G,208.346,-2.557,334.195,,0.0737929868965,-18.26,0.7657245351653449,1584893192.4611173
1362228,1525826,,,3303850,,,G,208.33900000000003,-0.65155,414.954,,0.090541965271,-18.79,0.7657246305961418,2582260190.634601
1362230,1525828,,,3303851,,,G,208.333,-2.58764,335.73800000000006,,0.07411659705830001,-18.86,0.7657250001070268,2754228703.338175
1362231,1525829,,,3303853,,,G,208.329,-0.37185,532.1080000000002,,0.114221157111,-19.66,0.7657252127683686,5754399373.371567
1362233,1525831,,,3303856,,,G,208.323,-0.5802,489.779,,0.105745762873,-19.73,0.7657259544514166,6137620051.647945
1362234,1525832,,,3303857,,,G,208.322,-1.2104,688.6519999999998,,0.144842322421,-19.68,0.7657261710664278,5861381645.140297
1362240,1525838,,,3303864,,,G,208.299,-0.05442,645.654,,0.13653975827,-19.72,0.7657274610921121,6081350012.7871895
1362241,1525839,,,3303865,,,G,208.299,-0.32108000000000003,651.628,,0.137698118849,-19.89,0.7657277239303515,7112135136.533323
1362244,1525842,,,3303868,,,G,208.291,-2.4357,669.885,,0.141228220614,-19.83,0.7657282039260562,6729766562.843196
1362245,1525843,,,3303869,,,G,208.284,-0.3442,537.0319999999998,,0.115201437601,-19.14,0.7657283356572265,3564511334.262453
1362246,1525844,,,3303871,,,G,208.278,-0.19057,498.884,,0.107576333788,-19.7,0.7657285562994115,5970352865.838366
1362248,1525846,,,3303873,,,G,208.277,-1.54368,413.048,,0.0901507350754,-19.03,0.7657289531102679,3221068791.283441
1362250,1525848,,,3303875,,,G,208.27,-1.77611,340.408,,0.0750947775474,-18.95,0.7657292206170179,2992264636.608183
1362251,1525849,,,3303876,,,G,208.268,-2.0932,859.0139999999999,,0.17700425850200002,-20.4,0.7657296410420344,11376272858.234331
1362253,1525851,,,3303878,,,G,208.262,-0.627,824.138,,0.170510845255,-20.22,0.7657302576661579,9638290236.239744
1362256,1525854,,,3303881,,,G,208.251,-1.8401,337.287,,0.07444125722060001,-18.5,0.7657306665171427,1976969640.111866
1362257,1525855,,,3303882,,,G,208.247,-0.7227,651.628,,0.137698118849,-19.88,0.7657309269456668,7046930689.671453
1362258,1525856,,,3303883,,,G,208.247,-2.69343,338.844,,0.07476738738369999,-18.61,0.765731007797254,2187761623.949561
1362264,1525862,,,3303889,,,G,208.23,-1.99819,461.318,,0.0999967999984,-19.66,0.7657323210169422,5754399373.371567
1362265,1525863,,,3303890,,,G,208.228,-1.31347,737.904,,0.154257677129,-19.88,0.7657325814454663,7046930689.671453
1362267,1525865,,,3303892,,,G,208.228,-1.2884,724.436,,0.151692735846,-19.97,0.7657333652096288,7655966069.112569
1362268,1525866,,,3303894,,,G,208.226,-0.787,651.628,,0.137698118849,-19.78,0.7657336027232656,6426877173.17022
1362269,1525867,,,3303895,,,G,208.228,-2.6409,334.195,,0.0737929868965,-18.57,0.7657336806503721,2108628149.9332972
1362271,1525869,,,3303897,,,G,208.225,-1.4134799999999998,787.046,,0.163555011778,-20.22,0.7657343045707387,9638290236.239744
1362276,1525874,,,3303906,,,G,208.212,-1.66803,679.204,,0.143024771512,-20.01,0.7657358470681541,7943282347.242822
1362279,1525877,,,3303912,,,G,208.197,-0.94354,323.594,,0.0715667757834,-18.79,0.7657364012641236,2582260190.634601
1362281,1525879,,,3303916,,,G,208.194,-2.65605,1276.44,,0.251602175801,-21.27,0.7657376058787749,25351286304.979076
1362282,1525880,,,3303917,,,G,208.194,-2.40904,331.131,,0.0731503865752,-18.69,0.7657376929126959,2355049283.896009
1362284,1525882,,,3303919,,,G,208.185,-2.56501,776.247,,0.16151990076,-20.22,0.7657382801490265,9638290236.239744
1362286,1525884,,,3303921,,,G,208.172,-1.22404,399.945,,0.0874566437283,-19.07,0.7657384860098971,3341950400.261149
1362287,1525885,,,3303922,,,G,208.168,-0.76441,657.658,,0.138865509433,-20.19,0.7657388324981775,9375620069.258831
1362290,1525888,,,3303926,,,G,208.163,-1.9546,907.821,,0.186017673009,-20.45,0.7657394392558929,11912420080.273762
1381216,1544825,,,SDSSJ132028.49-015728.9,,,G,200.11900000000003,-1.95803,1086.43,,0.218314429157,-20.64,0.7738354636263541,14190575216.890957
1398852,1562468,,,SDSSJ134542.38-015813.7,,,G,206.427,-1.9705,10519.6,,1.42994620846,-26.45,0.8047462751621769,2992264636608.183
1399554,1563172,,,SDSSJ133752.92-023526.7,,,G,204.471,-2.59065,4487.45,,0.7219305909649999,-20.85,0.80580042844961,17218685749.86016
1399555,1563173,,,SDSSJ133313.49-022843.9,,,G,203.306,-2.47874,2910.72,,0.5068894334449999,-19.51,0.8058006136698956,5011872336.272736
1399583,1563201,,,SDSSJ134510.72-004339.4,,,G,206.295,-0.72745,1967.89,,0.365314082657,-19.5,0.8059559014238353,4965923214.503378
1406687,1571467,,,HCG064:[dRC97]16,,,G,201.294,-3.80574,529.663,,0.113733956867,-21.07,0.8731778585368304,21086281499.332973
1406712,1571492,,,HCG064:[dRC97]18,,,G,201.733,-3.69997,452.898,,0.0982882391441,-20.55,0.8731859439039518,13061708881.318405
1406713,1571493,,,HCG064:[dRC97]31,,,G,201.633,-3.60737,597.035,,0.127055103528,-20.36,0.8731863491217848,10964781961.431871
1406714,1571494,,,HCG064:[dRC97]34,,,G,201.27,-4.04495,874.9839999999998,,0.179962949981,-20.97,0.8731870598254412,19230917289.101616
1412643,2318025,,,SDSSJ134855.70-013426.1,,,G,207.232,-1.57391,337.287,,0.07444125722060001,-19.97,0.9030462744619652,7655966069.112569
1414787,2320648,,,SDSSJ132700.51-025150.4,,,G,201.752,-2.86405,390.841,,0.08557924278960001,-19.86,0.9039699448629419,6918309709.18939
1414923,2320822,,,SDSSJ133150.90-020214.3,,,G,202.962,-2.03724,396.278,,0.0867008533504,-19.8,0.904018677324436,6546361740.672761
1415337,2321262,,,SDSSJ134143.32-031007.9,,,G,205.43,-3.16891,887.1560000000002,,0.182211631106,-21.07,0.9041914457899516,21086281499.332973
1415400,2321325,,,SDSSJ133344.17-022748.2,,,G,203.43400000000003,-2.46338,489.779,,0.105745762873,-20.2,0.9042153950236644,9462371613.657913
1415401,2321326,,,SDSSJ134712.75-030915.6,,,G,206.803,-3.15438,378.443,,0.0830151415076,-19.92,0.9042156652256588,7311390834.834217
1417995,2324478,,,SDSSJ132354.34-002529.6,,,G,200.976,-0.4249,941.89,,0.19225971613,-20.77,0.9056490023673692,15995580286.146713
1417996,2324479,,,SDSSJ132430.02-002128.3,,,G,201.125,-0.35789,1111.73,,0.222807381404,-21.0,0.9056497329823112,19769696401.11866
1417997,2324480,,,SDSSJ132313.72-003922.0,,,G,200.807,-0.65605,2322.74,,0.420111300056,-20.65,0.9056502622660481,14321878992.735456
1417998,2324481,,,SDSSJ132245.01-003747.4,,,G,200.688,-0.62983,2051.16,,0.3783603391800001,-20.72,0.9056508267980288,15275660582.380762
1417999,2324482,,,SDSSJ132124.99-002655.8,,,G,200.354,-0.44881,2535.13,,0.451985955993,-20.61,0.9056513369370562,13803842646.028866
1418000,2324483,,,SDSSJ132139.41-003828.9,,,G,200.414,-0.64136,515.229,,0.110852125426,-19.7,0.9056515575792412,5970352865.838366
1418001,2324484,,,SDSSJ132116.40-001934.0,,,G,200.318,-0.32616,1419.06,,0.275943287972,-20.65,0.9056520868629782,14321878992.735456
1418002,2324485,,,SDSSJ132010.91-001608.4,,,G,200.046,-0.26899,1406.05,,0.273744166872,-20.99,0.905652810779602,19588446735.05989
1418003,2324486,,,SDSSJ132019.16-003019.6,,,G,200.08,-0.50551,2535.13,,0.451985955993,-20.69,0.9056533599265192,14859356422.87009
1418054,2324537,,,SDSSJ133007.78-000514.9,,,G,202.532,-0.08746,1276.44,,0.251602175801,-20.67,0.9056821190715396,14588142602.753534
1418055,2324538,,,SDSSJ132845.12-000547.6,,,G,202.188,-0.09659,356.451,,0.07844553922280001,-18.85,0.9056822199244764,2728977782.808052
1418058,2324541,,,SDSSJ132608.64-005711.9,,,G,201.536,-0.95333,2137.96,,0.3918335259170001,-20.74,0.9056838210252948,15559656316.05075
1418059,2324542,,,SDSSJ132719.20-002643.6,,,G,201.83,-0.44539,2679.17,,0.473251196626,-20.93,0.9056845060221062,18535316234.148144
1418060,2324543,,,SDSSJ132701.79-001828.9,,,G,201.757,-0.30802,1896.71,,0.354063957032,-20.75,0.9056850863701832,15703628043.33558
1418061,2324544,,,SDSSJ132533.85-010128.5,,,G,201.391,-1.02453,870.9639999999998,,0.17921891960900002,-20.43,0.9056855185739524,11694993910.198748
1418062,2324545,,,SDSSJ132518.85-005050.2,,,G,201.329,-0.84731,972.747,,0.19787910894,-20.81,0.9056861318959616,16595869074.375563
1418063,2324546,,,SDSSJ132402.17-003023.6,,,G,201.009,-0.50656,1425.61,,0.27704872852400003,-20.79,0.9056867340235828,16292960326.397282
1418064,2324547,,,SDSSJ132338.53-010947.8,,,G,200.91,-1.16328,2137.96,,0.3918335259170001,-20.33,0.9056871281981048,10665961212.302591
1418065,2324548,,,SDSSJ132425.52-004501.5,,,G,201.106,-0.75043,1914.26,,0.356846248423,-20.09,0.9056874441991724,8550667128.846841
1418066,2324549,,,SDSSJ132436.25-004709.2,,,G,201.151,-0.78591,1425.61,,0.27704872852400003,-21.22,0.9056883389220658,24210290467.3618
1418067,2324550,,,SDSSJ132411.33-005651.7,,,G,201.047,-0.94778,2137.96,,0.3918335259170001,-20.56,0.9056888261010548,13182567385.564049
1418068,2324551,,,SDSSJ132321.40-001442.2,,,G,200.83900000000003,-0.24508,2500.35,,0.446809663405,-20.86,0.9056894683280398,17378008287.49384
1418069,2324552,,,SDSSJ132254.42-000653.2,,,G,200.727,-0.11479,2477.42,,0.443388131694,-20.67,0.905690007451896,14588142602.753534
1418077,2324560,,,SDSSJ132326.45-000011.4,,,G,200.86,-0.00319,1896.71,,0.354063957032,-20.43,0.9056937586410526,11694993910.198748
1418082,2324565,,,SDSSJ132948.04-011213.4,,,G,202.45,-1.2037,1811.34,,0.340446920223,-20.31,0.9056965293973565,10471285480.508986
1418083,2324566,,,SDSSJ132854.94-005010.2,,,G,202.229,-0.83624,1828.1,,0.343131141566,-21.07,0.9056973086684196,21086281499.332973
1418084,2324567,,,SDSSJ133023.41-004143.3,,,G,202.598,-0.6953600000000001,847.227,,0.17481479740699998,-21.11,0.9056981171842912,21877616239.49561
1418085,2324568,,,SDSSJ132924.67-005848.5,,,G,202.353,-0.98019,1563.15,,0.300029460015,-20.59,0.905698618012232,13551894123.510351
1418086,2324569,,,SDSSJ133124.71-003534.7,,,G,202.853,-0.59296,1174.9,,0.233942216971,-20.45,0.9056990582512692,11912420080.273762
1418087,2324570,,,SDSSJ133054.30-001741.1,,,G,202.726,-0.29477,1425.61,,0.27704872852400003,-21.07,0.9056998375223324,21086281499.332973
1418088,2324571,,,SDSSJ133044.90-000421.2,,,G,202.687,-0.07259,1196.74,,0.237764848882,-20.87,0.9057004856917704,17538805018.417603
1418089,2324572,,,SDSSJ132754.90-011508.2,,,G,201.979,-1.2523,1548.82,,0.297655408828,-20.88,0.9057011398586468,17701089583.174183
1418111,2324594,,,SDSSJ133828.80-004915.2,,,G,204.62,-0.8209,1794.73,,0.337781178891,-21.07,0.905715134160532,21086281499.332973
1418112,2324595,,,SDSSJ133726.59-010516.6,,,G,204.361,-1.08787,1674.94,,0.318393549197,-20.71,0.9057156935168524,15135612484.362131
1418113,2324596,,,SDSSJ133835.03-003608.3,,,G,204.646,-0.60229,2051.16,,0.3783603391800001,-21.01,0.9057164308920912,19952623149.688828
1418114,2324597,,,SDSSJ133843.46-002755.9,,,G,204.681,-0.46553,2041.74,,0.376890548445,-21.19,0.9057173012313016,23550492838.96009
1418115,2324598,,,SDSSJ133841.70-001051.6,,,G,204.674,-0.18103,2500.35,,0.446809663405,-20.73,0.9057178709868324,15417004529.495615
1418118,2324601,,,SDSSJ133602.96-010909.4,,,G,204.012,-1.15262,1698.24,,0.322187621094,-20.22,0.9057203502606852,9638290236.239744
1418119,2324602,,,SDSSJ133557.68-005939.3,,,G,203.99,-0.99429,1737.8,,0.328603544302,-20.18,0.905720693572342,9289663867.7994
1418120,2324603,,,SDSSJ133547.84-004131.8,,,G,203.949,-0.69219,1342.76,,0.262985861493,-20.37,0.9057211025396096,11066237839.776676
1418121,2324604,,,SDSSJ133619.53-005300.1,,,G,204.081,-0.88336,2249.05,,0.408898134449,-20.98,0.905721819819326,19408858775.92779
1418122,2324606,,,SDSSJ133831.22-000231.6,,,G,204.63,-0.04218,1224.62,,0.242625301313,-21.05,0.9057225848670892,20701413487.910458
1418123,2324607,,,SDSSJ133800.37-000127.1,,,G,204.502,-0.02421,1472.31,,0.284901262451,-21.52,0.9057237643415726,31915378551.00758
1418124,2324608,,,SDSSJ133459.70-010950.3,,,G,203.749,-1.16399,2606.15,,0.462504861252,-20.58,0.9057242605778952,13427649611.378641
1418125,2324609,,,SDSSJ133517.28-004232.7,,,G,203.822,-0.7091,1786.49,,0.3364569182280001,-20.6,0.90572476603994,13677288255.958578
1418126,2324610,,,SDSSJ133448.94-004301.8,,,G,203.704,-0.71717,2301.44,,0.416878558439,-20.6,0.9057252715019846,13677288255.958578
1418127,2324611,,,SDSSJ133523.56-004705.3,,,G,203.848,-0.78484,2570.4,,0.457218318609,-20.9,0.905725937830731,18030177408.5957
1418128,2324612,,,SDSSJ133446.70-011252.1,,,G,203.695,-1.21445,1342.76,,0.262985861493,-20.83,0.9057265625552476,16904409316.4327
1418129,2324613,,,SDSSJ133459.66-004236.8,,,G,203.749,-0.71019,510.505,,0.109906704953,-20.36,0.9057269677730808,10964781961.431871
1418130,2324614,,,SDSSJ133554.84-002741.7,,,G,203.979,-0.4616,2606.15,,0.462504861252,-20.51,0.9057274330254032,12589254117.941713
1418131,2324615,,,SDSSJ133636.85-003351.4,,,G,204.154,-0.56429,1794.73,,0.337781178891,-20.52,0.9057279025826526,12705741052.085394
1418132,2324616,,,SDSSJ133555.34-000757.9,,,G,203.981,-0.13276,1621.81,,0.30969933485,-21.11,0.9057287110985244,21877616239.49561
1418133,2324617,,,SDSSJ133703.04-001534.9,,,G,204.263,-0.25968,2344.23,,0.4233660916830001,-20.74,0.9057292861259382,15559656316.05075
1418134,2324618,,,SDSSJ133559.38-000003.5,,,G,203.997,-0.001,1621.81,,0.30969933485,-21.08,0.9057300726075076,21281390459.827183
1418136,2324620,,,SDSSJ133424.97-005158.0,,,G,203.604,-0.86616,2387.81,,0.429945394973,-20.95,0.9057314616743692,18879913490.962925
1418137,2324621,,,SDSSJ133410.80-005845.7,,,G,203.545,-0.97938,1465.55,,0.283767891884,-21.31,0.9057324337242466,26302679918.95381
1418138,2324622,,,SDSSJ133358.99-005753.6,,,G,203.496,-0.96495,1644.37,,0.313398486699,-20.87,0.9057330818936851,17538805018.417603
1418139,2324623,,,SDSSJ133418.11-003956.6,,,G,203.576,-0.66573,977.237,,0.198694119347,-20.49,0.9057335386541956,12359474334.445068
1418140,2324624,,,SDSSJ133422.85-005457.7,,,G,203.595,-0.91601,1659.59,,0.315887827944,-20.59,0.9057340394821364,13551894123.510351
1418141,2324625,,,SDSSJ133429.20-005219.5,,,G,203.622,-0.8720700000000001,2387.81,,0.429945394973,-21.09,0.9057348332409304,21478304741.30537
1418142,2324626,,,SDSSJ133417.86-005208.9,,,G,203.575,-0.8691200000000001,1548.82,,0.297655408828,-20.32,0.9057352238016386,10568175092.136606
1418143,2324627,,,SDSSJ133538.65-000342.8,,,G,203.911,-0.06194,1028.02,,0.207866293933,-20.56,0.9057357109806276,13182567385.564049
1418144,2324628,,,SDSSJ133413.31-003431.8,,,G,203.555,-0.57549,2079.7,,0.382804361402,-20.29,0.9057360908974724,10280162981.264746
1418145,2324629,,,SDSSJ133423.13-001257.9,,,G,203.596,-0.21614,1318.26,,0.258793839397,-21.08,0.9057368773790421,21281390459.827183
1418146,2324630,,,SDSSJ133423.16-001836.0,,,G,203.596,-0.31005,1196.74,,0.237764848882,-21.39,0.9057379237569207,28313919957.993908
1418147,2324631,,,SDSSJ133305.64-003855.4,,,G,203.273,-0.64875,2654.61,,0.469644444822,-20.69,0.9057384729038378,14859356422.87009
1418148,2324632,,,SDSSJ133313.56-002740.6,,,G,203.306,-0.4612600000000001,2079.7,,0.382804361402,-20.73,0.9057390426593688,15417004529.495615
1418149,2324634,,,SDSSJ133341.83-002616.9,,,G,203.424,-0.43801,1174.9,,0.233942216971,-20.95,0.9057397403912216,18879913490.962925
1418150,2324635,,,SDSSJ133234.03-003931.1,,,G,203.142,-0.65868,1682.67,,0.319653549827,-20.42,0.9057401686325224,11587773561.55131
1418151,2324636,,,SDSSJ133256.53-002548.7,,,G,203.235,-0.43022,1778.28,,0.335136017568,-20.6,0.9057406740945672,13677288255.958578
1418152,2324637,,,SDSSJ133337.03-002928.7,,,G,203.404,-0.4913,2570.4,,0.457218318609,-20.38,0.905741086845962,11168632477.805613
1418153,2324638,,,SDSSJ133300.05-001609.7,,,G,203.25,-0.26939,1056.82,,0.213031246516,-20.83,0.9057417115704788,16904409316.4327
1418154,2324639,,,SDSSJ133334.60-010432.3,,,G,203.394,-1.07569,1803.02,,0.339112369556,-20.5,0.9057421725573426,12473835142.429485
1418155,2324640,,,SDSSJ133220.35-000616.6,,,G,203.085,-0.10467,2546.83,,0.453723496862,-20.71,0.9057427319136632,15135612484.362131
1418156,2324641,,,SDSSJ133231.45-003416.3,,,G,203.131,-0.57123,2333.46,,0.421735860868,-20.88,0.9057433860805392,17701089583.174183
1418157,2324642,,,SDSSJ133218.38-002531.4,,,G,203.077,-0.42536,1786.49,,0.3364569182280001,-20.09,0.9057437020816068,8550667128.846841
1418158,2324643,,,SDSSJ133216.33-002440.1,,,G,203.068,-0.41115,1306.17,,0.25671945836,-20.96,0.9057444062694928,19054607179.632526
1418159,2324644,,,SDSSJ133217.55-010802.2,,,G,203.073,-1.13391,1548.82,,0.297655408828,-20.89,0.9057450664893006,17864875748.52061
1418160,2324645,,,SDSSJ133216.63-004342.9,,,G,203.069,-0.7286,2079.7,,0.382804361402,-20.77,0.9057456576268542,15995580286.146713
1418161,2324646,,,SDSSJ133046.71-000543.5,,,G,202.695,-0.09543,1180.32,,0.234892257446,-20.56,0.905746144805843,13182567385.564049
1418162,2324647,,,SDSSJ133105.70-002221.2,,,G,202.774,-0.37255,1180.32,,0.234892257446,-20.74,0.905746719833257,15559656316.05075
1418163,2324648,,,SDSSJ133055.08-010659.9,,,G,202.73,-1.11667,1862.09,,0.348558594279,-20.53,0.905747193735266,12823305826.560284
1418164,2324649,,,SDSSJ132906.23-005341.6,,,G,202.276,-0.8948799999999999,1153.45,,0.230174395087,-20.69,0.9057477428821832,14859356422.87009
1418165,2324650,,,SDSSJ132858.63-000234.5,,,G,202.24400000000003,-0.04294,1282.33,,0.252617736309,-20.66,0.9057482770633224,14454397707.459282
1418197,2324682,,,SDSSJ134536.56-005208.0,,,G,206.402,-0.8689,2355.05,,0.425002202501,-20.81,0.9057691506566372,16595869074.375563
1418198,2324683,,,SDSSJ134525.18-002656.7,,,G,206.355,-0.44906,1690.44,,0.320918800459,-20.15,0.9057694846120984,9036494737.223042
1418199,2324684,,,SDSSJ134634.12-002740.0,,,G,206.642,-0.46113,1853.53,,0.34719380359700003,-20.88,0.9057701387789746,17701089583.174183
1418200,2324685,,,SDSSJ134657.50-001622.4,,,G,206.739,-0.27289,2187.76,,0.399507559754,-20.82,0.9057707577759826,16749428760.26445
1418201,2324686,,,SDSSJ134500.79-001954.2,,,G,206.253,-0.33172,1976.97,,0.366742503371,-20.01,0.9057710513303524,7943282347.242822
1418202,2324687,,,SDSSJ134215.47-010050.9,,,G,205.565,-1.01418,1148.15,,0.229241364621,-20.37,0.90577146029762,11066237839.776676
1418203,2324688,,,SDSSJ134227.94-011138.4,,,G,205.616,-1.1939799999999998,1425.61,,0.27704872852400003,-20.79,0.9057720624252412,16292960326.397282
1418204,2324689,,,SDSSJ134331.45-002357.6,,,G,205.881,-0.39939,1674.94,,0.318393549197,-20.89,0.9057727226450488,17864875748.52061
1418205,2324690,,,SDSSJ134300.68-003721.0,,,G,205.753,-0.62248,1674.94,,0.318393549197,-20.87,0.9057733708144872,17538805018.417603
1418206,2324691,,,SDSSJ134334.09-004247.7,,,G,205.892,-0.71321,859.0139999999999,,0.17700425850200002,-20.48,0.9057738233873924,12246161992.650517
1418207,2324692,,,SDSSJ134132.34-011305.4,,,G,205.385,-1.21817,839.46,,0.173369156685,-20.54,0.9057743016743628,12941958414.499916
1418208,2324693,,,SDSSJ134128.08-011059.9,,,G,205.367,-1.18331,847.227,,0.17481479740699998,-20.75,0.9057748820224396,15703628043.33558
1418209,2324694,,,SDSSJ134213.79-003739.6,,,G,205.557,-0.62764,1355.19,,0.265106652553,-20.69,0.9057754311693568,14859356422.87009
1418210,2324695,,,SDSSJ134205.47-003829.1,,,G,205.523,-0.64142,1958.84,,0.363888811944,-20.65,0.9057759604530936,14321878992.735456
1418211,2324696,,,SDSSJ134113.42-003555.6,,,G,205.306,-0.59872,1432.19,,0.27815836907900005,-20.7,0.9057765146812048,14996848355.02374
1418212,2324697,,,SDSSJ134049.25-002907.3,,,G,205.205,-0.48531,1949.84,,0.362469841235,-20.17,0.9057768548453612,9204495717.53176
1418213,2324698,,,SDSSJ134018.71-002457.0,,,G,205.078,-0.41583,669.885,,0.141228220614,-19.94,0.9057771300707856,7447319739.059889
1418214,2324699,,,SDSSJ134010.37-002744.6,,,G,205.043,-0.46235,2454.71,,0.439992009996,-20.35,0.9057775315735592,10864256236.170687
1418215,2324700,,,SDSSJ134107.96-001629.5,,,G,205.283,-0.27486,1729.82,,0.32731183365600003,-20.77,0.9057781227111128,15995580286.146713
1418216,2324701,,,SDSSJ134002.44-004133.1,,,G,205.01,-0.69257,1148.15,,0.229241364621,-20.77,0.9057787138486662,15995580286.146713
1418217,2324702,,,SDSSJ134032.09-003738.1,,,G,205.134,-0.6272800000000001,1803.02,,0.339112369556,-21.14,0.9057795450161596,22490546058.357918
1418218,2324703,,,SDSSJ134031.83-003612.2,,,G,205.133,-0.60341,1419.06,,0.275943287972,-21.01,0.9057802823913984,19952623149.688828
1418219,2324704,,,SDSSJ134056.52-003914.1,,,G,205.236,-0.65388,390.841,,0.08557924278960001,-19.39,0.9057804482311159,4487453899.331332
1418220,2324705,,,SDSSJ134023.93-003126.8,,,G,205.1,-0.5241,2079.7,,0.382804361402,-20.52,0.9057809177883652,12705741052.085394
1418221,2324706,,,SDSSJ134037.29-003757.5,,,G,205.155,-0.63262,1419.06,,0.275943287972,-20.65,0.9057814470721022,14321878992.735456
1418222,2324707,,,SDSSJ134018.41-003835.3,,,G,205.077,-0.6431,1399.59,,0.272650696325,-20.27,0.9057818200546832,10092528860.766834
1418223,2324708,,,SDSSJ133924.09-002956.6,,,G,204.85,-0.49907,2290.87,,0.415271847636,-21.05,0.9057825851024464,20701413487.910458
1418224,2324709,,,SDSSJ133933.37-003214.2,,,G,204.889,-0.5373,2754.23,,0.484226852113,-20.63,0.9057831047256664,14060475241.29913
1418225,2324710,,,SDSSJ133841.19-002118.9,,,G,204.672,-0.35525,2187.76,,0.399507559754,-20.59,0.9057836055536072,13551894123.510351
1418226,2324711,,,SDSSJ133857.28-003539.1,,,G,204.739,-0.59426,2365.92,,0.426644193322,-20.54,0.9057840838405776,12941958414.499916
1418227,2324712,,,SDSSJ133828.56-003320.1,,,G,204.61900000000003,-0.55561,2376.84,,0.428291854146,-20.58,0.9057845800769,13427649611.378641
1418228,2324713,,,SDSSJ133848.20-002355.3,,,G,204.701,-0.39873,2376.84,,0.428291854146,-20.29,0.9057849599937448,10280162981.264746
1418229,2324714,,,SDSSJ134034.07-010214.3,,,G,205.142,-1.03733,1472.31,,0.284901262451,-20.53,0.905785433895754,12823305826.560284
1418230,2324715,,,SDSSJ134040.79-004905.7,,,G,205.17,-0.81826,1778.28,,0.335136017568,-20.56,0.9057859210747428,13182567385.564049
1418231,2324716,,,SDSSJ134030.06-011217.5,,,G,205.125,-1.20487,597.035,,0.127055103528,-20.7,0.9057864753028538,14996848355.02374
1418232,2324717,,,SDSSJ133844.78-010905.1,,,G,204.687,-1.1513799999999998,2228.44,,0.405746872873,-21.45,0.9057875811333176,29922646366.081833
1418233,2324718,,,SDSSJ133728.37-010436.8,,,G,204.368,-1.07691,1682.67,,0.319653549827,-20.54,0.905788059420288,12941958414.499916
1418234,2324719,,,SDSSJ133853.01-010528.4,,,G,204.721,-1.09124,2238.72,,0.40731956366,-19.79,0.9057882991316114,6486344335.482401
1418235,2324720,,,SDSSJ133857.84-011211.8,,,G,204.741,-1.20333,2147.83,,0.3933577066790001,-20.45,0.9057887393706484,11912420080.273762
1418236,2324721,,,SDSSJ133700.61-001332.7,,,G,204.253,-0.22576,2376.84,,0.428291854146,-20.23,0.9057890988620853,9727472237.76964
1418237,2324722,,,SDSSJ133744.11-001327.2,,,G,204.43400000000003,-0.22427,1153.45,,0.230174395087,-20.97,0.9057898095657416,19230917289.101616
1418239,2324724,,,SDSSJ133829.98-000141.8,,,G,204.625,-0.02833,1101.54,,0.2210001205,-21.19,0.9057910964754888,23550492838.96009
1418245,2324730,,,SDSSJ134032.19-000336.8,,,G,205.134,-0.06015,1940.89,,0.361057590529,-20.12,0.905794748260148,8790225168.308859
1418254,2324739,,,SDSSJ134148.00-000429.2,,,G,205.45,-0.07477,2333.46,,0.421735860868,-20.95,0.9058005458871552,18879913490.962925
1418259,2324744,,,SDSSJ134353.75-000456.4,,,G,205.974,-0.08231000000000001,1667.25,,0.317138798569,-20.04,0.9058030166269044,8165823713.585939
1418270,2324755,,,SDSSJ135339.84-004937.7,,,G,208.416,-0.82716,1224.62,,0.242625301313,-21.14,0.9058098329463268,22490546058.357918
1418271,2324756,,,SDSSJ135344.04-005207.0,,,G,208.43400000000003,-0.8686,1690.44,,0.320918800459,-20.48,0.9058102855192316,12246161992.650517
1418272,2324757,,,SDSSJ135313.63-002953.3,,,G,208.307,-0.49819,1465.55,,0.283767891884,-19.85,0.9058105388503556,6854882264.526649
1418273,2324758,,,SDSSJ135118.22-003655.1,,,G,207.826,-0.61531,2089.3,,0.384295992148,-20.28,0.9058109152841016,10185913880.541231
1418274,2324759,,,SDSSJ135112.35-004002.7,,,G,207.801,-0.6674399999999999,2218.2,,0.404178802089,-20.36,0.9058113205019348,10964781961.431871
1418275,2324760,,,SDSSJ135138.30-002242.9,,,G,207.91,-0.37859,2259.44,,0.410484055242,-20.59,0.9058118213298756,13551894123.510351
1418277,2324762,,,SDSSJ135024.65-011149.0,,,G,207.603,-1.19696,351.56,,0.0774255687128,-18.96,0.9058126771342222,3019951720.4020314
1418278,2324763,,,SDSSJ135007.10-004049.9,,,G,207.53,-0.68055,2187.76,,0.399507559754,-20.28,0.9058130535679684,10185913880.541231
1418279,2324764,,,SDSSJ135033.51-002443.3,,,G,207.64,-0.41202,1845.02,,0.345835732918,-20.06,0.9058133609571296,8317637711.02671
1418280,2324765,,,SDSSJ135108.35-003112.9,,,G,207.785,-0.52028,1819.7,,0.341786510893,-20.98,0.9058140782368459,19408858775.92779
1418281,2324766,,,SDSSJ135057.68-003056.0,,,G,207.74,-0.51559,2269.86,,0.412073126037,-20.6,0.9058145836988906,13677288255.958578
1418282,2324767,,,SDSSJ135027.80-002314.4,,,G,207.616,-0.38733,1845.02,,0.345835732918,-20.58,0.9058150799352132,13427649611.378641
1418283,2324768,,,SDSSJ135106.56-003009.8,,,G,207.777,-0.50276,2249.05,,0.408898134449,-20.84,0.9058157104402348,17060823890.03121
1418284,2324769,,,SDSSJ134902.56-011128.8,,,G,207.261,-1.19138,695.0239999999999,,0.146065993033,-20.31,0.9058160974202611,10471285480.508986
1418285,2324770,,,SDSSJ134919.32-004133.1,,,G,207.331,-0.6924899999999999,2844.46,,0.497329388665,-20.86,0.9058167396472464,17378008287.49384
1418286,2324771,,,SDSSJ134921.11-005500.5,,,G,207.338,-0.91681,1555.97,,0.29884043942,-19.92,0.9058170098492404,7311390834.834217
1418287,2324772,,,SDSSJ134939.20-001809.0,,,G,207.413,-0.30251,1282.33,,0.252617736309,-20.76,0.9058175955672122,15848931924.611176
1418288,2324773,,,SDSSJ134956.21-002756.6,,,G,207.484,-0.46571,1276.44,,0.251602175801,-20.94,0.9058182869022208,18706821403.658016
1418289,2324774,,,SDSSJ135019.62-001727.8,,,G,207.582,-0.29104,2249.05,,0.408898134449,-21.29,0.9058192412101884,25822601906.34601
1418290,2324775,,,SDSSJ135011.08-001631.9,,,G,207.546,-0.27553,1599.56,,0.30604050302,-20.84,0.9058198717152102,17060823890.03121
1418291,2324776,,,SDSSJ135009.53-001903.1,,,G,207.54,-0.31752,2147.83,,0.3933577066790001,-20.94,0.9058205630502189,18706821403.658016
1418294,2324779,,,SDSSJ134914.45-000839.7,,,G,207.31,-0.14437,1230.27,,0.243607681804,-20.73,0.9058232226956744,15417004529.495615
1418295,2324780,,,SDSSJ134734.74-003504.8,,,G,206.895,-0.5847100000000001,1629.3,,0.310928675464,-20.82,0.9058238416926824,16749428760.26445
1418296,2324781,,,SDSSJ134723.03-000445.1,,,G,206.846,-0.07922,2500.35,,0.446809663405,-20.46,0.9058242860052012,12022644346.17418
1418297,2324782,,,SDSSJ134821.90-004057.8,,,G,207.091,-0.6827,1013.91,,0.205326132663,-20.78,0.905824882612483,16143585568.264938
1418298,2324783,,,SDSSJ134819.85-005048.2,,,G,207.083,-0.84677,1004.62,,0.203650331825,-20.87,0.9058255307819212,17538805018.417603
1418299,2324784,,,SDSSJ134818.98-010002.1,,,G,207.079,-1.00056,1853.53,,0.34719380359700003,-20.73,0.9058261005374522,15417004529.495615
1418301,2324786,,,SDSSJ134637.71-001241.9,,,G,206.657,-0.21165,1235.95,,0.244594262297,-21.1,0.9058272611322424,21677041048.19705
1418302,2324787,,,SDSSJ134704.95-010103.5,,,G,206.771,-1.01761,2070.14,,0.381317350659,-20.19,0.905827607620523,9375620069.258831
1418303,2324788,,,SDSSJ134657.28-004833.4,,,G,206.739,-0.8092699999999999,2070.14,,0.381317350659,-20.92,0.9058282863372455,18365383433.483585
1418304,2324789,,,SDSSJ134449.34-001913.5,,,G,206.206,-0.32042,1023.29,,0.207015583508,-20.91,0.905828958831456,18197008586.099827
1418305,2324790,,,SDSSJ134524.04-002232.0,,,G,206.35,-0.37559,1976.97,,0.366742503371,-20.57,0.9058294505182568,13304544179.780985
1418306,2324791,,,SDSSJ134553.60-001011.8,,,G,206.473,-0.1699,1674.94,,0.318393549197,-21.09,0.9058302442770506,21478304741.30537
1418307,2324792,,,SDSSJ134516.78-011054.7,,,G,206.32,-1.18186,682.3389999999998,,0.143628101814,-19.66,0.9058304569383924,5754399373.371567
1418308,2324793,,,SDSSJ134547.71-004950.3,,,G,206.449,-0.83068,2365.92,,0.426644193322,-20.04,0.9058307587170692,8165823713.585939
1418309,2324794,,,SDSSJ134548.90-004313.9,,,G,206.454,-0.72051,2013.72,,0.372509526255,-20.84,0.9058313892220908,17060823890.03121
1418310,2324795,,,SDSSJ134508.93-004400.2,,,G,206.287,-0.73337,2679.17,,0.473251196626,-20.56,0.9058318764010796,13182567385.564049
1418311,2324796,,,SDSSJ134407.04-002703.4,,,G,206.029,-0.45099,1399.59,,0.272650696325,-20.58,0.9058323726374022,13427649611.378641
1418315,2324800,,,SDSSJ135135.27-005050.2,,,G,207.897,-0.84729,2098.94,,0.385792452896,-20.17,0.9058343026350948,9204495717.53176
1418336,2324821,,,SDSSJ135950.68-010238.7,,,G,209.961,-1.0441,1786.49,,0.3364569182280001,-20.67,0.9058463613968948,14588142602.753534
1418337,2324822,,,SDSSJ135945.46-010308.6,,,G,209.939,-1.05242,1811.34,,0.340446920223,-20.83,0.9058469861214116,16904409316.4327
1418339,2324824,,,SDSSJ135839.56-005809.4,,,G,209.665,-0.96929,941.89,,0.19225971613,-20.78,0.9058479489035748,16143585568.264938
1418341,2324826,,,SDSSJ135917.02-002629.1,,,G,209.821,-0.44143,1836.54,,0.34448081224,-20.61,0.905848907466294,13803842646.028866
1418343,2324828,,,SDSSJ135833.06-002148.1,,,G,209.638,-0.36334,1659.59,,0.315887827944,-20.57,0.9058499187763148,13304544179.780985
1418344,2324829,,,SDSSJ135849.58-001046.3,,,G,209.707,-0.17953,1651.96,,0.31464042732,-20.38,0.9058503315277096,11168632477.805613
1418345,2324830,,,SDSSJ135758.64-002821.9,,,G,209.495,-0.47276,1659.59,,0.315887827944,-20.99,0.9058510554443336,19588446735.05989
1418346,2324831,,,SDSSJ135656.07-000255.5,,,G,209.234,-0.04873,1452.11,,0.281511230756,-20.96,0.9058517596322198,19054607179.632526
1418347,2324832,,,SDSSJ135647.37-010419.1,,,G,209.197,-1.072,2089.3,,0.384295992148,-20.39,0.9058521762027564,11271974561.75514
1418348,2324833,,,SDSSJ135708.72-004643.3,,,G,209.286,-0.77873,950.605,,0.193850046925,-20.62,0.9058526910620419,13931568029.453035
1418349,2324834,,,SDSSJ135645.89-011146.5,,,G,209.191,-1.1962700000000002,2060.63,,0.379836429918,-21.32,0.9058536721061862,26546055619.75547
1418350,2324835,,,SDSSJ135709.60-011105.9,,,G,209.29,-1.18498,2079.7,,0.382804361402,-21.1,0.9058544732095396,21677041048.19705
1418351,2324836,,,SDSSJ135604.47-001825.0,,,G,209.019,-0.30694,1828.1,,0.343131141566,-20.54,0.90585495149651,12941958414.499916
1418352,2324837,,,SDSSJ135619.88-011234.8,,,G,209.083,-1.20965,1213.39,,0.240670200335,-20.95,0.9058556492283628,18879913490.962925
1418353,2324838,,,SDSSJ135529.77-003343.8,,,G,208.874,-0.56219,2238.72,,0.40731956366,-20.98,0.9058563665080792,19408858775.92779
1418354,2324839,,,SDSSJ135538.95-001558.2,,,G,208.912,-0.26615,928.966,,0.189896374948,-20.62,0.905856881367365,13931568029.453035
1418355,2324840,,,SDSSJ135409.04-005226.9,,,G,208.538,-0.8741700000000001,916.22,,0.18756012378,-20.46,0.9058573256798836,12022644346.17418
1418356,2324841,,,SDSSJ135308.25-003319.0,,,G,208.284,-0.55529,2249.05,,0.408898134449,-20.83,0.9058579504044004,16904409316.4327
1418357,2324842,,,SDSSJ135312.89-002952.9,,,G,208.304,-0.49804,1445.44,,0.280389620195,-21.19,0.905858820743611,23550492838.96009
1420396,2326968,,,SDSSJ132431.28-023428.5,,,G,201.13,-2.57461,1828.1,,0.343131141566,-20.91,0.906906304538314,18197008586.099827
1420397,2326969,,,SDSSJ132354.09-032651.9,,,G,200.975,-3.44772,1499.68,,0.28947947474,-21.47,0.9069074309277012,30478949896.27996
1420398,2326970,,,SDSSJ132343.86-033007.5,,,G,200.933,-3.50213,2466.04,,0.441687130844,-20.43,0.90690786313147,11694993910.198748
1420399,2326971,,,SDSSJ132400.69-023653.9,,,G,201.003,-2.61495,1828.1,,0.343131141566,-20.06,0.9069081705206312,8317637711.02671
1420400,2326972,,,SDSSJ132313.34-022340.1,,,G,200.806,-2.39443,1811.34,,0.340446920223,-21.11,0.906908979036503,21877616239.49561
1420401,2326973,,,SDSSJ132332.66-032601.6,,,G,200.886,-3.43374,2466.04,,0.441687130844,-20.57,0.9069094707233036,13304544179.780985
1420402,2326974,,,SDSSJ132244.22-032952.0,,,G,200.68400000000003,-3.49782,2023.02,,0.373965036983,-20.85,0.9069101070623165,17218685749.86016
1420403,2326975,,,SDSSJ132307.50-024331.6,,,G,200.781,-2.72548,1770.11,,0.33382015691,-20.44,0.9069105432652176,11803206356.517323
1420404,2326976,,,SDSSJ132243.97-022953.4,,,G,200.683,-2.49817,1432.19,,0.27815836907900005,-21.71,0.9069119483047694,38018939632.05628
1420405,2326977,,,SDSSJ132142.48-032726.7,,,G,200.427,-3.45745,1621.81,,0.30969933485,-20.54,0.9069124265917398,12941958414.499916
1420406,2326978,,,SDSSJ132210.11-031402.7,,,G,200.542,-3.23403,1399.59,,0.272650696325,-21.06,0.9069131987184028,20892961308.54041
1420407,2326979,,,SDSSJ132202.96-030746.5,,,G,200.512,-3.1295900000000003,851.138,,0.175541817771,-20.08,0.9069135118223552,8472274141.40598
1420408,2326980,,,SDSSJ132238.95-024015.5,,,G,200.662,-2.67099,1659.59,,0.315887827944,-20.09,0.9069138278234228,8550667128.846841
1420409,2326981,,,SDSSJ132236.40-023708.7,,,G,200.652,-2.6191,1629.3,,0.310928675464,-21.22,0.9069147225463159,24210290467.3618
1420410,2326982,,,SDSSJ132241.14-023712.0,,,G,200.672,-2.6200900000000003,1629.3,,0.310928675464,-20.73,0.9069152923018468,15417004529.495615
1420411,2326983,,,SDSSJ132125.39-025109.6,,,G,200.356,-2.8526700000000003,2070.14,,0.381317350659,-20.9,0.9069159586305934,18030177408.5957
1420412,2326984,,,SDSSJ132111.89-023600.7,,,G,200.3,-2.60015,512.861,,0.110378365189,-18.92,0.9069160661999448,2910717118.06662
1420413,2326985,,,SDSSJ132036.18-023227.4,,,G,200.151,-2.54097,1614.36,,0.308475454238,-20.49,0.9069165229604554,12359474334.445068
1420414,2326986,,,SDSSJ132023.30-033233.7,,,G,200.097,-3.54272,1445.44,,0.280389620195,-20.54,0.9069170012474258,12941958414.499916
1420415,2326987,,,SDSSJ132110.40-030947.8,,,G,200.293,-3.16328,1599.56,,0.30604050302,-20.59,0.9069175020753666,13551894123.510351
1420416,2326988,,,SDSSJ132017.95-030136.0,,,G,200.075,-3.02668,2060.63,,0.379836429918,-21.01,0.9069182394506052,19952623149.688828
1420418,2326990,,,SDSSJ132005.57-025906.8,,,G,200.023,-2.98528,1425.61,,0.27704872852400003,-20.95,0.9069195505044676,18879913490.962925
1420426,2326998,,,SDSSJ132447.35-032055.1,,,G,201.197,-3.34865,1153.45,,0.230174395087,-21.12,0.906924290147279,22080047330.18906
1420427,2326999,,,SDSSJ132448.99-024507.2,,,G,201.204,-2.752,2228.44,,0.405746872873,-20.11,0.9069246120232449,8709635899.560833
1420428,2327000,,,SDSSJ132456.27-024921.0,,,G,201.234,-2.82253,2570.4,,0.457218318609,-20.97,0.9069253227269016,19230917289.101616
1420438,2327010,,,SDSSJ132000.71-015348.5,,,G,200.003,-1.8968,2535.13,,0.451985955993,-20.83,0.90692938196227,16904409316.4327
1420439,2327011,,,SDSSJ132003.80-014957.7,,,G,200.016,-1.83266,1096.48,,0.220101530051,-20.32,0.9069297725229786,10568175092.136606
1420440,2327012,,,SDSSJ132020.58-015937.8,,,G,200.086,-1.99387,2535.13,,0.451985955993,-20.32,0.9069301630836868,10568175092.136606
1420442,2327014,,,SDSSJ132050.50-013104.1,,,G,200.21,-1.51783,1406.05,,0.273744166872,-21.1,0.9069319273251111,21677041048.19705
1420443,2327015,,,SDSSJ132033.72-020433.3,,,G,200.141,-2.07597,1406.05,,0.273744166872,-20.7,0.906932481553222,14996848355.02374
1420444,2327016,,,SDSSJ132034.43-014411.0,,,G,200.144,-1.73636,1629.3,,0.310928675464,-21.02,0.90693322575131,20137242498.62389
1420445,2327017,,,SDSSJ132041.55-020842.9,,,G,200.173,-2.14534,2167.7,,0.396421188211,-20.65,0.9069337550350468,14321878992.735456
1420446,2327018,,,SDSSJ132055.79-013830.5,,,G,200.232,-1.64178,1406.05,,0.273744166872,-20.83,0.9069343797595636,16904409316.4327
1420447,2327019,,,SDSSJ132157.61-012136.6,,,G,200.49,-1.36019,1061.7,,0.213903796952,-20.98,0.90693509703928,19408858775.92779
1420448,2327020,,,SDSSJ132251.63-012601.2,,,G,200.715,-1.4336799999999998,654.636,,0.13828065914,-20.39,0.9069355136098164,11271974561.75514
1420449,2327021,,,SDSSJ132338.38-020233.2,,,G,200.91,-2.04254,1419.06,,0.275943287972,-21.21,0.9069364001298412,23988329190.195045
1420450,2327022,,,SDSSJ132323.33-015941.9,,,G,200.847,-1.99493,1786.49,,0.3364569182280001,-20.42,0.906936828371142,11587773561.55131
1420451,2327023,,,SDSSJ132431.74-012822.9,,,G,201.132,-1.47302,1879.32,,0.351301405651,-20.66,0.9069373625522812,14454397707.459282
1420452,2327024,,,SDSSJ132424.76-021656.0,,,G,201.103,-2.28221,1132.4,,0.226463693232,-20.72,0.906937927084262,15275660582.380762
1470685,2377661,,,SDSSJ133243.69-031035.2,,,G,203.182,-3.17646,2041.74,,0.376890548445,-20.75,0.9298121664929502,15703628043.33558
1470686,2377662,,,SDSSJ133254.33-031542.8,,,G,203.226,-3.26191,1013.91,,0.205326132663,-20.6,0.9298126719549948,13677288255.958578
1470687,2377663,,,SDSSJ133257.58-031433.5,,,G,203.24,-3.24264,340.408,,0.0750947775474,-19.98,0.9298129575091932,7726805850.957022
1470688,2377664,,,SDSSJ133236.71-031702.8,,,G,203.153,-3.28409,1828.1,,0.343131141566,-19.93,0.9298132302113356,7379042301.291045
1470689,2377665,,,SDSSJ133245.19-030240.3,,,G,203.188,-3.04453,1288.25,,0.253637706819,-21.27,0.9298141671012198,25351286304.979076
1470690,2377666,,,SDSSJ133253.12-024805.6,,,G,203.221,-2.80161,682.3389999999998,,0.143628101814,-20.05,0.9298144716722202,8241381150.13003
1470691,2377667,,,SDSSJ133328.42-023032.4,,,G,203.36900000000003,-2.50895,843.335,,0.174090507045,-20.56,0.9298149588512092,13182567385.564049
1470692,2377668,,,SDSSJ133345.60-021830.9,,,G,203.44,-2.3085400000000003,946.237,,0.193053306527,-20.51,0.9298154241035316,12589254117.941713
1470693,2377669,,,SDSSJ133348.50-022837.4,,,G,203.452,-2.47706,492.04,,0.1062006231,-19.43,0.9298155961669512,4655860935.229601
1470694,2377670,,,SDSSJ133223.54-031408.1,,,G,203.098,-3.23557,2032.36,,0.3754253777130001,-20.93,0.9298162811637624,18535316234.148144
1470695,2377671,,,SDSSJ133219.03-031901.0,,,G,203.079,-3.31695,688.6519999999998,,0.144842322421,-19.26,0.9298164282894652,3981071705.534985
1470696,2377672,,,SDSSJ133103.84-032311.8,,,G,202.766,-3.38665,835.6030000000002,,0.172650326325,-20.27,0.929816801272046,10092528860.766834
1470697,2377673,,,SDSSJ133128.00-031213.8,,,G,202.867,-3.2038,398.107,,0.08707801353900001,-19.03,0.9298169203108486,3221068791.283441
1470698,2377674,,,SDSSJ133156.28-025202.7,,,G,202.984,-2.86741,389.045,,0.08520817260410002,-19.12,0.9298170496376541,3499451670.2835765
1470699,2377675,,,SDSSJ133230.59-023452.6,,,G,203.127,-2.58129,1158.78,,0.231111835556,-21.04,0.9298178076714172,20511621788.25571
1470700,2377676,,,SDSSJ133203.66-022533.9,,,G,203.015,-2.42614,2089.3,,0.384295992148,-20.58,0.92981830390774,13427649611.378641
1470701,2377677,,,SDSSJ133032.19-033345.8,,,G,202.634,-3.56275,2208.0,,0.402615141308,-20.21,0.9298186568377186,9549925860.214407
1470702,2377678,,,SDSSJ132951.84-031554.8,,,G,202.466,-3.26526,879.023,,0.180709710355,-20.51,0.9298191220900409,12589254117.941713
1470703,2377679,,,SDSSJ132847.15-031339.3,,,G,202.196,-3.22764,2098.94,,0.385792452896,-20.5,0.9298195830769048,12473835142.429485
1470704,2377680,,,SDSSJ132856.86-032619.7,,,G,202.237,-3.4388,2089.3,,0.384295992148,-20.4,0.9298200035019212,11376272858.234331
1470705,2377681,,,SDSSJ132821.68-032625.2,,,G,202.09,-3.44037,2535.13,,0.451985955993,-20.74,0.9298205785293352,15559656316.05075
1470706,2377682,,,SDSSJ132810.67-025742.2,,,G,202.044,-2.96168,847.227,,0.17481479740699998,-21.07,0.9298213578003984,21086281499.332973
1470707,2377683,,,SDSSJ133105.76-023024.1,,,G,202.774,-2.5067,1794.73,,0.337781178891,-20.41,0.9298217821155595,11481536214.968842
1470708,2377684,,,SDSSJ132843.97-023728.8,,,G,202.183,-2.62468,310.456,,0.06879855439930001,-19.18,0.9298219187903918,3698281797.8026743
1470709,2377685,,,SDSSJ132714.96-030301.2,,,G,201.812,-3.05036,2218.2,,0.404178802089,-20.7,0.9298224730185028,14996848355.02374
1470710,2377686,,,SDSSJ132650.94-021844.4,,,G,201.712,-2.3123,2249.05,,0.408898134449,-21.3,0.9298234361565731,26061535499.988976
1470711,2377687,,,SDSSJ132600.84-030307.5,,,G,201.503,-3.05207,2488.86,,0.445096062548,-20.62,0.9298239510158588,13931568029.453035
1470712,2377688,,,SDSSJ132545.29-023419.8,,,G,201.439,-2.57216,476.431,,0.103054611527,-19.75,0.9298241820565898,6251726927.756875
1470713,2377689,,,SDSSJ132611.16-024211.9,,,G,201.546,-2.70333,1091.44,,0.219205669603,-20.92,0.9298248607733124,18365383433.483585
1470714,2377690,,,SDSSJ132516.02-022907.3,,,G,201.317,-2.48539,2897.34,,0.504963102482,-21.46,0.9298259768358994,30199517204.020317
1470715,2377691,,,SDSSJ132229.34-022722.5,,,G,200.622,-2.45628,1811.34,,0.340446920223,-20.08,0.9298262899398516,8472274141.40598
1470716,2377692,,,SDSSJ132508.86-024009.2,,,G,201.287,-2.66927,1061.7,,0.213903796952,-20.73,0.9298268596953826,15417004529.495615
1470717,2377693,,,SDSSJ132505.15-015245.2,,,G,201.272,-1.87917,1706.08,,0.323461691731,-20.73,0.9298274294509136,15417004529.495615
1470718,2377694,,,SDSSJ132640.06-011659.8,,,G,201.667,-1.28335,383.707,,0.0841048320524,-18.99,0.9298275441839664,3104559588.128349
1470719,2377695,,,SDSSJ132619.26-012928.1,,,G,201.58,-1.49111,376.704,,0.08265478132739999,-19.11,0.9298276723250964,3467368504.525324
1470720,2377696,,,SDSSJ132610.20-014548.8,,,G,201.542,-1.76358,1729.82,,0.32731183365600003,-19.96,0.9298279526673432,7585775750.291882
1470721,2377697,,,SDSSJ132623.41-021201.8,,,G,201.598,-2.2004900000000003,1432.19,,0.27815836907900005,-21.17,0.929828807121073,23120647901.75608
1470722,2377698,,,SDSSJ132631.46-015750.0,,,G,201.631,-1.96403,2910.72,,0.5068894334449999,-21.04,0.9298295651548364,20511621788.25571
1470723,2377699,,,SDSSJ132658.85-013324.5,,,G,201.745,-1.55684,2546.83,,0.453723496862,-20.53,0.9298300390568452,12823305826.560284
1470724,2377700,,,SDSSJ132735.77-020130.6,,,G,201.899,-2.0252,862.9789999999998,,0.17773967887000006,-20.48,0.9298304916297504,12246161992.650517
1470725,2377701,,,SDSSJ132831.77-021015.0,,,G,202.132,-2.17087,381.944,,0.08374006187000001,-19.1,0.9298306185960756,3435579478.998757
1470726,2377702,,,SDSSJ132822.94-012440.8,,,G,202.096,-1.4113,660.693,,0.139452669726,-20.19,0.9298309650843559,9375620069.258831
1470727,2377703,,,SDSSJ132837.97-012125.1,,,G,202.158,-1.35698,642.688,,0.135964147982,-20.05,0.9298312696553565,8241381150.13003
1470728,2377704,,,SDSSJ132933.98-015837.3,,,G,202.392,-1.97706,1412.54,,0.274841627421,-19.93,0.9298315423574988,7379042301.291045
1470729,2377705,,,SDSSJ132959.78-021112.2,,,G,202.499,-2.18671,1361.44,,0.266171773086,-20.69,0.929832091504416,14859356422.87009
1470730,2377706,,,SDSSJ133036.17-020140.6,,,G,202.651,-2.02798,405.509,,0.0886017743009,-19.45,0.9298322667667333,4742419852.6024475
1470731,2377707,,,SDSSJ133034.59-020538.5,,,G,202.644,-2.09402,1432.19,,0.27815836907900005,-21.23,0.9298331697683956,24434305526.939716
1470732,2377708,,,SDSSJ133109.27-014206.0,,,G,202.789,-1.70166,366.4380000000001,,0.08052412026210001,-17.54,0.9298331999462632,816582371.3585941
1470733,2377709,,,SDSSJ133105.72-014551.2,,,G,202.774,-1.7642,3090.3,,0.5325489262740001,-21.06,0.9298339720729264,20892961308.54041
1470734,2377710,,,SDSSJ133036.77-021001.8,,,G,202.653,-2.16718,1555.97,,0.29884043942,-20.26,0.9298343416359826,10000000000.0
1470735,2377711,,,SDSSJ132932.92-011846.4,,,G,202.387,-1.31291,1541.7,,0.296474158237,-20.22,0.929834697831582,9638290236.239744
1470736,2377712,,,SDSSJ132954.30-012521.8,,,G,202.476,-1.42275,1164.13,,0.232052006026,-20.54,0.9298351761185524,12941958414.499916
1470737,2377713,,,SDSSJ133118.52-014633.7,,,G,202.827,-1.77603,1174.9,,0.233942216971,-20.87,0.9298358242879906,17538805018.417603
1470738,2377714,,,SDSSJ133107.22-013155.9,,,G,202.78,-1.53221,1819.7,,0.341786510893,-20.28,0.9298362007217368,10185913880.541231
1470739,2377715,,,SDSSJ133104.94-011958.3,,,G,202.771,-1.33283,1169.5,,0.232994906497,-21.16,0.9298370473417876,22908676527.6777
1470740,2377716,,,SDSSJ133104.09-014229.2,,,G,202.767,-1.7081,1164.13,,0.232052006026,-20.74,0.9298376223692016,15559656316.05075
1470741,2377717,,,SDSSJ133129.32-011857.2,,,G,202.872,-1.31592,1548.82,,0.297655408828,-21.14,0.9298384535366949,22490546058.357918
1470742,2377718,,,SDSSJ133324.72-020807.9,,,G,203.353,-2.13557,1753.88,,0.331202295601,-20.45,0.929838893775732,11912420080.273762
1470743,2377719,,,SDSSJ133644.91-032828.6,,,G,204.187,-3.4745800000000004,870.9639999999998,,0.17921891960900002,-20.23,0.9298392532671688,9727472237.76964
1470744,2377720,,,SDSSJ133617.59-033146.8,,,G,204.073,-3.52971,2089.3,,0.384295992148,-21.01,0.9298399906424074,19952623149.688828
1470745,2377721,,,SDSSJ133656.45-032646.6,,,G,204.235,-3.44632,859.0139999999999,,0.17700425850200002,-20.5,0.9298404516292712,12473835142.429485
1470746,2377722,,,SDSSJ133828.62-025150.5,,,G,204.61900000000003,-2.86401,480.839,,0.103944381972,-19.48,0.9298406318017898,4875284901.033871
1470747,2377723,,,SDSSJ133804.12-022425.4,,,G,204.517,-2.407,1061.7,,0.213903796952,-20.78,0.9298412284090716,16143585568.264938
1470748,2377724,,,SDSSJ133803.58-021927.3,,,G,204.515,-2.32423,1056.82,,0.213031246516,-20.84,0.9298418589140932,17060823890.03121
1470749,2377725,,,SDSSJ133602.41-033155.1,,,G,204.01,-3.5319300000000005,812.831,,0.16839593419799995,-20.68,0.9298424030264012,14723125024.327225
1470750,2377726,,,SDSSJ133542.21-030214.0,,,G,203.926,-3.03724,485.289,,0.104841502421,-19.15,0.9298425359764648,3597493351.557431
1470751,2377727,,,SDSSJ133645.54-023007.2,,,G,204.19,-2.50202,1042.32,,0.210434175217,-20.7,0.9298430902045758,14996848355.02374
1470752,2377728,,,SDSSJ133647.00-022744.3,,,G,204.196,-2.46231,1032.76,,0.208718264359,-20.68,0.9298436343168835,14723125024.327225
1470753,2377729,,,SDSSJ133648.43-022130.4,,,G,204.202,-2.35842,2766.94,,0.486078423039,-20.24,0.9298439971346538,9817479430.199823
1470754,2377730,,,SDSSJ133657.49-021600.7,,,G,204.24,-2.26683,399.945,,0.0874566437283,-19.39,0.9298441629743716,4487453899.331332
1470755,2377731,,,SDSSJ133725.91-021914.4,,,G,204.358,-2.32065,1164.13,,0.232052006026,-20.51,0.929844628226694,12589254117.941713
1470756,2377732,,,SDSSJ133434.85-025528.6,,,G,203.645,-2.92458,1770.11,,0.33382015691,-20.92,0.9298453069434168,18365383433.483585
1470757,2377733,,,SDSSJ133440.67-031636.6,,,G,203.669,-3.27687,434.51,,0.0945437272719,-19.6,0.9298455081714811,5445026528.424242
1470758,2377734,,,SDSSJ133436.09-032425.0,,,G,203.65,-3.40696,950.605,,0.193850046925,-20.58,0.9298460044078036,13427649611.378641
1470759,2377735,,,SDSSJ133418.97-025949.2,,,G,203.579,-2.99704,824.138,,0.170510845255,-20.26,0.9298463739708598,10000000000.0
1470760,2377736,,,SDSSJ133523.82-023148.7,,,G,203.849,-2.5302,489.779,,0.105745762873,-19.91,0.9298466416956273,7244359600.74989
1470761,2377737,,,SDSSJ133325.58-023201.6,,,G,203.357,-2.53383,2558.59,,0.455468177734,-20.34,0.9298470395174012,10764652136.29835
1470762,2377738,,,SDSSJ133422.79-024243.6,,,G,203.595,-2.71211,1042.32,,0.210434175217,-20.66,0.9298475736985402,14454397707.459282
1470763,2377739,,,SDSSJ133303.24-023816.6,,,G,203.263,-2.63796,679.204,,0.143024771512,-20.24,0.9298479365163104,9817479430.199823
1470764,2377740,,,SDSSJ133035.90-022426.1,,,G,202.65,-2.40722,2924.15,,0.508821014411,-21.13,0.9298487600636144,22284351492.702984
1470765,2377741,,,SDSSJ133021.81-025842.6,,,G,202.591,-2.97848,1794.73,,0.337781178891,-20.88,0.9298494142304906,17701089583.174183
1470766,2377742,,,SDSSJ132929.91-031853.6,,,G,202.375,-3.3149,2523.48,,0.450253875127,-20.67,0.9298499533543471,14588142602.753534
1470767,2377743,,,SDSSJ133136.93-033213.1,,,G,202.904,-3.5369900000000003,2013.72,,0.372509526255,-20.51,0.9298504186066694,12589254117.941713
1470768,2377744,,,SDSSJ133059.56-025538.6,,,G,202.748,-2.92735,839.46,,0.173369156685,-21.24,0.9298513299637032,24660393372.34336
1470769,2377745,,,SDSSJ132956.35-025541.4,,,G,202.485,-2.92813,870.9639999999998,,0.17921891960900002,-20.42,0.9298517582050042,11587773561.55131
1470770,2377746,,,SDSSJ132846.79-022737.5,,,G,202.195,-2.46046,1520.55,,0.292958546479,-19.21,0.9298518987089592,3801893963.205628
1470771,2377747,,,SDSSJ132842.18-022613.6,,,G,202.176,-2.43715,1492.79,,0.288328674164,-20.82,0.9298525177059672,16749428760.26445
1470772,2377748,,,SDSSJ132917.22-031229.5,,,G,202.322,-3.20815,946.237,,0.193053306527,-20.58,0.9298530139422901,13427649611.378641
1470773,2377749,,,SDSSJ132841.87-025456.9,,,G,202.175,-2.91586,903.649,,0.185250332625,-20.54,0.9298534922292604,12941958414.499916
1470774,2377750,,,SDSSJ132731.49-023144.3,,,G,201.881,-2.52894,2477.42,,0.443388131694,-20.5,0.9298539532161241,12473835142.429485
1470775,2377751,,,SDSSJ132940.14-011645.5,,,G,202.417,-1.2793,1761.98,,0.332509546255,-20.47,0.9298544016398158,12133888504.649809
1470776,2377752,,,SDSSJ132854.87-012725.0,,,G,202.229,-1.45692,1164.13,,0.232052006026,-20.82,0.9298550206368236,16749428760.26445
1470777,2377753,,,SDSSJ132856.04-013629.1,,,G,202.233,-1.60802,688.6519999999998,,0.144842322421,-20.04,0.9298553224155004,8165823713.585939
1470778,2377754,,,SDSSJ132918.79-014040.9,,,G,202.328,-1.67805,1412.54,,0.274841627421,-20.96,0.9298560266033864,19054607179.632526
1470779,2377755,,,SDSSJ132830.98-021150.3,,,G,202.129,-2.19732,1811.34,,0.340446920223,-20.58,0.9298565228397092,13427649611.378641
1470780,2377756,,,SDSSJ133018.27-012047.7,,,G,202.576,-1.34654,2454.71,,0.439992009996,-19.67,0.9298567374687822,5807644175.2131605
1470781,2377757,,,SDSSJ132943.23-020035.0,,,G,202.43,-2.00976,1425.61,,0.27704872852400003,-20.63,0.929857257092002,14060475241.29913
1470782,2377758,,,SDSSJ133216.21-014118.0,,,G,203.067,-1.6883400000000002,1458.81,,0.282636621318,-21.03,0.92985800817607,20323570109.36229
1470783,2377759,,,SDSSJ133337.19-013910.2,,,G,203.405,-1.6529,1465.55,,0.283767891884,-20.84,0.9298586386810916,17060823890.03121
1470784,2377760,,,SDSSJ133058.20-015113.0,,,G,202.743,-1.85358,381.944,,0.08374006187000001,-19.08,0.9298587633300204,3372873086.588692
1470785,2377761,,,SDSSJ133119.50-020706.6,,,G,202.831,-2.11851,972.747,,0.19787910894,-20.7,0.9298593175581312,14996848355.02374
1470786,2377762,,,SDSSJ133153.40-020150.4,,,G,202.972,-2.0307,396.278,,0.0867008533504,-19.13,0.9298594480815828,3531831697.9195704
1470787,2377763,,,SDSSJ133212.40-015602.7,,,G,203.052,-1.93404,1853.53,,0.34719380359700003,-20.42,0.9298598763228836,11587773561.55131
1470788,2377764,,,SDSSJ133232.87-015855.3,,,G,203.137,-1.98206,1753.88,,0.331202295601,-20.54,0.929860354609854,12941958414.499916
1470789,2377765,,,SDSSJ133245.38-020224.9,,,G,203.189,-2.04028,1499.68,,0.28947947474,-20.81,0.9298609679318636,16595869074.375563
1470790,2377766,,,SDSSJ133441.55-012002.0,,,G,203.673,-1.33388,1555.97,,0.29884043942,-21.03,0.9298617190159314,20323570109.36229
1470791,2377767,,,SDSSJ133355.92-014110.4,,,G,203.483,-1.68622,1479.11,,0.28604030302,-21.53,0.9298629094039575,32210687912.834545
1470792,2377768,,,SDSSJ133425.88-013228.0,,,G,203.608,-1.54115,1729.82,,0.32731183365600003,-20.17,0.9298632495681144,9204495717.53176
1470793,2377769,,,SDSSJ133354.55-014521.0,,,G,203.477,-1.75587,831.7639999999999,,0.171934645967,-20.56,0.9298637367471032,13182567385.564049
1470794,2377770,,,SDSSJ133357.22-014729.1,,,G,203.488,-1.79143,1158.78,,0.231111835556,-20.76,0.9298643224650748,15848931924.611176
1470795,2377771,,,SDSSJ133431.75-021113.7,,,G,203.632,-2.18719,1761.98,,0.332509546255,-20.93,0.9298650074618862,18535316234.148144
1470796,2377772,,,SDSSJ133349.20-021040.8,,,G,203.455,-2.17795,1803.02,,0.339112369556,-20.19,0.9298653539501668,9375620069.258831
1470797,2377773,,,SDSSJ133540.32-011414.5,,,G,203.918,-1.23734,1412.54,,0.274841627421,-21.32,0.9298663349943108,26546055619.75547
1470798,2377774,,,SDSSJ133543.31-011710.2,,,G,203.93,-1.28617,1047.13,,0.211296435648,-21.05,0.9298671000420742,20701413487.910458
1470799,2377775,,,SDSSJ133600.65-013517.9,,,G,204.003,-1.58828,512.861,,0.110378365189,-19.88,0.9298673604705984,7046930689.671453
1470800,2377776,,,SDSSJ133548.98-013649.6,,,G,203.954,-1.61384,381.944,,0.08374006187000001,-19.46,0.929867537354598,4786300923.226399
1470801,2377777,,,SDSSJ134302.28-032002.1,,,G,205.76,-3.33389,704.693,,0.14791966396,-20.17,0.9298678775187544,9204495717.53176
1470802,2377778,,,SDSSJ134404.61-024312.7,,,G,206.019,-2.72022,2013.72,,0.372509526255,-20.76,0.9298684632367262,15848931924.611176
1470803,2377779,,,SDSSJ134435.99-023853.6,,,G,206.15,-2.64826,1940.89,,0.361057590529,-20.84,0.929869093741748,17060823890.03121
1470804,2377780,,,SDSSJ134429.98-022407.5,,,G,206.125,-2.40205,387.258,,0.08483899241949999,-19.31,0.9298692478012712,4168693834.7033467
1470805,2377781,,,SDSSJ134423.47-022239.2,,,G,206.098,-2.37758,1180.32,,0.234892257446,-20.93,0.9298699327980826,18535316234.148144
1470806,2377782,,,SDSSJ134021.97-031834.6,,,G,205.092,-3.30965,1836.54,,0.34448081224,-20.33,0.9298703269726049,10665961212.302591
1470807,2377783,,,SDSSJ134128.76-032157.0,,,G,205.37,-3.36582,1367.73,,0.267242353621,-20.89,0.9298709871924123,17864875748.52061
1470808,2377784,,,SDSSJ134159.45-023540.3,,,G,205.498,-2.59459,1828.1,,0.343131141566,-21.05,0.9298717522401758,20701413487.910458
1470809,2377785,,,SDSSJ134215.67-023749.2,,,G,205.565,-2.63036,1828.1,,0.343131141566,-20.17,0.9298720924043324,9204495717.53176
1470810,2377786,,,SDSSJ134311.73-024229.6,,,G,205.799,-2.7082200000000003,1836.54,,0.34448081224,-20.44,0.9298725286072336,11803206356.517323
1470811,2377787,,,SDSSJ134208.94-023022.3,,,G,205.537,-2.50616,1213.39,,0.240670200335,-20.94,0.9298732199422424,18706821403.658016
1470812,2377788,,,SDSSJ134224.82-022602.4,,,G,205.603,-2.43396,2004.47,,0.37106010553,-20.12,0.9298735447964899,8790225168.308859
1470813,2377789,,,SDSSJ133900.78-025330.0,,,G,204.753,-2.89175,2741.57,,0.48238053119,-20.79,0.9298741469241112,16292960326.397282
1470814,2377790,,,SDSSJ134018.95-030854.8,,,G,205.079,-3.14858,874.9839999999998,,0.179962949981,-20.31,0.9298745339041374,10471285480.508986
1470815,2377791,,,SDSSJ134045.03-024923.4,,,G,205.188,-2.82315,1606.94,,0.307255353628,-20.87,0.9298751820735756,17538805018.417603
1470816,2377792,,,SDSSJ134046.68-025150.5,,,G,205.195,-2.86397,2910.72,,0.5068894334449999,-21.18,0.9298760444334684,23334580622.810143
1470817,2377793,,,SDSSJ134135.59-023215.8,,,G,205.398,-2.53771,1458.81,,0.282636621318,-20.46,0.9298764887459872,12022644346.17418
1470818,2377794,,,SDSSJ134114.67-022253.5,,,G,205.311,-2.3815,1644.37,,0.313398486699,-20.93,0.9298771737427984,18535316234.148144
1470819,2377795,,,SDSSJ134145.96-022027.3,,,G,205.441,-2.34091,1836.54,,0.34448081224,-20.23,0.9298775332342352,9727472237.76964
1470820,2377796,,,SDSSJ133820.78-032448.0,,,G,204.587,-3.41338,2691.53,,0.475063287532,-20.84,0.9298781637392568,17060823890.03121
1470821,2377797,,,SDSSJ133856.21-025613.4,,,G,204.734,-2.93706,1845.02,,0.345835732918,-20.24,0.929878526557027,9817479430.199823
1470822,2377798,,,SDSSJ133849.47-032447.4,,,G,204.706,-3.41321,2108.63,,0.387295003648,-21.32,0.9298795076011712,26546055619.75547
1470823,2377799,,,SDSSJ133830.02-031104.7,,,G,204.625,-3.18473,1845.02,,0.345835732918,-20.85,0.9298801439401838,17218685749.86016
1470824,2377800,,,SDSSJ133817.43-031922.5,,,G,204.573,-3.3229300000000004,2137.96,,0.3918335259170001,-20.62,0.9298806587994694,13931568029.453035
1470825,2377801,,,SDSSJ133827.84-031152.9,,,G,204.616,-3.19807,1836.54,,0.34448081224,-20.52,0.9298811283567188,12705741052.085394
1470826,2377802,,,SDSSJ133817.17-030904.1,,,G,204.572,-3.15119,1836.54,,0.34448081224,-20.79,0.9298817304843398,16292960326.397282
1470827,2377803,,,SDSSJ133940.22-021841.4,,,G,204.918,-2.31148,1032.76,,0.208718264359,-20.84,0.9298823609893614,17060823890.03121
1470828,2377804,,,SDSSJ133943.11-023006.0,,,G,204.93,-2.50168,413.048,,0.0901507350754,-18.76,0.929882453819404,2511886431.509582
1470829,2377805,,,SDSSJ133926.10-025102.7,,,G,204.859,-2.85074,1399.59,,0.272650696325,-20.54,0.9298829321063744,12941958414.499916
1470830,2377806,,,SDSSJ133929.47-024653.6,,,G,204.873,-2.78153,426.58,,0.0929235764618,-19.58,0.9298831296616128,5345643593.969735
1470831,2377807,,,SDSSJ133903.12-022838.3,,,G,204.763,-2.47731,1811.34,,0.340446920223,-20.79,0.9298837317892338,16292960326.397282
1470832,2377808,,,SDSSJ133907.43-022852.6,,,G,204.781,-2.48128,801.678,,0.166305173153,-20.39,0.9298841483597704,11271974561.75514
1470833,2377809,,,SDSSJ133806.96-022357.2,,,G,204.529,-2.39919,1056.82,,0.213031246516,-21.0,0.9298848789747124,19769696401.11866
1470834,2377810,,,SDSSJ133857.80-025028.8,,,G,204.741,-2.84128,448.745,,0.097444038722,-19.88,0.9298851394032364,7046930689.671453
1470835,2377811,,,SDSSJ133644.56-032914.2,,,G,204.186,-3.48729,2089.3,,0.384295992148,-20.54,0.9298856176902068,12941958414.499916
1470836,2377812,,,SDSSJ133618.65-024723.5,,,G,204.078,-2.78983,820.352,,0.16980335490200002,-20.22,0.9298859738858062,9638290236.239744
1470837,2377813,,,SDSSJ133721.29-025121.7,,,G,204.33900000000003,-2.8559900000000003,2197.86,,0.40105925053,-20.56,0.9298864610647952,13182567385.564049
1470838,2377814,,,SDSSJ133614.95-031944.0,,,G,204.062,-3.32892,3451.44,,0.583127031564,-18.84,0.9298865609931068,2703958364.108846
1470839,2377815,,,SDSSJ133522.52-033207.9,,,G,203.844,-3.53552,512.861,,0.110378365189,-19.62,0.92988676596228,5546257129.579103
1470840,2377816,,,SDSSJ133559.58-032412.8,,,G,203.998,-3.40355,835.6030000000002,,0.172650326325,-20.4,0.9298871863872966,11376272858.234331
1470841,2377817,,,SDSSJ133543.70-025927.0,,,G,203.932,-2.99085,496.592,,0.107115803558,-19.45,0.929887361649614,4742419852.6024475
1470842,2377818,,,SDSSJ133513.31-022156.4,,,G,203.805,-2.36563,827.942,,0.17122127561099998,-20.5,0.9298878226364776,12473835142.429485
1470843,2377819,,,SDSSJ133525.60-022006.0,,,G,203.857,-2.33498,835.6030000000002,,0.172650326325,-20.38,0.9298882353878726,11168632477.805613
1470844,2377820,,,SDSSJ133510.59-023258.1,,,G,203.794,-2.54948,851.138,,0.175541817771,-20.65,0.9298887646716096,14321878992.735456
1470845,2377821,,,SDSSJ133346.16-025950.2,,,G,203.442,-2.99731,847.227,,0.17481479740699998,-20.48,0.9298892172445146,12246161992.650517
1470846,2377822,,,SDSSJ133438.79-030529.0,,,G,203.662,-3.0914,2582.26,,0.4589739194870001,-21.18,0.9298900796044072,23334580622.810143
1470847,2377823,,,SDSSJ133307.16-022554.1,,,G,203.28,-2.43175,469.894,,0.101733500867,-19.36,0.9298902409245324,4365158322.401666
1470848,2377824,,,SDSSJ133415.24-013143.4,,,G,203.564,-1.52876,1828.1,,0.343131141566,-20.98,0.9298909582042488,19408858775.92779
1470849,2377825,,,SDSSJ133511.87-011957.4,,,G,203.799,-1.33257,1342.76,,0.262985861493,-20.18,0.9298913015159056,9289663867.7994
1470850,2377826,,,SDSSJ133434.31-013135.7,,,G,203.643,-1.52663,1828.1,,0.343131141566,-20.18,0.9298916448275624,9289663867.7994
1470851,2377827,,,SDSSJ133440.34-013539.7,,,G,203.668,-1.59439,1465.55,,0.283767891884,-20.42,0.9298920730688636,11587773561.55131
1470852,2377828,,,SDSSJ133511.57-013647.5,,,G,203.798,-1.61322,381.944,,0.08374006187000001,-18.98,0.9298921867500376,3076096814.740705
1470853,2377829,,,SDSSJ133351.43-014505.4,,,G,203.46400000000003,-1.7515,1548.82,,0.297655408828,-20.77,0.929892777887591,15995580286.146713
1470854,2377830,,,SDSSJ133453.55-021102.9,,,G,203.723,-2.18412,1555.97,,0.29884043942,-19.72,0.9298930026318204,6081350012.7871895
1470855,2377831,,,SDSSJ133545.09-020415.6,,,G,203.938,-2.07108,1342.76,,0.262985861493,-20.67,0.9298935417556768,14588142602.753534
1470856,2377832,,,SDSSJ133541.84-021319.0,,,G,203.924,-2.22197,827.942,,0.17122127561099998,-20.45,0.9298939819947136,11912420080.273762
1470857,2377833,,,SDSSJ133627.22-020916.6,,,G,204.113,-2.15465,1794.73,,0.337781178891,-20.41,0.929894406309875,11481536214.968842
1470858,2377834,,,SDSSJ133735.80-011712.3,,,G,204.399,-1.28681,679.204,,0.143024771512,-20.44,0.9298948425127762,11803206356.517323
1470859,2377835,,,SDSSJ133726.85-013859.2,,,G,204.362,-1.64978,2606.15,,0.462504861252,-20.52,0.9298953120700256,12705741052.085394
1470860,2377836,,,SDSSJ133659.39-012734.8,,,G,204.248,-1.45967,1828.1,,0.343131141566,-21.24,0.9298962234270594,24660393372.34336
1470861,2377837,,,SDSSJ133754.47-014021.4,,,G,204.477,-1.67261,2238.72,,0.40731956366,-20.03,0.9298965224390124,8090958991.783845
1470862,2377838,,,SDSSJ133715.34-015117.8,,,G,204.314,-1.85492,1355.19,,0.265106652553,-21.39,0.9298975688168912,28313919957.993908
1470863,2377839,,,SDSSJ133812.17-011223.6,,,G,204.551,-1.20658,1548.82,,0.297655408828,-20.46,0.92989801312941,12022644346.17418
1470864,2377840,,,SDSSJ133840.70-005207.9,,,G,204.67,-0.8688799999999999,1786.49,,0.3364569182280001,-20.24,0.9298983759471802,9817479430.199823
1470865,2377841,,,SDSSJ133808.87-013647.5,,,G,204.537,-1.61324,1836.54,,0.34448081224,-20.66,0.9298989101283192,14454397707.459282
1470866,2377842,,,SDSSJ133945.13-014232.9,,,G,204.938,-1.70914,843.335,,0.174090507045,-20.72,0.9298994746603,15275660582.380762
1470867,2377843,,,SDSSJ133944.99-015227.0,,,G,204.938,-1.87416,409.261,,0.08937310468660001,-18.67,0.9298995601056732,2312064790.1756077
1470868,2377844,,,SDSSJ134006.59-021113.7,,,G,205.028,-2.18711,478.63,,0.103498551749,-20.23,0.9298999195971098,9727472237.76964
1470869,2377845,,,SDSSJ133940.29-013624.8,,,G,204.918,-1.60693,995.405,,0.201985240993,-20.75,0.929900499945187,15703628043.33558
1470870,2377846,,,SDSSJ133904.48-012809.1,,,G,204.769,-1.46921,831.7639999999999,,0.171934645967,-20.46,0.9299009442577056,12022644346.17418
1470871,2377847,,,SDSSJ133936.58-013407.8,,,G,204.902,-1.5689,1836.54,,0.34448081224,-19.96,0.9299012245999526,7585775750.291882
1470872,2377848,,,SDSSJ133901.33-012143.9,,,G,204.756,-1.36226,1247.38,,0.246577083289,-20.85,0.9299018609389652,17218685749.86016
1470873,2377849,,,SDSSJ134054.22-015038.5,,,G,205.226,-1.84407,1853.53,,0.34719380359700003,-19.94,0.9299021361643895,7447319739.059889
1470874,2377850,,,SDSSJ134100.69-015030.9,,,G,205.253,-1.8419,1870.68,,0.349926534963,-20.22,0.929902492359989,9638290236.239744
1470875,2377851,,,SDSSJ134058.27-015115.4,,,G,205.243,-1.85431,1845.02,,0.345835732918,-21.7,0.9299038845180608,37670379898.39093
1470876,2377852,,,SDSSJ134103.69-015229.0,,,G,205.265,-1.87481,442.588,,0.0961909680955,-19.12,0.9299040138448664,3499451670.2835765
1470877,2377853,,,SDSSJ134033.35-021319.2,,,G,205.139,-2.22197,862.9789999999998,,0.17773967887000006,-20.51,0.9299044790971888,12589254117.941713
1470878,2377854,,,SDSSJ134046.17-011933.8,,,G,205.192,-1.3261,398.107,,0.08707801353900001,-19.36,0.9299046404173138,4365158322.401666
1470879,2377855,,,SDSSJ134131.07-014518.1,,,G,205.38,-1.75499,1976.97,,0.366742503371,-20.8,0.9299052481163532,16443717232.149357
1470880,2377856,,,SDSSJ134227.81-014301.4,,,G,205.616,-1.71702,557.186,,0.119201729601,-20.07,0.9299055583497512,8394599865.193998
1470881,2377857,,,SDSSJ134228.50-015235.9,,,G,205.61900000000003,-1.87665,903.649,,0.185250332625,-20.74,0.9299061333771652,15559656316.05075
1470882,2377858,,,SDSSJ134147.32-015631.9,,,G,205.447,-1.94223,1445.44,,0.280389620195,-20.58,0.9299066296134876,13427649611.378641
1470883,2377859,,,SDSSJ134302.93-012438.2,,,G,205.762,-1.41059,1845.02,,0.345835732918,-21.14,0.9299074607809812,22490546058.357918
1470884,2377860,,,SDSSJ134237.07-013125.5,,,G,205.655,-1.52376,2218.2,,0.404178802089,-20.85,0.9299080971199938,17218685749.86016
1470885,2377861,,,SDSSJ134245.23-011649.1,,,G,205.689,-1.28035,1253.14,,0.247574793787,-21.19,0.9299089674592044,23550492838.96009
1470886,2377862,,,SDSSJ134239.94-020548.5,,,G,205.667,-2.09682,805.378,,0.1669992235,-20.47,0.929909415882896,12133888504.649809
1470887,2377863,,,SDSSJ134245.54-020941.0,,,G,205.69,-2.16145,1949.84,,0.362469841235,-20.5,0.9299098768697598,12473835142.429485
1470888,2377864,,,SDSSJ134441.87-020826.9,,,G,206.175,-2.14079,1737.8,,0.328603544302,-21.15,0.9299107157279513,22698648518.838303
1470889,2377865,,,SDSSJ134958.88-032120.7,,,G,207.495,-3.35574,2060.63,,0.379836429918,-20.57,0.9299112074147521,13304544179.780985
1470890,2377866,,,SDSSJ134959.97-032215.0,,,G,207.5,-3.37088,2051.16,,0.3783603391800001,-20.43,0.9299116396185212,11694993910.198748
1470891,2377867,,,SDSSJ135033.09-024755.7,,,G,207.638,-2.79878,2098.94,,0.385792452896,-20.68,0.9299121837308288,14723125024.327225
1470892,2377868,,,SDSSJ135037.53-024834.9,,,G,207.656,-2.80973,2098.94,,0.385792452896,-20.54,0.9299126620177992,12941958414.499916
1470893,2377869,,,SDSSJ135043.07-021536.9,,,G,207.679,-2.26026,916.22,,0.18756012378,-20.55,0.9299131447303044,13061708881.318405
1470894,2377870,,,SDSSJ135124.03-022030.7,,,G,207.85,-2.34185,338.844,,0.07476738738369999,-19.0,0.9299132605249693,3133285724.315589
1470895,2377871,,,SDSSJ134741.64-031112.4,,,G,206.923,-3.18675,2500.35,,0.446809663405,-20.8,0.9299138682240085,16443717232.149357
1470896,2377872,,,SDSSJ134743.99-030550.9,,,G,206.933,-3.09749,2004.47,,0.37106010553,-20.44,0.9299143044269096,11803206356.517323
1470897,2377873,,,SDSSJ134902.22-032211.1,,,G,207.259,-3.3697699999999995,2570.4,,0.457218318609,-20.54,0.92991478271388,12941958414.499916
1470898,2377874,,,SDSSJ134752.08-030739.4,,,G,206.967,-3.12764,1986.09,,0.368175964088,-20.47,0.9299152311375718,12133888504.649809
1470899,2377875,,,SDSSJ135022.74-025157.5,,,G,207.595,-2.86599,642.688,,0.135964147982,-21.13,0.9299160546848756,22284351492.702984
1470900,2377876,,,SDSSJ134919.64-022340.2,,,G,207.332,-2.39446,2098.94,,0.385792452896,-20.44,0.929916490887777,11803206356.517323
1470901,2377877,,,SDSSJ134723.35-025949.8,,,G,206.847,-2.99715,2387.81,,0.429945394973,-20.11,0.9299168127637429,8709635899.560833
1470902,2377878,,,SDSSJ134659.56-032630.2,,,G,206.748,-3.44174,1811.34,,0.340446920223,-20.8,0.9299174204627824,16443717232.149357
1470903,2377879,,,SDSSJ134816.43-024935.1,,,G,207.068,-2.8264,903.649,,0.185250332625,-20.39,0.929917837033319,11271974561.75514
1470904,2377880,,,SDSSJ134901.72-023942.6,,,G,207.257,-2.66181,2023.02,,0.373965036983,-20.64,0.9299183614645532,14190575216.890957
1470905,2377881,,,SDSSJ134600.10-032431.3,,,G,206.5,-3.4087,907.821,,0.186017673009,-21.39,0.9299194078424322,28313919957.993908
1470906,2377882,,,SDSSJ134544.68-032353.9,,,G,206.436,-3.39831,2594.18,,0.460736660368,-20.64,0.9299199322736664,14190575216.890957
1470907,2377883,,,SDSSJ134627.83-032103.7,,,G,206.616,-3.3510000000000004,1819.7,,0.341786510893,-20.88,0.9299205864405428,17701089583.174183
1470908,2377884,,,SDSSJ134700.80-025059.7,,,G,206.753,-2.84988,2312.06,,0.418491359246,-20.6,0.9299210919025874,13677288255.958578
1470909,2377885,,,SDSSJ134723.25-022520.4,,,G,206.847,-2.42236,1737.8,,0.328603544302,-20.56,0.9299215790815764,13182567385.564049
1470910,2377886,,,SDSSJ134633.24-022123.6,,,G,206.638,-2.35651,1056.82,,0.213031246516,-20.62,0.9299220939408621,13931568029.453035
1470911,2377887,,,SDSSJ134634.65-021920.3,,,G,206.644,-2.32229,2197.86,,0.40105925053,-20.84,0.9299227244458836,17060823890.03121
1470912,2377888,,,SDSSJ134626.28-024044.2,,,G,206.61,-2.67898,1659.59,,0.315887827944,-20.85,0.9299233607848962,17218685749.86016
1470913,2377889,,,SDSSJ134620.28-023301.4,,,G,206.584,-2.55042,2666.86,,0.471444355722,-20.86,0.9299240030118814,17378008287.49384
1470914,2377890,,,SDSSJ134613.21-021600.4,,,G,206.555,-2.26682,1644.37,,0.313398486699,-21.04,0.9299247610456446,20511621788.25571
1470915,2377891,,,SDSSJ134618.55-022644.8,,,G,206.577,-2.44577,1051.96,,0.212161426081,-20.83,0.9299253857701614,16904409316.4327
1470916,2377892,,,SDSSJ134604.70-022827.6,,,G,206.52,-2.4744200000000003,1180.32,,0.234892257446,-20.71,0.929925945126482,15135612484.362131
1470917,2377893,,,SDSSJ134556.88-023057.1,,,G,206.487,-2.51588,711.2139999999998,,0.149167694584,-20.25,0.9299263113013636,9908319448.927729
1470918,2377894,,,SDSSJ134510.96-030251.8,,,G,206.296,-3.04772,2013.72,,0.372509526255,-20.89,0.9299269715211712,17864875748.52061
1470919,2377895,,,SDSSJ134452.14-022904.0,,,G,206.217,-2.48451,805.378,,0.1669992235,-20.3,0.9299273549533432,10375284158.180126
1470920,2377896,,,SDSSJ134453.11-024923.7,,,G,206.221,-2.82323,2290.87,,0.415271847636,-20.86,0.9299279971803284,17378008287.49384
1470921,2377897,,,SDSSJ134458.52-024117.5,,,G,206.24400000000003,-2.68816,1196.74,,0.237764848882,-21.15,0.92992883603852,22698648518.838303
1470922,2377898,,,SDSSJ134416.97-025735.5,,,G,206.071,-2.95987,2004.47,,0.37106010553,-20.23,0.9299291955299568,9727472237.76964
1470923,2377899,,,SDSSJ134404.66-030630.0,,,G,206.019,-3.10832,1667.25,,0.317138798569,-21.52,0.92993037500444,31915378551.00758
1470924,2377900,,,SDSSJ134428.09-030000.8,,,G,206.117,-3.00026,2618.18,,0.4642802021399999,-20.43,0.9299308072082092,11694993910.198748
1470925,2377901,,,SDSSJ134347.15-030349.4,,,G,205.947,-3.06373,717.794,,0.150425175213,-20.2,0.9299311569025062,9462371613.657913
1470926,2377902,,,SDSSJ134428.88-031529.1,,,G,206.12,-3.25811,1828.1,,0.343131141566,-21.06,0.9299319290291692,20892961308.54041
1470927,2377903,,,SDSSJ134440.34-030308.5,,,G,206.168,-3.0524,2606.15,,0.462504861252,-20.6,0.9299324344912142,13677288255.958578
1470928,2377904,,,SDSSJ134330.77-025422.9,,,G,205.878,-2.90638,899.498,,0.184486562243,-20.56,0.9299329216702028,13182567385.564049
1470929,2377905,,,SDSSJ134243.78-024103.1,,,G,205.682,-2.68425,1828.1,,0.343131141566,-21.0,0.9299336522851448,19769696401.11866
1470930,2377906,,,SDSSJ134250.71-032945.8,,,G,205.711,-3.49606,420.727,,0.09172531586269997,-19.1,0.92993377925147,3435579478.998757
1470931,2377907,,,SDSSJ134210.86-032732.3,,,G,205.545,-3.45899,883.08,,0.18145920073,-20.96,0.929934483439356,19054607179.632526
1470932,2377908,,,SDSSJ134048.85-025241.7,,,G,205.203,-2.8783,2897.34,,0.504963102482,-20.8,0.9299350911383956,16443717232.149357
1470933,2377909,,,SDSSJ134124.13-025223.6,,,G,205.351,-2.87326,1288.25,,0.253637706819,-21.21,0.92993597765842,23988329190.195045
1470934,2377910,,,SDSSJ134134.96-012307.8,,,G,205.396,-1.38547,809.096,,0.167696213848,-20.4,0.9299363980834364,11376272858.234331
1470935,2377911,,,SDSSJ134234.13-012535.9,,,G,205.642,-1.4266299999999998,1253.14,,0.247574793787,-20.95,0.9299370958152892,18879913490.962925
1470936,2377912,,,SDSSJ134144.98-020745.8,,,G,205.437,-2.12944,1438.8,,0.279271999636,-20.84,0.9299377263203108,17060823890.03121
1470937,2377913,,,SDSSJ134147.66-015705.2,,,G,205.449,-1.95145,1445.44,,0.280389620195,-20.73,0.9299382960758418,15417004529.495615
1470938,2377914,,,SDSSJ134029.19-014028.1,,,G,205.122,-1.67443,797.995,,0.165613642807,-20.28,0.929938672509588,10185913880.541231
1470939,2377915,,,SDSSJ134101.34-015034.1,,,G,205.256,-1.84277,1819.7,,0.341786510893,-20.22,0.9299390287051876,9638290236.239744
1470940,2377916,,,SDSSJ134148.85-020859.5,,,G,205.454,-2.14982,866.962,,0.17847782923900002,-20.41,0.9299394530203487,11481536214.968842
1470941,2377917,,,SDSSJ134121.73-020135.9,,,G,205.341,-2.02666,1853.53,,0.34719380359700003,-21.04,0.929940211054112,20511621788.25571
1470942,2377918,,,SDSSJ134042.16-021508.7,,,G,205.176,-2.25247,1202.26,,0.238728959364,-21.22,0.9299411057770054,24210290467.3618
1470943,2377919,,,SDSSJ134415.87-011020.4,,,G,206.066,-1.17236,398.107,,0.08707801353900001,-19.44,0.9299412794325084,4698941086.05216
1470944,2377920,,,SDSSJ134425.83-013604.9,,,G,206.108,-1.60141,2630.27,,0.466062263031,-18.81,0.9299413766374959,2630267991.895381
1470945,2377921,,,SDSSJ134432.28-012400.2,,,G,206.135,-1.40005,866.962,,0.17847782923900002,-20.49,0.9299418333980066,12359474334.445068
1470946,2377922,,,SDSSJ134217.22-014057.8,,,G,205.572,-1.68277,2187.76,,0.399507559754,-20.58,0.9299423296343292,13427649611.378641
1470947,2377923,,,SDSSJ134449.27-012527.3,,,G,206.205,-1.42428,2013.72,,0.372509526255,-20.27,0.92994270261691,10092528860.766834
1470948,2377924,,,SDSSJ134513.91-013208.0,,,G,206.308,-1.53554,1845.02,,0.345835732918,-20.73,0.9299432723724409,15417004529.495615
1470949,2377925,,,SDSSJ134450.40-012951.1,,,G,206.21,-1.49756,524.807,,0.112765646383,-19.7,0.929943493014626,5970352865.838366
1470950,2377926,,,SDSSJ134458.15-020746.5,,,G,206.242,-2.1295900000000003,588.844,,0.12544671272299998,-19.82,0.9299437394417734,6668067692.136246
1470951,2377927,,,SDSSJ134504.47-021201.3,,,G,206.269,-2.20033,1056.82,,0.213031246516,-20.75,0.9299443197898506,15703628043.33558
1470952,2377928,,,SDSSJ134544.74-012102.8,,,G,206.436,-1.35077,401.791,,0.0878367439184,-19.54,0.929944510199323,5152286445.817583
1470953,2377929,,,SDSSJ134543.15-012155.4,,,G,206.43,-1.36544,2618.18,,0.4642802021399999,-20.56,0.929944997378312,13182567385.564049
1470954,2377930,,,SDSSJ134544.43-020747.3,,,G,206.435,-2.12986,2032.36,,0.3754253777130001,-20.37,0.9299454063455794,11066237839.776676
1470955,2377931,,,SDSSJ134633.24-020236.6,,,G,206.638,-2.04346,588.844,,0.12544671272299998,-19.77,0.929945641681678,6367955209.079162
1470956,2377932,,,SDSSJ134746.38-015457.6,,,G,206.943,-1.91604,977.237,,0.198694119347,-20.53,0.9299461155836872,12823305826.560284
1470957,2377933,,,SDSSJ134735.40-015437.0,,,G,206.898,-1.9103,1037.53,,0.209574644787,-20.68,0.9299466596959952,14723125024.327225
1470958,2377934,,,SDSSJ134739.62-020850.7,,,G,206.915,-2.14747,1629.3,,0.310928675464,-20.9,0.9299473260247416,18030177408.5957
1470959,2377935,,,SDSSJ134723.76-020254.2,,,G,206.849,-2.04842,1520.55,,0.292958546479,-20.99,0.9299480499413656,19588446735.05989
1470960,2377936,,,SDSSJ134659.76-021221.2,,,G,206.749,-2.2059,2333.46,,0.421735860868,-20.16,0.9299483869868784,9120108393.559114
1470961,2377937,,,SDSSJ134731.56-015633.2,,,G,206.881,-1.94258,1037.53,,0.209574644787,-20.81,0.9299490003088876,16595869074.375563
1470962,2377938,,,SDSSJ134826.30-014639.9,,,G,207.11,-1.7778,2108.63,,0.387295003648,-20.99,0.9299497242255116,19588446735.05989
1470963,2377939,,,SDSSJ134805.38-014557.5,,,G,207.023,-1.76594,335.73800000000006,,0.07411659705830001,-18.82,0.9299498223299258,2654605561.975548
1470964,2377940,,,SDSSJ134759.84-014802.7,,,G,206.999,-1.8007099999999998,580.764,,0.123857221929,-19.75,0.929950053370657,6251726927.756875
1470965,2377941,,,SDSSJ134805.58-020314.8,,,G,207.023,-2.05415,2023.02,,0.373965036983,-20.53,0.929950527272666,12823305826.560284
1470966,2377942,,,SDSSJ134829.28-013817.9,,,G,207.122,-1.63836,2108.63,,0.387295003648,-20.46,0.9299509715851848,12022644346.17418
1470967,2377943,,,SDSSJ134830.39-013529.4,,,G,207.127,-1.59151,1853.53,,0.34719380359700003,-20.68,0.9299515156974926,14723125024.327225
1470968,2377944,,,SDSSJ134850.84-015626.8,,,G,207.212,-1.94078,1659.59,,0.315887827944,-20.73,0.9299520854530234,15417004529.495615
1470969,2377945,,,SDSSJ134928.36-020928.8,,,G,207.368,-2.15797,1674.94,,0.318393549197,-20.19,0.9299524319413038,9375620069.258831
1470970,2377946,,,SDSSJ134953.14-011929.7,,,G,207.471,-1.32492,891.2510000000002,,0.182967001484,-20.15,0.9299527658967648,9036494737.223042
1470971,2377947,,,SDSSJ134949.00-013028.5,,,G,207.454,-1.50795,1621.81,,0.30969933485,-21.13,0.9299535894440688,22284351492.702984
1470972,2377948,,,SDSSJ134931.50-013430.4,,,G,207.381,-1.57512,1028.02,,0.207866293933,-20.83,0.9299542141685856,16904409316.4327
1470973,2377949,,,SDSSJ135042.44-014438.4,,,G,207.677,-1.74402,916.22,,0.18756012378,-20.49,0.9299546709290964,12359474334.445068
1470974,2377950,,,SDSSJ135038.31-015436.1,,,G,207.66,-1.91003,1570.36,,0.301222050611,-20.83,0.9299552956536132,16904409316.4327
1470998,2377974,,,SDSSJ135750.63-021232.6,,,G,209.461,-2.20899,332.66,,0.0734710567355,-18.76,0.9299668438550536,2511886431.509582
1470999,2377975,,,SDSSJ135818.78-014645.6,,,G,209.578,-1.7793,524.807,,0.112765646383,-20.13,0.9299671717151408,8871560120.37962
1471000,2377976,,,SDSSJ135742.85-014011.3,,,G,209.428,-1.66983,920.45,,0.188336074168,-20.33,0.9299675658896628,10665961212.302591
1471001,2377977,,,SDSSJ135701.34-015804.4,,,G,209.256,-1.9678400000000005,946.237,,0.193053306527,-20.43,0.929967998093432,11694993910.198748
1471002,2377978,,,SDSSJ135939.12-012134.4,,,G,209.913,-1.35955,2060.63,,0.379836429918,-20.48,0.9299684506663368,12246161992.650517
1471003,2377979,,,SDSSJ135945.28-013027.7,,,G,209.939,-1.50774,685.488,,0.144233952117,-20.27,0.929968823648918,10092528860.766834
1471005,2377981,,,SDSSJ135942.82-012620.9,,,G,209.928,-1.4392,2128.14,,0.390315645158,-21.09,0.9299701045867006,21478304741.30537
1471006,2377982,,,SDSSJ135945.75-014648.1,,,G,209.941,-1.78004,691.831,,0.145453002727,-20.76,0.9299706903046724,15848931924.611176
1471007,2377983,,,SDSSJ135901.74-014819.2,,,G,209.757,-1.80538,682.3389999999998,,0.143628101814,-20.32,0.9299710808653808,10568175092.136606
1471008,2377984,,,SDSSJ135846.53-015100.4,,,G,209.694,-1.85008,334.195,,0.0737929868965,-19.51,0.9299712660856664,5011872336.272736
1477932,2384948,,,SDSSJ132754.13-032213.1,,,G,201.976,-3.3703300000000005,870.9639999999998,,0.17921891960900002,-20.46,0.9327710841270508,12022644346.17418
1477933,2384949,,,SDSSJ133507.25-012145.0,,,G,203.78,-1.36253,679.204,,0.143024771512,-20.72,0.9327716486590318,15275660582.380762
1477934,2384950,,,SDSSJ134228.92-012839.7,,,G,205.621,-1.47765,847.227,,0.17481479740699998,-20.65,0.9327721779427688,14321878992.735456
1477935,2384951,,,SDSSJ135937.97-010923.1,,,G,209.908,-1.15644,685.488,,0.144233952117,-20.74,0.9327727529701828,15559656316.05075
1478015,2385043,,,SDSSJ134607.13-001659.3,,,G,206.53,-0.28308,1051.96,,0.212161426081,-19.71,0.9328080445787472,6025595860.743593
1478071,2385102,,,SDSSJ132401.84-025837.8,,,G,201.008,-2.97713,1191.24,,0.236803468402,-19.91,0.9328251521927884,7244359600.74989
1478072,2385103,,,SDSSJ132335.38-022303.9,,,G,200.897,-2.38445,363.078,,0.0798254499127,-18.89,0.9328252568305764,2831391995.799391
1478405,2385452,,,SDSSJ132535.82-021354.4,,,G,201.399,-2.23184,341.9790000000001,,0.0754236377118,-19.28,0.9329337083486304,4055085354.48386
1478406,2385453,,,SDSSJ132935.99-013209.9,,,G,202.4,-1.53604,413.048,,0.0901507350754,-19.62,0.9329339133178038,5546257129.579103
1478407,2385454,,,SDSSJ133115.20-013125.0,,,G,202.813,-1.5236,368.129,,0.08087545043769999,-19.42,0.9329340838037364,4613175745.603809
1478408,2385455,,,SDSSJ133106.03-014047.2,,,G,202.775,-1.67976,378.443,,0.0830151415076,-18.54,0.9329341596071128,2051162178.8255708
1478409,2385456,,,SDSSJ133156.23-015017.4,,,G,202.984,-1.8382,492.04,,0.1062006231,-18.44,0.9329342287406136,1870682140.3658016
1478410,2385457,,,SDSSJ133209.46-015450.0,,,G,203.039,-1.91392,403.645,,0.0882183141092,-19.56,0.9329344226900628,5248074602.497712
1478411,2385458,,,SDSSJ133726.78-025328.0,,,G,204.362,-2.89113,469.894,,0.101733500867,-20.13,0.9329347505501496,8871560120.37962
1478412,2385459,,,SDSSJ133521.28-022341.9,,,G,203.83900000000003,-2.3949700000000003,824.138,,0.170510845255,-20.29,0.9329351304669944,10280162981.264746
1478413,2385460,,,SDSSJ133210.79-014324.8,,,G,203.045,-1.7236,1853.53,,0.34719380359700003,-20.49,0.932935587227505,12359474334.445068
1478414,2385461,,,SDSSJ133403.66-013307.1,,,G,203.515,-1.55197,721.107,,0.151057695529,-20.21,0.9329359401574836,9549925860.214407
1478415,2385462,,,SDSSJ134426.37-022420.2,,,G,206.11,-2.40563,389.045,,0.08520817260410002,-19.15,0.9329360731075472,3597493351.557431
1478416,2385463,,,SDSSJ134027.63-030653.5,,,G,205.115,-3.11488,874.9839999999998,,0.179962949981,-19.7,0.9329362937497324,5970352865.838366
1478417,2385464,,,SDSSJ134006.63-032535.3,,,G,205.028,-3.42648,625.173,,0.132557106279,-19.98,0.9329365793039308,7726805850.957022
1478418,2385465,,,SDSSJ134106.99-020057.9,,,G,205.279,-2.01616,1445.44,,0.280389620195,-19.74,0.9329368082264676,6194410750.767812
1478419,2385466,,,SDSSJ134643.61-032238.2,,,G,206.682,-3.37725,2041.74,,0.376890548445,-20.58,0.9329373044627902,13427649611.378641
1478420,2385467,,,SDSSJ134238.97-012753.3,,,G,205.662,-1.46484,855.067,,0.176271568136,-19.09,0.9329374302650812,3404081897.010009
1478421,2385468,,,SDSSJ134142.03-013438.4,,,G,205.425,-1.57733,594.2919999999998,,0.12651687325799998,-20.12,0.9329377551193287,8790225168.308859
1478422,2385469,,,SDSSJ134458.30-012941.1,,,G,206.243,-1.4947700000000002,341.9790000000001,,0.0754236377118,-19.21,0.9329378956232841,3801893963.205628
1478423,2385470,,,SDSSJ135733.45-024512.8,,,G,209.389,-2.75356,522.396,,0.112284326142,-19.87,0.9329381536641852,6982324040.771733
1478426,2385473,,,SDSSJ134719.63-030946.3,,,G,206.832,-3.1629,335.73800000000006,,0.07411659705830001,-20.36,0.9329390292691396,10964781961.431871
1503219,2410363,,,SDSSJ134837.25-015634.0,,,G,207.155,-1.9428,912.011,,0.186787323394,-20.61,0.9441398900500064,13803842646.028866
1503228,2410372,,,SDSSJ134842.50-022328.1,,,G,207.177,-2.39113,2098.94,,0.385792452896,-20.46,0.9441434505000034,12022644346.17418
1503229,2410373,,,SDSSJ134843.01-015644.5,,,G,207.179,-1.94575,1636.82,,0.31216179608100003,-20.38,0.9441438632513984,11168632477.805613
1503281,2410426,,,SDSSJ134933.58-012739.9,,,G,207.39,-1.4611299999999998,1636.82,,0.31216179608100003,-20.78,0.9441656198331604,16143585568.264938
1503295,2410440,,,SDSSJ134944.14-012512.1,,,G,207.43400000000003,-1.42001,963.829,,0.196258328129,-20.43,0.94417150085178,11694993910.198748
1503301,2410446,,,SDSSJ134950.45-020710.4,,,G,207.46,-2.11959,1563.15,,0.300029460015,-21.24,0.9441754715474528,24660393372.34336
1503309,2410454,,,SDSSJ134958.18-031158.1,,,G,207.492,-3.19951,2023.02,,0.373965036983,-20.26,0.9441797879510592,10000000000.0
1503332,2410477,,,SDSSJ135036.44-032041.7,,,G,207.652,-3.3448800000000003,1164.13,,0.232052006026,-20.9,0.9441902745480478,18030177408.5957
1503353,2410498,,,SDSSJ135112.59-011041.3,,,G,207.802,-1.1781,2137.96,,0.3918335259170001,-20.81,0.9441985260356188,16595869074.375563
1503360,2410505,,,SDSSJ135119.76-013423.3,,,G,207.832,-1.57318,1682.67,,0.319653549827,-20.55,0.9442016409730536,13061708881.318405
1503362,2410507,,,SDSSJ135124.51-013150.7,,,G,207.852,-1.53075,2594.18,,0.460736660368,-21.11,0.9442031219831356,21877616239.49561
1503364,2410509,,,SDSSJ135125.00-021045.5,,,G,207.854,-2.17932,335.73800000000006,,0.07411659705830001,-18.75,0.94420371019843,2488857318.2823954
1503369,2410514,,,SDSSJ135132.53-025752.5,,,G,207.886,-2.96457,2098.94,,0.385792452896,-19.86,0.94420567478628,6918309709.18939
1503391,2410536,,,SDSSJ135214.04-021414.7,,,G,208.058,-2.2374400000000003,779.83,,0.162195681098,-20.31,0.9442145466189348,10471285480.508986
1503392,2410537,,,SDSSJ135214.65-031150.7,,,G,208.061,-3.1974400000000003,2041.74,,0.376890548445,-20.95,0.9442152443507876,18879913490.962925
1503407,2410552,,,SDSSJ135233.95-023322.3,,,G,208.141,-2.55619,341.9790000000001,,0.0754236377118,-19.22,0.9442223061989344,3837072454.9228
1503409,2410554,,,SDSSJ135234.06-012138.7,,,G,208.142,-1.36071,2108.63,,0.387295003648,-20.65,0.944223682102722,14321878992.735456
1503433,2410578,,,SDSSJ135300.05-013633.9,,,G,208.25,-1.60946,2535.13,,0.451985955993,-20.73,0.9442333719916968,15417004529.495615
1503434,2410579,,,SDSSJ135300.72-010947.0,,,G,208.253,-1.16309,1116.86,,0.223716051858,-21.11,0.9442341805075684,21877616239.49561
1503435,2410580,,,SDSSJ135302.79-011123.3,,,G,208.262,-1.18981,899.498,,0.184486562243,-20.18,0.9442345238192252,9289663867.7994
1503453,2410598,,,SDSSJ135316.74-012254.8,,,G,208.32,-1.3819,356.451,,0.07844553922280001,-18.13,0.9442413936514076,1406047524.1299126
1503456,2410601,,,SDSSJ135318.12-031022.9,,,G,208.326,-3.17302,1158.78,,0.231111835556,-19.57,0.9442421233402406,5296634438.916602
1503489,2410634,,,SDSSJ135350.45-015746.0,,,G,208.46,-1.96274,1202.26,,0.238728959364,-21.01,0.9442549035014438,19952623149.688828
1503510,2410655,,,SDSSJ135417.01-020344.9,,,G,208.571,-2.06245,1230.27,,0.243607681804,-20.97,0.9442644634308592,19230917289.101616
1503511,2410656,,,SDSSJ135417.20-022158.9,,,G,208.572,-2.36633,3019.95,,0.5225394812699999,-21.47,0.9442655898202462,30478949896.27996
1503515,2410660,,,SDSSJ135420.89-032041.2,,,G,208.587,-3.3448300000000004,2910.72,,0.5068894334449999,-20.79,0.9442683393781603,16292960326.397282
1503516,2410661,,,SDSSJ135421.50-025831.8,,,G,208.59,-2.97546,1000.0,,0.202815791408,-20.57,0.9442688310649612,13304544179.780985
1503523,2410668,,,SDSSJ135439.26-030332.1,,,G,208.664,-3.0589,1241.65,,0.245583572792,-20.63,0.9442709154370824,14060475241.29913
1503538,2410683,,,SDSSJ135503.34-030740.4,,,G,208.764,-3.12786,2070.14,,0.381317350659,-20.81,0.944277171356814,16595869074.375563
1503542,2410687,,,SDSSJ135505.66-015417.6,,,G,208.774,-1.90494,1380.38,,0.269392754696,-21.39,0.9442795343906264,28313919957.993908
1503559,2410704,,,SDSSJ135539.32-021706.6,,,G,208.914,-2.28519,2409.91,,0.433271376636,-20.47,0.9442886117086062,12133888504.649809
1503576,2410721,,,SDSSJ135603.36-025536.0,,,G,209.014,-2.92667,937.562,,0.191468855734,-20.63,0.9442975851790452,14060475241.29913
1503578,2410723,,,SDSSJ135604.17-020746.8,,,G,209.017,-2.12969,337.287,,0.07444125722060001,-19.19,0.9442979695456616,3732501577.957214
1503582,2410727,,,SDSSJ135610.00-023902.9,,,G,209.042,-2.6508,2041.74,,0.376890548445,-20.93,0.944299942922488,18535316234.148144
1503584,2410729,,,SDSSJ135612.70-024512.4,,,G,209.053,-2.75348,2322.74,,0.420111300056,-20.93,0.9443008547430618,18535316234.148144
1503585,2410730,,,SDSSJ135613.03-024313.5,,,G,209.054,-2.72044,422.669,,0.0921230560615,-19.21,0.9443009952470168,3801893963.205628
1503597,2410742,,,SDSSJ135630.74-024041.0,,,G,209.128,-2.67807,599.7909999999998,,0.12759564379799998,-19.87,0.9443069640464332,6982324040.771733
1503611,2410756,,,SDSSJ135649.89-012734.5,,,G,209.208,-1.45958,941.89,,0.19225971613,-20.68,0.9443134665024634,14723125024.327225
1503613,2410758,,,SDSSJ135652.27-023437.4,,,G,209.218,-2.57705,995.405,,0.201985240993,-20.68,0.9443148417822648,14723125024.327225
1503614,2410759,,,SDSSJ135652.31-030412.5,,,G,209.218,-3.07012,2118.36,,0.388802174401,-19.99,0.9443151299786636,7798301105.232576
1503621,2410766,,,SDSSJ135657.80-013333.7,,,G,209.241,-1.5594,2432.2,,0.436618778309,-21.0,0.9443184714385734,19769696401.11866
1503622,2410767,,,SDSSJ135658.82-012543.9,,,G,209.245,-1.42887,2443.43,,0.438302559151,-20.19,0.944318817926854,9375620069.258831
1503627,2410772,,,SDSSJ135702.84-024850.9,,,G,209.262,-2.81414,3118.89,,0.536601508301,-19.92,0.9443236195028754,7311390834.834217
1503630,2410775,,,SDSSJ135705.49-030344.5,,,G,209.273,-3.06239,2582.26,,0.4589739194870001,-20.85,0.944324979578568,17218685749.86016
1503631,2410776,,,SDSSJ135705.68-032344.5,,,G,209.274,-3.3957300000000004,2177.71,,0.397962168981,-20.93,0.9443256645753794,18535316234.148144
1503633,2410778,,,SDSSJ135706.91-013232.1,,,G,209.279,-1.54223,672.977,,0.141824620912,-20.56,0.9443267111106888,13182567385.564049
1503637,2410782,,,SDSSJ135712.95-014600.5,,,G,209.304,-1.7668099999999998,3019.95,,0.5225394812699999,-21.9,0.9443296437539944,45289757990.36214
1503638,2410783,,,SDSSJ135713.18-013251.6,,,G,209.305,-1.54767,924.698,,0.189114754557,-20.56,0.9443301309329832,13182567385.564049
1503643,2410788,,,SDSSJ135716.24-022810.7,,,G,209.318,-2.4696,1191.24,,0.236803468402,-21.12,0.944332612699977,22080047330.18906
1503647,2410792,,,SDSSJ135718.68-032158.9,,,G,209.328,-3.36641,959.401,,0.195452557726,-20.6,0.9443341183929632,13677288255.958578
1503663,2410809,,,SDSSJ135733.99-030201.6,,,G,209.392,-3.0338,1253.14,,0.247574793787,-21.06,0.9443428817489412,20892961308.54041
1503667,2410813,,,SDSSJ135735.30-032415.7,,,G,209.397,-3.40437,959.401,,0.195452557726,-20.83,0.9443442388857524,16904409316.4327
1503674,2410820,,,SDSSJ135742.56-031758.8,,,G,209.427,-3.29965,1009.25,,0.204485922243,-20.58,0.944348256722968,13427649611.378641
1503687,2410833,,,SDSSJ135754.19-024546.8,,,G,209.476,-2.76303,2147.83,,0.3933577066790001,-20.5,0.9443524752245482,12473835142.429485
1503712,2410858,,,SDSSJ135819.02-014112.9,,,G,209.579,-1.68694,1174.9,,0.233942216971,-21.0,0.9443641782559556,19769696401.11866
1503722,2410868,,,SDSSJ135830.98-025130.3,,,G,209.629,-2.85847,476.431,,0.103054611527,-19.47,0.9443690290613912,4830588020.397738
1503723,2410869,,,SDSSJ135832.43-012010.1,,,G,209.635,-1.33611,608.135,,0.129229864615,-19.97,0.9443693119976132,7655966069.112569
1503730,2410876,,,SDSSJ135840.90-025336.9,,,G,209.67,-2.89354,610.942,,0.129778804889,-20.14,0.9443722188319986,8953647655.495974
1503741,2410888,,,SDSSJ135858.13-020434.3,,,G,209.742,-2.07625,990.832,,0.201157840579,-20.38,0.9443774973853528,11168632477.805613
1516381,2424002,,,SDSSJ135215.86-024632.5,,,G,208.066,-2.77576,363.078,,0.0798254499127,-19.08,0.9497910130888916,3372873086.588692
1516386,2424007,,,SDSSJ135748.31-023445.5,,,G,209.451,-2.5792900000000003,688.6519999999998,,0.144842322421,-20.12,0.9497928890239494,8790225168.308859
1539754,2447509,,,SDSSJ134848.99-003231.0,,,G,207.204,-0.54191,2844.46,,0.497329388665,-19.59,0.9639531326057666,5395106225.151268
1552358,2460877,,,SDSSJ132953.33-013615.5,,,G,202.472,-1.60439,642.688,,0.135964147982,-20.39,0.9687312558791832,11271974561.75514
1552369,2460888,,,SDSSJ134102.78-015246.1,,,G,205.262,-1.87955,1870.68,,0.349926534963,-19.83,0.9687380550781912,6729766562.843196
1559051,2467573,,,SDSSJ133548.06-030402.6,,,G,203.95,-3.06744,512.861,,0.110378365189,-20.04,0.9718713699206604,8165823713.585939
1559066,2467588,,,SDSSJ133711.43-031128.0,,,G,204.298,-3.19106,564.937,,0.12073494036699997,-20.24,0.9718784579762952,9817479430.199823
1559090,2467612,,,SDSSJ134037.58-014847.6,,,G,205.157,-1.81316,2792.54,,0.489801934901,-21.48,0.97188916176356,30760968147.40705
1559098,2467620,,,SDSSJ134144.77-000834.6,,,G,205.437,-0.14289000000000002,2004.47,,0.37106010553,-20.25,0.9718933613775256,9908319448.927729
1559104,2467626,,,SDSSJ134223.52-010402.9,,,G,205.598,-1.0675,839.46,,0.173369156685,-20.54,0.9718958338181212,12941958414.499916
1559121,2467643,,,SDSSJ134352.06-011905.3,,,G,205.967,-1.31814,588.844,,0.12544671272299998,-20.05,0.9719023458126576,8241381150.13003
1559136,2467658,,,SDSSJ134507.93-001900.8,,,G,206.283,-0.31691,2197.86,,0.40105925053,-22.27,0.9719096082948248,63679552090.791626
1559160,2467682,,,SDSSJ134602.61-021826.4,,,G,206.511,-2.30731,405.509,,0.0886017743009,-19.64,0.9719202232424992,5649369748.123057
1559163,2467685,,,SDSSJ134607.76-025423.1,,,G,206.532,-2.9064,995.405,,0.201985240993,-20.89,0.9719214882744948,17864875748.52061
1559190,2467712,,,SDSSJ134805.22-012154.9,,,G,207.022,-1.3652799999999998,654.636,,0.13828065914,-20.67,0.9719311375402616,14588142602.753534
1559228,2467750,,,SDSSJ135006.09-021432.9,,,G,207.525,-2.2425200000000003,751.623,,0.156862728431,-20.55,0.9719457639379608,13061708881.318405
1559346,2467868,,,SDSSJ135716.38-030137.1,,,G,209.318,-3.02703,401.791,,0.0878367439184,-19.44,0.971997758929548,4698941086.05216
1559348,2467870,,,SDSSJ135722.38-025000.9,,,G,209.343,-2.83364,2128.14,,0.390315645158,-20.33,0.971998474980036,10665961212.302591
1559352,2467874,,,SDSSJ135739.56-022424.0,,,G,209.415,-2.40662,522.396,,0.112284326142,-19.9,0.971999791737396,7177942912.713644
1559372,2467894,,,SDSSJ135917.94-011925.6,,,G,209.825,-1.32385,711.2139999999998,,0.149167694584,-20.57,0.9720099800371776,13304544179.780985
1563349,2471871,,,SDSSJ135901.41-010952.5,,,G,209.756,-1.1646299999999998,895.365,,0.183725311863,-18.75,0.973743522197572,2488857318.2823954
1565598,2474120,,,SDSSJ132419.18-032117.0,,,G,201.08,-3.3547300000000004,1224.62,,0.242625301313,-19.78,0.9747607380604706,6426877173.17022
1565620,2474142,,,SDSSJ132926.30-000032.5,,,G,202.36,-0.00911,2654.61,,0.469644444822,-20.77,0.9747709136292656,15995580286.146713
1565642,2474164,,,SDSSJ133337.76-030128.6,,,G,203.407,-3.02467,1836.54,,0.34448081224,-19.87,0.9747809352572919,6982324040.771733
1565655,2474177,,,SDSSJ133647.29-010307.0,,,G,204.197,-1.05197,1914.26,,0.356846248423,-19.44,0.9747856598555664,4698941086.05216
1565656,2474178,,,SDSSJ133710.49-010900.8,,,G,204.294,-1.15017,2187.76,,0.399507559754,-20.81,0.9747862731775756,16595869074.375563
1565659,2474181,,,SDSSJ133716.69-023837.4,,,G,204.32,-2.64374,1169.5,,0.232994906497,-19.04,0.9747874550635318,3250872973.8543468
1565662,2474184,,,SDSSJ133735.01-012815.6,,,G,204.396,-1.47104,1667.25,,0.317138798569,-21.59,0.9747892304756236,34040818970.100086
1565663,2474185,,,SDSSJ133747.59-024247.7,,,G,204.448,-2.71323,2691.53,,0.475063287532,-20.24,0.974789593293394,9817479430.199823
1565664,2474186,,,SDSSJ133753.00-020906.7,,,G,204.471,-2.15183,1905.46,,0.355451847726,-19.6,0.9747897945214584,5445026528.424242
1565678,2474200,,,SDSSJ134014.87-023200.8,,,G,205.062,-2.53363,2910.72,,0.5068894334449999,-20.59,0.9747963035733109,13551894123.510351
1565681,2474203,,,SDSSJ134058.93-015458.4,,,G,205.246,-1.91628,1811.34,,0.340446920223,-20.1,0.9748003420859014,8629785477.669737
1565682,2474204,,,SDSSJ134112.40-000948.6,,,G,205.302,-0.16344,2365.92,,0.426644193322,-20.63,0.9748008617091214,14060475241.29913
1565683,2474205,,,SDSSJ134114.89-020543.3,,,G,205.312,-2.09536,1845.02,,0.345835732918,-20.41,0.9748012860242826,11481536214.968842
1565690,2474212,,,SDSSJ134211.49-025026.4,,,G,205.548,-2.84068,2228.44,,0.405746872873,-20.85,0.9748040533411232,17218685749.86016
1565700,2474222,,,SDSSJ134356.07-030121.6,,,G,205.984,-3.02261,1828.1,,0.343131141566,-20.49,0.9748085336018572,12359474334.445068
1565718,2474240,,,SDSSJ134708.64-020120.4,,,G,206.786,-2.02223,2703.96,,0.476883988442,-20.37,0.9748141860423272,11066237839.776676
1565743,2474265,,,SDSSJ135409.37-010031.4,,,G,208.539,-1.00859,701.455,,0.14729932365,-17.73,0.9748280294433468,972747223.7769641
1565758,2474280,,,SDSSJ135713.74-003011.6,,,G,209.307,-0.5032,1393.16,,0.271561215781,-19.41,0.9748528837563452,4570881896.148752
1565763,2474285,,,SDSSJ135739.65-024454.8,,,G,209.415,-2.7485,3357.38,,0.570078045039,-19.47,0.9748548426413788,4830588020.397738
1565768,2474290,,,SDSSJ135839.72-011134.2,,,G,209.665,-1.19287,608.135,,0.129229864615,-20.09,0.9748571452355516,8550667128.846841
1565769,2474291,,,SDSSJ135910.46-012055.3,,,G,209.794,-1.34871,2301.44,,0.416878558439,-20.37,0.9748575542028192,11066237839.776676
1565771,2474293,,,SDSSJ135916.41-015611.9,,,G,209.818,-1.93668,2290.87,,0.415271847636,-20.4,0.974858368802358,11376272858.234331
1565779,2474301,,,SDSSJ140000.11-024323.9,,,G,210.0,-2.72327,2167.7,,0.396421188211,-20.26,0.974862148099156,10000000000.0
1568032,2476556,,,SDSSJ132349.02-033443.0,,,G,200.954,-3.57858,2454.71,,0.439992009996,-19.99,0.9758070108432564,7798301105.232576
1568033,2476557,,,SDSSJ133106.84-014210.2,,,G,202.779,-1.7027900000000002,1737.8,,0.328603544302,-19.16,0.9758071450234921,3630780547.7010174
1568036,2476560,,,SDSSJ133531.05-013030.5,,,G,203.879,-1.5084799999999998,2857.59,,0.499227789614,-19.97,0.9758092984795692,7655966069.112569
1568043,2476568,,,SDSSJ134315.09-025213.7,,,G,205.813,-2.87046,862.9789999999998,,0.17773967887000006,-21.7,0.9758128020641564,37670379898.39093
1568809,2477335,,,SDSSJ133439.14-000807.1,,,G,203.663,-0.13527999999999998,3564.51,,0.598703999352,-21.34,0.9761745956764286,27039583641.088463
1568810,2477336,,,SDSSJ133513.67-021121.7,,,G,203.807,-2.18941,835.6030000000002,,0.172650326325,-19.86,0.9761748513515964,6918309709.18939
1570620,2479147,,,SDSSJ133104.43-021041.2,,,G,202.769,-2.17811,751.623,,0.156862728431,-20.37,0.9771045871960964,11066237839.776676
1570626,2479153,,,SDSSJ133351.62-022237.1,,,G,203.465,-2.37705,2937.65,,0.51076036538,-19.83,0.9771073491987918,6729766562.843196
1570632,2479159,,,SDSSJ133709.74-020010.2,,,G,204.291,-2.0028900000000003,2409.91,,0.433271376636,-20.67,0.9771091142403068,14588142602.753534
1570638,2479165,,,SDSSJ133913.21-031307.3,,,G,204.805,-3.21865,2466.04,,0.441687130844,-20.05,0.9771122015946678,8241381150.13003
1570641,2479168,,,SDSSJ134138.52-024427.9,,,G,205.411,-2.7410400000000004,2238.72,,0.40731956366,-20.39,0.9771131896424814,11271974561.75514
1570645,2479172,,,SDSSJ134259.46-030325.3,,,G,205.748,-3.0569900000000003,2642.41,,0.467849783925,-20.7,0.9771148531489898,14996848355.02374
1570650,2479177,,,SDSSJ134431.70-022003.7,,,G,206.132,-2.33446,1499.68,,0.28947947474,-19.43,0.977117337801784,4655860935.229601
1570660,2479187,,,SDSSJ134842.50-015713.6,,,G,207.177,-1.95388,2108.63,,0.387295003648,-19.71,0.9771213847435268,6025595860.743593
1570661,2479188,,,SDSSJ134929.43-020625.6,,,G,207.373,-2.1070900000000004,2051.16,,0.3783603391800001,-19.62,0.9771215897127,5546257129.579103
1570666,2479193,,,SDSSJ135036.22-030359.7,,,G,207.651,-3.06653,2208.0,,0.402615141308,-21.01,0.9771233286303882,19952623149.688828
1570670,2479197,,,SDSSJ135236.13-001250.8,,,G,208.15,-0.2142,2884.03,,0.503044751522,-20.5,0.977125294512758,12473835142.429485
1570677,2479204,,,SDSSJ135554.76-020208.4,,,G,208.978,-2.0356400000000003,3162.28,,0.542735191368,-20.28,0.9771280370061668,10185913880.541231
1570689,2479216,,,SDSSJ135723.60-032132.1,,,G,209.348,-3.3589300000000004,2041.74,,0.376890548445,-20.73,0.977132757613896,15417004529.495615
1570696,2479223,,,SDSSJ135930.62-011638.7,,,G,209.878,-1.27741,1811.34,,0.340446920223,-20.13,0.9771350600978048,8871560120.37962
1572026,2480553,,,SDSSJ132436.62-024824.6,,,G,201.153,-2.80683,2500.35,,0.446809663405,-19.27,0.977837009509566,4017908108.4893923
1572028,2480555,,,SDSSJ134049.72-030741.1,,,G,205.207,-3.12806,2924.15,,0.508821014411,-20.55,0.97783768617152,13061708881.318405
1572030,2480557,,,SDSSJ134606.71-013247.0,,,G,206.528,-1.5464,3250.87,,0.5551982775990001,-19.41,0.9778379559473652,4570881896.148752
1572035,2480562,,,SDSSJ135131.88-013220.6,,,G,207.883,-1.53899,1659.59,,0.315887827944,-19.7,0.9778399499695128,5970352865.838366
1572376,2480924,,,SDSSJ132229.03-022705.4,,,G,200.621,-2.45158,1803.02,,0.339112369556,-19.58,0.9783396074329817,5345643593.969735
1572377,2480925,,,SDSSJ132341.11-012747.9,,,G,200.921,-1.4633200000000002,801.678,,0.166305173153,-18.87,0.9783397101609148,2779713267.759294
1572378,2480926,,,SDSSJ133036.57-015318.7,,,G,202.652,-1.88856,1870.68,,0.349926534963,-20.05,0.9783400147319152,8241381150.13003
1572384,2480932,,,SDSSJ135216.93-030930.2,,,G,208.071,-3.15834,2290.87,,0.415271847636,-19.49,0.9783419704435956,4920395356.814511
1572760,2481311,,,6dFJ1355090-034011,,,G,208.787,-3.66977,990.832,,0.201157840579,-20.79,0.9785947296782556,16292960326.397282
1572840,2481391,,,6dFJ1343502-020129,,,G,205.959,-2.02457,1142.88,,0.22831274415600006,-20.71,0.9800936311769612,15135612484.362131
1573662,2482217,,,6dFJ1343512-090928,,,G,205.96400000000003,-9.15769,874.9839999999998,,0.179962949981,-20.97,0.9805186672604114,19230917289.101616
1573973,2482529,,,6dFJ1342298-010344,,,G,205.624,-1.06221,660.693,,0.139452669726,-19.55,0.9848994021499536,5199959965.335173
1574012,2482568,,,6dFJ1338533-010441,,,G,204.722,-1.07796,990.832,,0.201157840579,-21.32,0.9850308455926436,26546055619.75547
1598202,2543479,,,SDSSJ133255.29-004745.3,,,G,203.23,-0.79587,1037.53,,0.209574644787,-20.56,0.9938680438265668,13182567385.564049
1599452,2544729,,,SDSSJ134907.22-000709.9,,,G,207.28,-0.11945,1282.33,,0.252617736309,-21.11,0.9943150356006998,21877616239.49561
1599619,2544896,,,SDSSJ135117.07-014732.1,,,G,207.821,-1.79223,1000.0,,0.202815791408,-20.72,0.9943737521127366,15275660582.380762
